Frequency_Hz,Y11_Real,Y11_Imag,Y12_Real,Y12_Imag,Y21_Real,Y21_Imag,Y22_Real,Y22_Imag
0.1,0.48227536964527,-0.00418212896943317,-0.233474728246187,-0.000115288687866308,0.0296896532948629,-0.000115378649513853,-0.60124573361954,4.15991155158085e-07
0.100693514841637,0.482275204512049,-0.00421115608928496,-0.233474795021483,-0.000116089005748223,0.0296896767638274,-0.000116180848899715,-0.601246752003804,4.69112816918471e-07
0.10139183931163,0.482275037028612,-0.00424038500402595,-0.23347486272827,-0.000116894890071884,0.0296897005561965,-0.000116988654033038,-0.601247784496476,5.23652246193357e-07
0.102095006765465,0.482274867160805,-0.00426981712322606,-0.233474931379571,-0.000117706379775877,0.0296897246763808,-0.000117802104671952,-0.601248831292083,5.79641150806609e-07
0.102803050789954,0.482274694873957,-0.00429945386643801,-0.233475000988592,-0.000118523514075722,0.0296897491288501,-0.000118621240868565,-0.601249892587808,6.37111913042582e-07
0.103516005204838,0.482274520132874,-0.00432929666327071,-0.233475071568724,-0.000119346332465946,0.0296897739181334,-0.000119446102971367,-0.601250968583524,6.96097603558599e-07
0.104233904064403,0.482274342901832,-0.00435934695346327,-0.233475143133548,-0.00012017487472215,0.0296897990488204,-0.000120276731627673,-0.601252059481834,7.5663199583173e-07
0.104956781659108,0.482274163144562,-0.00438960618695976,-0.233475215696834,-0.000121009180903113,0.0296898245255618,-0.000121113167786087,-0.601253165488104,8.18749580820677e-07
0.105684672517218,0.48227398082425,-0.00442007582398421,-0.233475289272546,-0.000121849291352895,0.0296898503530703,-0.000121955452698985,-0.601254286810501,8.82485581873982e-07
0.106417611406461,0.482273795903521,-0.00445075733511663,-0.233475363874843,-0.000122695246702985,0.0296898765361212,-0.000122803627925029,-0.60125542366003,9.47875969981721e-07
0.10715563333568,0.482273608344433,-0.00448165220136935,-0.233475439518086,-0.000123547087874434,0.0296899030795533,-0.000123657735331704,-0.601256576250575,1.01495747934638e-06
0.107898773556513,0.482273418108467,-0.00451276191426411,-0.233475516216835,-0.000124404856080022,0.0296899299882699,-0.000124517817097886,-0.601257744798931,1.08376762338047e-06
0.108647067565072,0.48227322515652,-0.00454408797590975,-0.233475593985856,-0.000125268592826451,0.0296899572672392,-0.000125383915716426,-0.601258929524849,1.15434471077008e-06
0.109400551103639,0.482273029448892,-0.00457563189908051,-0.233475672840123,-0.000126138339916539,0.0296899849214953,-0.000126256073996772,-0.601260130651073,1.2267278621525e-06
0.110159260162376,0.482272830945278,-0.0046073952072951,-0.233475752794818,-0.000127014139451454,0.0296900129561393,-0.000127134335067611,-0.601261348403377,1.30095702689792e-06
0.11092323098104,0.482272629604758,-0.00463937943489618,-0.23347583386534,-0.000127896033832937,0.0296900413763395,-0.000128018742379542,-0.601262583010612,1.37707300047751e-06
0.111692500050717,0.482272425385788,-0.00467158612713062,-0.233475916067302,-0.000128784065765572,0.0296900701873331,-0.000128909339707771,-0.60126383470474,1.45511744192861e-06
0.112467104115564,0.482272218246186,-0.00470401684023057,-0.233475999416539,-0.000129678278259066,0.0296900993944262,-0.000129806171154843,-0.60126510372088,1.53513289190971e-06
0.113247080174565,0.482272008143128,-0.0047366731414949,-0.233476083929106,-0.000130578714630541,0.0296901290029954,-0.000130709281153395,-0.601266390297346,1.61716279094976e-06
0.114032465483296,0.482271795033131,-0.00476955660937148,-0.233476169621286,-0.000131485418506849,0.029690159018488,-0.00013161871446894,-0.601267694675694,1.70125149820399e-06
0.114823297555707,0.482271578872046,-0.00480266883354016,-0.233476256509591,-0.000132398433826917,0.0296901894464235,-0.000132534516202682,-0.601269017100761,1.78744431050815e-06
0.115619614165913,0.482271359615044,-0.00483601141499633,-0.233476344610764,-0.000133317804844095,0.029690220292394,-0.00013345673179436,-0.60127035782071,1.87578748183509e-06
0.116421453349997,0.482271137216611,-0.00486958596613531,-0.233476433941784,-0.000134243576128543,0.0296902515620655,-0.000134385407025122,-0.601271717087074,1.96632824318171e-06
0.117228853407829,0.482270911630527,-0.00490339411083725,-0.233476524519872,-0.000135175792569615,0.0296902832611785,-0.000135320588020422,-0.601273095154803,2.05911482285825e-06
0.118041852904894,0.482270682809864,-0.00493743748455291,-0.233476616362488,-0.000136114499378287,0.029690315395549,-0.000136262321252967,-0.601274492282302,2.15419646714538e-06
0.118860490674132,0.482270450706968,-0.00497171773439006,-0.233476709487338,-0.000137059742089593,0.0296903479710696,-0.000137210653545672,-0.601275908731485,2.25162346147167e-06
0.1196848058178,0.482270215273449,-0.00500623651920061,-0.233476803912381,-0.000138011566565082,0.0296903809937103,-0.000138165632074663,-0.601277344767817,2.35144715190344e-06
0.120514837709331,0.482269976460168,-0.00504099550966853,-0.233476899655824,-0.000138970018995301,0.0296904144695195,-0.000139127304372307,-0.60127880066036,2.45371996710625e-06
0.12135062599522,0.482269734217227,-0.0050759963883984,-0.233476996736136,-0.000139935145902297,0.0296904484046248,-0.000140095718330276,-0.601280276681823,2.55849544091025e-06
0.122192210596917,0.482269488493954,-0.00511124085000471,-0.233477095172041,-0.000140906994142139,0.0296904828052343,-0.000141070922202634,-0.601281773108611,2.66582823501421e-06
0.123039631712731,0.482269239238888,-0.00514673060120205,-0.23347719498253,-0.000141885610907465,0.0296905176776371,-0.000142052964608979,-0.601283290220866,2.77577416258473e-06
0.123892929819754,0.482268986399773,-0.00518246736089591,-0.233477296186862,-0.000142871043730052,0.0296905530282048,-0.000143041894537597,-0.601284828302527,2.88839021184845e-06
0.124752145675793,0.482268729923534,-0.00521845286027422,-0.233477398804565,-0.000143863340483401,0.0296905888633923,-0.000144037761348663,-0.601286387641371,3.00373457059327e-06
0.125617320321316,0.482268469756276,-0.00525468884289984,-0.233477502855447,-0.000144862549385355,0.0296906251897385,-0.000145040614777472,-0.601287968529069,3.1218666508917e-06
0.126488495081411,0.482268205843258,-0.00529117706480367,-0.23347760835959,-0.000145868719000732,0.0296906620138679,-0.00014605050493771,-0.601289571261235,3.24284711450407e-06
0.127365711567764,0.482267938128886,-0.0053279192945785,-0.233477715337363,-0.000146881898243985,0.0296906993424913,-0.000147067482324752,-0.601291196137475,3.36673789864961e-06
0.128249011680643,0.482267666556698,-0.0053649173134739,-0.233477823809421,-0.000147902136381874,0.0296907371824066,-0.00014809159781901,-0.601292843461443,3.49360224242978e-06
0.129138437610901,0.482267391069346,-0.00540217291549166,-0.23347793379671,-0.000148929483036198,0.0296907755405004,-0.000149122902689301,-0.601294513540895,3.62350471368178e-06
0.130034031841991,0.482267111608585,-0.00543968790748217,-0.233478045320475,-0.000149963988186489,0.0296908144237487,-0.000150161448596274,-0.601296206687738,3.75651123652593e-06
0.130935837151994,0.482266828115254,-0.00547746410924159,-0.233478158402256,-0.0001510057021728,0.0296908538392181,-0.000151207287595847,-0.601297923218085,3.89268911918372e-06
0.131843896615665,0.482266540529262,-0.00551550335360977,-0.233478273063901,-0.000152054675698453,0.0296908937940666,-0.000152260472142712,-0.601299663452315,4.03210708280893e-06
0.132758253606487,0.482266248789575,-0.00555380748656918,-0.233478389327564,-0.000153110959832866,0.0296909342955451,-0.000153321055093857,-0.601301427715122,4.17483529048523e-06
0.133678951798747,0.482265952834195,-0.00559237836734458,-0.233478507215715,-0.000154174606014361,0.0296909753509984,-0.000154389089712139,-0.601303216335575,4.32094537695937e-06
0.134606035169616,0.482265652600146,-0.00563121786850342,-0.233478626751138,-0.000155245666053034,0.0296910169678661,-0.000155464629669891,-0.601305029647174,4.4705104791376e-06
0.135539548001256,0.482265348023457,-0.00567032787605737,-0.233478747956942,-0.000156324192133616,0.0296910591536839,-0.000156547729052577,-0.601306867987907,4.623605266936e-06
0.136479534882933,0.482265039039146,-0.00570971028956446,-0.233478870856561,-0.000157410236818392,0.0296911019160847,-0.00015763844236248,-0.60130873170031,4.78030597488716e-06
0.137426040713143,0.482264725581199,-0.0057493670222323,-0.23347899547376,-0.000158503853050117,0.0296911452627995,-0.000158736824522437,-0.601310621131522,4.94069043447537e-06
0.138379110701763,0.482264407582559,-0.00578930000102203,-0.233479121832643,-0.000159605094154987,0.0296911892016592,-0.000159842930879614,-0.60131253663335,5.10483810692297e-06
0.139338790372205,0.482264084975099,-0.00582951116675333,-0.23347924995765,-0.000160714013845606,0.0296912337405949,-0.000160956817209329,-0.601314478562325,5.27283011679536e-06
0.140305125563594,0.482263757689611,-0.00587000247421007,-0.233479379873571,-0.000161830666224008,0.0296912788876398,-0.000162078539718911,-0.601316447279764,5.44474928622363e-06
0.141278162432955,0.482263425655784,-0.00591077589224726,-0.233479511605546,-0.000162955105784685,0.02969132465093,-0.000163208155051608,-0.601318443151834,5.6206801698766e-06
0.14225794745742,0.482263088802185,-0.0059518334038986,-0.233479645179069,-0.000164087387417659,0.0296913710387057,-0.000164345720290542,-0.601320466549611,5.80070909053654e-06
0.143244527436446,0.48226274705624,-0.00599317700648498,-0.233479780619996,-0.00016522756641156,0.0296914180593126,-0.000165491292962704,-0.601322517849147,5.98492417550056e-06
0.14423794949405,0.482262400344213,-0.00603480871172423,-0.23347991795455,-0.000166375698456767,0.0296914657212028,-0.000166644931042999,-0.601324597431532,6.17341539363436e-06
0.145238261081064,0.482262048591189,-0.00607673054584148,-0.233480057209324,-0.000167531839648536,0.0296915140329365,-0.000167806692958336,-0.601326705682955,6.36627459319611e-06
0.146245509977397,0.482261691721049,-0.00611894454968057,-0.23348019841129,-0.000168696046490185,0.0296915630031827,-0.000168976637591771,-0.601328842994779,6.56359554056934e-06
0.147259744294318,0.482261329656451,-0.00616145277881663,-0.233480341587798,-0.000169868375896306,0.0296916126407208,-0.000170154824286686,-0.601331009763597,6.76547395942612e-06
0.148281012476756,0.48226096231881,-0.00620425730366937,-0.23348048676659,-0.000171048885195988,0.0296916629544417,-0.000171341312851034,-0.601333206391304,6.97200757105582e-06
0.149309363305612,0.482260589628273,-0.00624736020961751,-0.2334806339758,-0.000172237632136087,0.0296917139533491,-0.000172536163561618,-0.601335433285167,7.18329613531854e-06
0.150344845900091,0.482260211503698,-0.00629076359711419,-0.233480783243959,-0.000173434674884527,0.0296917656465606,-0.00017373943716843,-0.601337690857887,7.39944149238947e-06
0.151387509720044,0.482259827862635,-0.00633446958180342,-0.233480934600004,-0.000174640072033614,0.0296918180433095,-0.000174951194899035,-0.601339979527674,7.62054760546776e-06
0.152437404568337,0.482259438621294,-0.00637848029463744,-0.233481088073285,-0.000175853882603399,0.0296918711529454,-0.000176171498463014,-0.601342299718316,7.8467206042418e-06
0.153494580593225,0.482259043694531,-0.00642279788199534,-0.233481243693564,-0.000177076166045064,0.029691924984936,-0.000177400410056455,-0.601344651859247,8.07806882929807e-06
0.154559088290748,0.482258642995816,-0.00646742450580238,-0.233481401491029,-0.000178306982244335,0.0296919795488681,-0.000178637992366492,-0.601347036385621,8.31470287728647e-06
0.155630978507143,0.482258236437217,-0.00651236234365081,-0.233481561496294,-0.000179546391524934,0.0296920348544493,-0.000179884308575915,-0.601349453738387,8.55673564728598e-06
0.156710302441275,0.482257823929365,-0.00655761358892135,-0.233481723740411,-0.000180794454652069,0.0296920909115088,-0.000181139422367812,-0.601351904364355,8.80428238767689e-06
0.15779711164708,0.482257405381436,-0.0066031804509059,-0.23348188825487,-0.000182051232835928,0.0296921477299992,-0.000182403397930288,-0.601354388716278,9.05746074433139e-06
0.158891458036027,0.48225698070112,-0.00664906515493147,-0.233482055071609,-0.00018331678773525,0.0296922053199976,-0.000183676299961227,-0.601356907252924,9.31639080958141e-06
0.159993393879601,0.4822565497946,-0.00669526994248503,-0.233482224223023,-0.000184591181460887,0.029692263691707,-0.000184958193673115,-0.60135946043915,9.58119517215084e-06
0.161102971811794,0.482256112566519,-0.00674179707133952,-0.233482395741963,-0.000185874476579418,0.0296923228554576,-0.000186249144797925,-0.601362048745981,9.85199896821193e-06
0.162220244831628,0.482255668919956,-0.00678864881568097,-0.233482569661751,-0.000187166736116806,0.0296923828217083,-0.000187549219592055,-0.601364672650686,1.0128929933316e-05
0.163345266305675,0.482255218756395,-0.00683582746623693,-0.23348274601618,-0.000188468023562072,0.0296924436010481,-0.000188858484841331,-0.601367332636859,1.04121184555106e-05
0.164478089970617,0.482254761975701,-0.00688333533040571,-0.233482924839526,-0.000189778402871015,0.0296925052041973,-0.000190177007866066,-0.601370029194494,1.07016976293034e-05
0.165618769935804,0.482254298476086,-0.00693117473238709,-0.233483106166553,-0.000191097938469952,0.0296925676420091,-0.000191504856526186,-0.601372762820069,1.09978033109512e-05
0.166767360685846,0.48225382815408,-0.00697934801331399,-0.233483290032518,-0.000192426695259517,0.0296926309254707,-0.000192842099226414,-0.601375534016624,1.13005741746927e-05
0.167923917083208,0.482253350904501,-0.00702785753138549,-0.233483476473183,-0.000193764738618477,0.029692695065705,-0.00019418880492152,-0.601378343293846,1.16101517701542e-05
0.169088494370839,0.482252866620425,-0.00707670566200092,-0.233483665524815,-0.000195112134407589,0.0296927600739721,-0.000195545043121632,-0.601381191168148,1.19266805807816e-05
0.170261148174801,0.482252375193154,-0.0071258947978952,-0.233483857224203,-0.000196468948973494,0.0296928259616703,-0.000196910883897619,-0.601384078162756,1.2250308083675e-05
0.171441934506935,0.482251876512181,-0.00717542734927536,-0.233484051608658,-0.000197835249152649,0.0296928927403379,-0.000198286397886534,-0.601387004807792,1.25811848103799e-05
0.172630909767531,0.482251370465159,-0.00722530574395836,-0.233484248716022,-0.000199211102275295,0.0296929604216544,-0.000199671656297126,-0.601389971640357,1.29194644090322e-05
0.173828130748022,0.482250856937869,-0.00727553242751021,-0.233484448584678,-0.000200596576169471,0.0296930290174421,-0.000201066730915423,-0.601392979204623,1.32653037075089e-05
0.1750336546337,0.482250335814181,-0.00732610986338607,-0.233484651253557,-0.000201991739165042,0.0296930985396677,-0.000202471694110377,-0.601396028051914,1.36188627782446e-05
0.176247539006444,0.482249806976023,-0.00737704053307193,-0.233484856762146,-0.000203396660097793,0.0296931690004432,-0.00020388661883959,-0.601399118740798,1.39803050039009e-05
0.177469841847474,0.482249270303343,-0.00742832693622744,-0.233485065150494,-0.000204811408313553,0.0296932404120279,-0.000205311578655102,-0.601402251837176,1.43497971445555e-05
0.178700621540116,0.482248725674074,-0.00747997159082994,-0.233485276459223,-0.000206236053672347,0.0296933127868298,-0.000206746647709251,-0.601405427914368,1.47275094061969e-05
0.179939936872594,0.482248172964095,-0.00753197703332013,-0.233485490729536,-0.000207670666552609,0.0296933861374067,-0.00020819190076062,-0.60140864755321,1.51136155105216e-05
0.181187847040838,0.482247612047194,-0.00758434581874846,-0.233485708003224,-0.000209115317855406,0.0296934604764681,-0.000209647413180036,-0.601411911342141,1.55082927661213e-05
0.182444411651309,0.48224704279503,-0.00763708052092366,-0.233485928322676,-0.000210570079008745,0.0296935358168764,-0.000211113260956667,-0.601415219877296,1.59117221411667e-05
0.183709690723849,0.482246465077091,-0.0076901837325618,-0.233486151730887,-0.000212035021971871,0.0296936121716486,-0.000212589520704179,-0.601418573762602,1.63240883373147e-05
0.184983744694544,0.482245878760654,-0.00774365806543728,-0.233486378271468,-0.000213510219239646,0.0296936895539575,-0.000214076269666977,-0.601421973609872,1.67455798652863e-05
0.186266634418617,0.482245283710747,-0.00779750615053505,-0.233486607988652,-0.000214995743846953,0.0296937679771336,-0.00021557358572653,-0.601425420038899,1.71763891218257e-05
0.187558421173328,0.482244679790104,-0.00785173063820403,-0.233486840927308,-0.000216491669373144,0.0296938474546662,-0.000217081547407765,-0.601428913677553,1.7616712468152e-05
0.188859166660905,0.482244066859121,-0.00790633419831214,-0.233487077132945,-0.000217998069946536,0.0296939280002049,-0.000218600233885549,-0.60143245516188,1.80667503099502e-05
0.190168933011491,0.482243444775815,-0.00796131952040281,-0.233487316651727,-0.000219515020248944,0.0296940096275616,-0.000220129724991255,-0.601436045136199,1.85267071790007e-05
0.191487782786108,0.482242813395778,-0.00801668931385248,-0.233487559530476,-0.000221042595520255,0.0296940923507113,-0.000221670101219402,-0.6014396842532,1.89967918163697e-05
0.192815778979652,0.48224217257213,-0.00807244630803023,-0.23348780581669,-0.000222580871563067,0.0296941761837942,-0.000223221443734395,-0.601443373174049,1.94772172571467e-05
0.194152985023894,0.482241522155475,-0.00812859325245819,-0.233488055558544,-0.000224129924747337,0.0296942611411167,-0.000224783834377333,-0.601447112568481,1.99682009170352e-05
0.195499464790516,0.482240861993851,-0.00818513291697391,-0.233488308804907,-0.000225689832015115,0.0296943472371532,-0.000226357355672918,-0.601450903114914,2.046996468031e-05
0.196855282594159,0.482240191932682,-0.00824206809189398,-0.233488565605348,-0.000227260670885291,0.0296944344865477,-0.000227942090836447,-0.601454745500539,2.09827349898287e-05
0.198220503195496,0.482239511814732,-0.00829940158817917,-0.233488826010148,-0.000228842519458408,0.0296945229041149,-0.000229538123780892,-0.601458640421434,2.15067429385832e-05
0.199595191804325,0.482238821480046,-0.0083571362376011,-0.233489090070312,-0.000230435456421504,0.029694612504842,-0.000231145539124073,-0.601462588582665,2.2042224363146e-05
0.200979414082682,0.482238120765908,-0.00841527489291058,-0.233489357837576,-0.000232039561053028,0.0296947033038902,-0.000232764422195925,-0.601466590698394,2.25894199388094e-05
0.202373236147981,0.482237409506782,-0.00847382042800729,-0.233489629364421,-0.000233654913227781,0.0296947953165959,-0.000234394859045854,-0.601470647491981,2.31485752765978e-05
0.203776724576168,0.48223668753426,-0.00853277573811109,-0.233489904704083,-0.000235281593421894,0.0296948885584725,-0.000236036936450194,-0.601474759696101,2.37199410223973e-05
0.205189946404906,0.482235954677006,-0.00859214373993486,-0.233490183910563,-0.000236919682717898,0.0296949830452118,-0.00023769074191975,-0.601478928052842,2.43037729575415e-05
0.206612969136771,0.482235210760702,-0.00865192737185918,-0.233490467038641,-0.00023856926280981,0.0296950787926853,-0.000239356363707452,-0.601483153313825,2.49003321018682e-05
0.208045860742482,0.48223445560799,-0.00871212959410823,-0.233490754143885,-0.000240230416008269,0.029695175816946,-0.000241033890816097,-0.601487436240309,2.55098848182256e-05
0.209488689664142,0.482233689038412,-0.00877275338892757,-0.233491045282664,-0.000241903225245731,0.0296952741342294,-0.000242723413006196,-0.601491777603304,2.61327029194847e-05
0.210941524818514,0.482232910868351,-0.00883380176076345,-0.233491340512158,-0.000243587774081717,0.0296953737609554,-0.000244425020803921,-0.601496178183685,2.67690637773543e-05
0.212404435600306,0.482232120910973,-0.00889527773644382,-0.233491639890374,-0.000245284146708109,0.0296954747137296,-0.000246138805509158,-0.601500638772303,2.74192504331888e-05
0.21387749188549,0.482231318976157,-0.00895718436536095,-0.233491943476155,-0.000246992427954488,0.0296955770093445,-0.000247864859203662,-0.601505160170105,2.80835517112651e-05
0.215360764034637,0.482230504870443,-0.00901952471965582,-0.233492251329192,-0.000248712703293543,0.0296956806647813,-0.000249603274759317,-0.601509743188242,2.87622623338854e-05
0.21685432289628,0.482229678396955,-0.00908230189440407,-0.233492563510041,-0.000250445058846509,0.0296957856972111,-0.000251354145846511,-0.601514388648195,2.94556830389286e-05
0.218358239810298,0.482228839355344,-0.00914551900780371,-0.23349288008013,-0.000252189581388691,0.0296958921239965,-0.000253117566942604,-0.601519097381882,3.01641206994357e-05
0.21987258661132,0.482227987541715,-0.00920917920136473,-0.233493201101777,-0.000253946358355002,0.0296959999626924,-0.000254893633340531,-0.601523870231787,3.08878884457825e-05
0.22139743563216,0.48222712274856,-0.00927328564009995,-0.233493526638198,-0.000255715477845587,0.0296961092310483,-0.000256682441157485,-0.601528708051072,3.16273057897193e-05
0.222932859707273,0.482226244764688,-0.00933784151271841,-0.233493856753528,-0.000257497028631481,0.029696219947009,-0.000258484087343752,-0.6015336117037,3.23826987513598e-05
0.224478932176229,0.482225353375151,-0.00940285003181963,-0.233494191512828,-0.000259291100160346,0.029696332128716,-0.000260298669691623,-0.601538582064555,3.31543999881057e-05
0.22603572688722,0.482224448361172,-0.00946831443409051,-0.2334945309821,-0.000261097782562226,0.0296964457945093,-0.000262126286844452,-0.601543620019569,3.39427489260274e-05
0.227603318200585,0.482223529500071,-0.00953423798050325,-0.233494875228304,-0.000262917166655401,0.0296965609629279,-0.000263967038305817,-0.601548726465838,3.47480918943821e-05
0.229181780992365,0.482222596565183,-0.00960062395651564,-0.233495224319371,-0.000264749343952268,0.029696677652712,-0.000265821024448801,-0.601553902311752,3.55707822616846e-05
0.230771190657875,0.482221649325787,-0.00966747567227306,-0.233495578324216,-0.000266594406665288,0.0296967958828038,-0.000267688346525406,-0.601559148477115,3.6411180575055e-05
0.23237162311531,0.482220687547022,-0.00973479646281205,-0.233495937312756,-0.000268452447712992,0.0296969156723484,-0.000269569106676079,-0.601564465893277,3.726965470216e-05
0.233983154809368,0.482219710989804,-0.00980258968826605,-0.23349630135592,-0.000270323560726037,0.029697037040696,-0.000271463407939364,-0.601569855503253,3.81465799755287e-05
0.235605862714901,0.482218719410747,-0.00987085873407288,-0.233496670525669,-0.000272207840053346,0.029697160007402,-0.000273371354261685,-0.601575318261857,3.90423393395456e-05
0.237239824340596,0.482217712562073,-0.00993960701118418,-0.233497044895012,-0.000274105380768268,0.0296972845922292,-0.000275293050507261,-0.601580855135829,3.99573235007888e-05
0.238885117732672,0.482216690191528,-0.0100088379562765,-0.233497424538015,-0.000276016278674829,0.0296974108151481,-0.000277228602468131,-0.601586467103961,4.08919310803946e-05
0.240541821478611,0.482215652042294,-0.0100785550319648,-0.233497809529825,-0.000277940630314027,0.0296975386963385,-0.000279178116874345,-0.601592155157231,4.18465687700015e-05
0.242210014710909,0.482214597852895,-0.0101487617270172,-0.233498199946683,-0.000279878532970191,0.0296976682561907,-0.00028114170140425,-0.601597920298931,4.28216514899854e-05
0.24388977711086,0.482213527357107,-0.0102194615565724,-0.233498595865938,-0.000281830084677416,0.0296977995153061,-0.000283119464694937,-0.601603763544802,4.38176025511633e-05
0.24558118891236,0.482212440283862,-0.0102906580623585,-0.233498997366068,-0.000283795384226023,0.0296979324944986,-0.000285111516352822,-0.601609685923165,4.48348538191201e-05
0.247284330905736,0.482211336357152,-0.0103623548129141,-0.233499404526696,-0.000285774531169119,0.0296980672147954,-0.000287117966964347,-0.601615688475052,4.5873845881797e-05
0.24899928444161,0.482210215295932,-0.0104345554038113,-0.233499817428605,-0.000287767625829208,0.0296982036974382,-0.000289138928106854,-0.601621772254343,4.6935028220188e-05
0.250726131434783,0.482209076814015,-0.0105072634578802,-0.233500236153757,-0.000289774769304833,0.029698341963884,-0.00029117451235957,-0.6016279383279,4.80188593821596e-05
0.252464954368146,0.482207920619974,-0.0105804826254369,-0.233500660785313,-0.000291796063477344,0.0296984820358057,-0.000293224833314748,-0.601634187775702,4.91258071593642e-05
0.254215836296621,0.482206746417032,-0.0106542165845114,-0.233501091407649,-0.000293831611017664,0.0296986239350936,-0.000295290005588963,-0.601640521690984,5.02563487677354e-05
0.25597886085113,0.482205553902959,-0.0107284690410796,-0.233501528106372,-0.000295881515393169,0.0296987676838554,-0.000297370144834542,-0.60164694118037,5.14109710308269e-05
0.257754112242586,0.48220434276996,-0.0108032437292954,-0.233501970968346,-0.000297945880874597,0.0296989133044177,-0.000299465367751146,-0.601653447364011,5.25901705669962e-05
0.259541675265918,0.482203112704563,-0.010878544411727,-0.233502420081703,-0.00030002481254305,0.0296990608193263,-0.000301575792097515,-0.601660041375726,5.37944539799051e-05
0.261341635304121,0.482201863387507,-0.0109543748795932,-0.233502875535868,-0.000302118416297028,0.0296992102513468,-0.000303701536703349,-0.601666724363142,5.50243380521148e-05
0.263154078332332,0.482200594493621,-0.0110307389530031,-0.233503337421577,-0.000304226798859573,0.0296993616234655,-0.000305842721481356,-0.601673497487826,5.62803499428305e-05
0.26497909092194,0.482199305691709,-0.0111076404811975,-0.233503805830896,-0.00030635006778543,0.0296995149588897,-0.000307999467439455,-0.601680361925433,5.75630273887545e-05
0.266816760244719,0.482197996644427,-0.0111850833427925,-0.233504280857242,-0.000308488331468312,0.0296996702810486,-0.000310171896693133,-0.601687318865846,5.88729189089365e-05
0.268667174076992,0.482196667008154,-0.0112630714460249,-0.233504762595404,-0.000310641699148205,0.029699827613593,-0.000312360132477973,-0.601694369513309,6.02105840130374e-05
0.270530420803823,0.482195316432874,-0.0113416087290001,-0.233505251141565,-0.000312810280918763,0.0296999869803966,-0.00031456429916233,-0.601701515086579,6.15765934136453e-05
0.27240658942324,0.482193944562038,-0.0114206991599422,-0.233505746593321,-0.000314994187734752,0.0297001484055555,-0.000316784522260186,-0.601708756819064,6.29715292421867e-05
0.274295769550488,0.482192551032435,-0.0115003467374456,-0.233506249049705,-0.000317193531419565,0.0297003119133892,-0.000319020928444162,-0.601716095958961,6.43959852689169e-05
0.276198051422303,0.482191135474058,-0.0115805554907296,-0.233506758611207,-0.000319408424672808,0.02970047752844,-0.000321273645558706,-0.601723533769408,6.58505671268239e-05
0.278113525901229,0.482189697509962,-0.0116613294798948,-0.233507275379799,-0.000321638981077945,0.029700645275474,-0.00032354280263344,-0.601731071528618,6.73358925394052e-05
0.280042284479955,0.482188236756125,-0.0117426727961811,-0.233507799458955,-0.000323885315110038,0.0297008151794804,-0.000325828529896695,-0.601738710530031,6.88525915527177e-05
0.281984419285683,0.482186752821305,-0.0118245895622292,-0.233508330953676,-0.000326147542143509,0.0297009872656718,-0.000328130958789207,-0.601746452082452,7.04013067713699e-05
0.283940023084533,0.482185245306891,-0.0119070839323431,-0.233508869970513,-0.000328425778460005,0.0297011615594843,-0.000330450221977995,-0.601754297510198,7.19826935990237e-05
0.285909189285972,0.482183713806754,-0.0119901600927549,-0.233509416617592,-0.000330720141256326,0.0297013380865767,-0.000332786453370418,-0.601762248153241,7.35974204827683e-05
0.287892011947275,0.482182157907089,-0.012073822261893,-0.233509971004635,-0.000333030748652406,0.0297015168728311,-0.000335139788128412,-0.601770305367353,7.52461691621714e-05
0.289888585778017,0.482180577186267,-0.0121580746906507,-0.23351053324299,-0.00033535771969938,0.0297016979443517,-0.000337510362682898,-0.601778470524254,7.69296349224652e-05
0.291899006144599,0.482178971214666,-0.0122429216626584,-0.233511103445652,-0.000337701174387712,0.0297018813274649,-0.000339898314748397,-0.601786745011751,7.86485268523957e-05
0.293923369074803,0.482177339554512,-0.0123283674945575,-0.233511681727289,-0.000340061233655372,0.0297020670487187,-0.000342303783337808,-0.601795130233887,8.04035681064852e-05
0.295961771262377,0.482175681759712,-0.0124144165362765,-0.233512268204271,-0.000342438019396123,0.0297022551348818,-0.000344726908777389,-0.601803627611086,8.2195496171944e-05
0.298014310071653,0.482173997375681,-0.0125010731713093,-0.233512862994692,-0.000344831654467839,0.0297024456129432,-0.000347167832721916,-0.601812238580296,8.4025063140189e-05
0.300081083542203,0.482172285939171,-0.0125883418169961,-0.2335134662184,-0.000347242262700908,0.0297026385101111,-0.000349626698170046,-0.601820964595135,8.58930359831089e-05
0.302162190393513,0.482170546978091,-0.0126762269248059,-0.233514077997026,-0.000349669968906691,0.0297028338538123,-0.000352103649479864,-0.601829807126034,8.78001968342146e-05
0.304257730029708,0.482168780011325,-0.0127647329806214,-0.233514698454005,-0.000352114898886063,0.0297030316716906,-0.000354598832384626,-0.601838767660387,8.97473432745072e-05
0.306367802544292,0.48216698454855,-0.012853864505027,-0.233515327714612,-0.000354577179438005,0.0297032319916065,-0.00035711239400871,-0.601847847702686,9.17352886234818e-05
0.308492508724934,0.482165160090041,-0.0129436260535976,-0.233515965905985,-0.000357056938368283,0.029703434841635,-0.000359644482883749,-0.601857048774674,9.3764862234752e-05
0.31063195005828,0.482163306126485,-0.0130340222171903,-0.233516613157159,-0.000359554304498171,0.0297036402500647,-0.00036219524896498,-0.601866372415483,9.58369097973227e-05
0.312786228734801,0.482161422138775,-0.0131250576222388,-0.23351726959909,-0.000362069407673252,0.0297038482453964,-0.000364764843647791,-0.601875820181781,9.79522936414984e-05
0.314955447653674,0.482159507597817,-0.0132167369310493,-0.233517935364691,-0.000364602378772286,0.0297040588563412,-0.000367353419784466,-0.60188539364791,0.000100111893050259
0.317139710427697,0.482157561964318,-0.0133090648420985,-0.233518610588859,-0.000367153349716124,0.0297042721118187,-0.000369961131701149,-0.601895094406033,0.000102316604575894
0.319339121388238,0.48215558468858,-0.0134020460903346,-0.233519295408508,-0.000369722453476727,0.0297044880409552,-0.000372588135215003,-0.601904924066271,0.000104567342361916
0.321553785590219,0.482153575210281,-0.01349568544748,-0.233519989962598,-0.000372309824086212,0.0297047066730817,-0.000375234587651594,-0.60191488425685,0.000106865038470447
0.323783808817133,0.482151532958261,-0.0135899877223356,-0.233520694392171,-0.000374915596645953,0.0297049280377316,-0.000377900647862471,-0.601924976624233,0.00010921064321516
0.326029297586097,0.482149457350296,-0.0136849577610885,-0.233521408840382,-0.000377539907335786,0.0297051521646384,-0.000380586476242966,-0.601935202833267,0.000111605125499695
0.328290359152942,0.482147347792868,-0.0137806004476212,-0.233522133452532,-0.000380182893423245,0.0297053790837332,-0.000383292234750225,-0.601945564567317,0.000114049473161931
0.330567101517332,0.482145203680937,-0.0138769207038223,-0.233522868376103,-0.00038284469327286,0.0297056088251418,-0.000386018086921413,-0.601956063528405,0.00011654469332352
0.332859633427924,0.482143024397697,-0.0139739234899011,-0.23352361376079,-0.000385525446355524,0.0297058414191824,-0.000388764197892198,-0.601966701437344,0.000119091812745734
0.335168064387565,0.482140809314339,-0.0140716138047018,-0.233524369758541,-0.000388225293257913,0.0297060768963622,-0.000391530734415392,-0.601977480033876,0.00012169187819093
0.337492504658521,0.482138557789799,-0.0141699966860227,-0.233525136523588,-0.00039094437569195,0.0297063152873743,-0.000394317864879866,-0.601988401076806,0.000124345956789881
0.339833065267741,0.482136269170505,-0.0142690772109347,-0.233525914212485,-0.000393682836504356,0.0297065566230944,-0.000397125759329652,-0.601999466344132,0.000127055136415255
0.342189858012163,0.482133942790125,-0.0143688604961041,-0.233526702984145,-0.000396440819686226,0.0297068009345772,-0.000399954589483289,-0.602010677633179,0.000129820526061142
0.344562995464054,0.482131577969294,-0.0144693516981158,-0.233527502999877,-0.000399218470382669,0.0297070482530528,-0.000402804528753387,-0.602022036760728,0.000132643256228637
0.346952590976386,0.482129174015352,-0.0145705560137996,-0.233528314423427,-0.000402015934902493,0.029707298609923,-0.000405675752266419,-0.602033545563143,0.000135524479317861
0.349358758688252,0.482126730222069,-0.0146724786805581,-0.233529137421011,-0.000404833360727957,0.0297075520367564,-0.000408568436882746,-0.602045205896499,0.000138465370026
0.351781613530314,0.48212424586936,-0.0147751249766962,-0.233529972161361,-0.000407670896524543,0.0297078085652852,-0.000411482761216862,-0.602057019636706,0.000141467125751915
0.354221271230298,0.482121720223005,-0.0148785002217529,-0.23353081881576,-0.000410528692150798,0.0297080682273998,-0.000414418905657879,-0.60206898867963,0.000144530967007214
0.356677848318515,0.482119152534353,-0.0149826097768356,-0.233531677558088,-0.000413406898668215,0.0297083310551442,-0.000417377052390243,-0.602081114941221,0.000147658137833656
0.359151462133436,0.482116542040027,-0.0150874590449547,-0.233532548564857,-0.000416305668351131,0.0297085970807115,-0.000420357385414677,-0.60209340035762,0.000150849906227379
0.361642230827288,0.48211388796162,-0.0151930534713619,-0.23353343201526,-0.000419225154696703,0.0297088663364383,-0.000423360090569366,-0.602105846885287,0.000154107564569475
0.364150273371703,0.482111189505382,-0.0152993985438887,-0.23353432809121,-0.000422165512434902,0.0297091388547993,-0.000426385355551371,-0.602118456501108,0.00015743243006372
0.366675709563398,0.482108445861908,-0.0154064997932876,-0.233535236977383,-0.000425126897538521,0.0297094146684018,-0.000429433369938279,-0.60213123120251,0.000160825845180526
0.369218660029898,0.482105656205813,-0.0155143627935747,-0.233536158861268,-0.00042810946723326,0.0297096938099795,-0.000432504325210094,-0.602144173007567,0.000164289178108498
0.371779246235299,0.482102819695404,-0.0156229931623741,-0.233537093933204,-0.000431113380007805,0.0297099763123869,-0.000435598414771362,-0.602157283955112,0.000167823823212052
0.374357590486067,0.482099935472344,-0.0157323965612638,-0.233538042386435,-0.000434138795623938,0.0297102622085919,-0.000438715833973535,-0.602170566104834,0.000171431201496944
0.376953815936883,0.482097002661306,-0.0158425786961231,-0.233539004417149,-0.000437185875126674,0.0297105515316703,-0.000441856780137576,-0.602184021537384,0.00017511276108223
0.379568046596523,0.482094020369632,-0.015953545317482,-0.233539980224532,-0.000440254780854432,0.0297108443147978,-0.000445021452576796,-0.602197652354471,0.000178869977679394
0.382200407333782,0.482090987686968,-0.0160653022208716,-0.23354097001081,-0.00044334567644919,0.0297111405912432,-0.000448210052619938,-0.602211460678953,0.000182704355079166
0.384851023883439,0.482087903684904,-0.0161778552471757,-0.233541973981307,-0.000446458726866685,0.029711440394361,-0.00045142278363449,-0.602225448654936,0.000186617425645005
0.387520022852263,0.482084767416606,-0.0162912102829846,-0.233542992344485,-0.000449594098386591,0.0297117437575832,-0.000454659851050258,-0.602239618447852,0.00019061075081446
0.390207531725059,0.482081577916432,-0.0164053732609498,-0.233544025312004,-0.000452751958622735,0.0297120507144113,-0.000457921462383156,-0.60225397224455,0.000194685921607415
0.392913678870758,0.482078334199554,-0.0165203501601395,-0.233545073098767,-0.000455932476533288,0.0297123612984079,-0.000461207827259241,-0.602268512253373,0.000198844559142028
0.395638593548549,0.482075035261556,-0.0166361470063956,-0.233546135922979,-0.000459135822430951,0.029712675543188,-0.000464519157439006,-0.602283240704235,0.000203088315158445
0.398382405914052,0.482071680078043,-0.0167527698726924,-0.233547214006196,-0.000462362167993147,0.0297129934824095,-0.000467855666841884,-0.602298159848693,0.000207418872549547
0.401145247025537,0.482068267604224,-0.0168702248794952,-0.233548307573382,-0.000465611686272198,0.0297133151497644,-0.000471217571571009,-0.602313271960014,0.000211837945899726
0.403927248850181,0.482064796774501,-0.0169885181951209,-0.233549416852964,-0.000468884551705475,0.0297136405789684,-0.000474605089938215,-0.602328579333239,0.000216347282031223
0.406728544270374,0.48206126650204,-0.0171076560360987,-0.233550542076888,-0.000472180940125509,0.029713969803751,-0.000478018442489261,-0.602344084285242,0.000220948660557968
0.409549267090063,0.482057675678342,-0.0172276446675321,-0.233551683480679,-0.000475501028770127,0.0297143028578454,-0.000481457852029302,-0.602359789154784,0.000225643894447874
0.412389552041149,0.482054023172798,-0.0173484904034613,-0.233552841303497,-0.000478844996292482,0.0297146397749768,-0.000484923543648598,-0.60237569630256,0.000230434830592041
0.415249534789915,0.482050307832244,-0.0174701996072266,-0.233554015788197,-0.000482213022771088,0.0297149805888519,-0.000488415744748443,-0.602391808111247,0.000235323350382677
0.418129351943512,0.482046528480497,-0.0175927786918319,-0.233555207181392,-0.000485605289719798,0.0297153253331471,-0.00049193468506735,-0.602408126985537,0.000240311370298535
0.421029141056481,0.482042683917891,-0.0177162341203087,-0.233556415733511,-0.000489021980097709,0.0297156740414962,-0.000495480596707434,-0.602424655352174,0.000245400842498092
0.423949040637325,0.482038772920801,-0.0178405724060808,-0.233557641698866,-0.000492463278319042,0.0297160267474784,-0.000499053714161077,-0.602441395659982,0.000250593755421538
0.426889190155123,0.482034794241158,-0.0179658001133291,-0.233558885335711,-0.000495929370262903,0.0297163834846051,-0.000502654274337753,-0.602458350379882,0.000255892134399804
0.429849730046193,0.48203074660595,-0.0180919238573561,-0.233560146906313,-0.000499420443283034,0.0297167442863068,-0.000506282516591149,-0.602475522004911,0.000261298042272498
0.432830801720801,0.482026628716728,-0.0182189503049511,-0.233561426677012,-0.000502936686217398,0.0297171091859196,-0.000509938682746462,-0.602492913050231,0.000266813580013681
0.435832547569911,0.482022439249084,-0.0183468861747547,-0.233562724918294,-0.000506478289397747,0.0297174782166707,-0.00051362301712793,-0.60251052605313,0.000272440887365333
0.438855110971994,0.482018176852131,-0.0184757382376234,-0.233564041904854,-0.000510045444659041,0.0297178514116642,-0.000517335766586604,-0.602528363573016,0.000278182143480118
0.441898636299867,0.482013840147976,-0.0186055133169939,-0.233565377915671,-0.000513638345348791,0.0297182288038659,-0.000521077180528297,-0.602546428191413,0.000284039567570948
0.444963268927599,0.482009427731169,-0.0187362182892472,-0.233566733234076,-0.000517257186336239,0.0297186104260876,-0.000524847510941792,-0.602564722511933,0.000290015419569814
0.448049155237445,0.482004938168157,-0.018867860084071,-0.233568108147822,-0.000520902164021468,0.0297189963109715,-0.000528647012427217,-0.602583249160259,0.000296112000794546
0.451156442626847,0.482000369996722,-0.0190004456848228,-0.233569502949163,-0.000524573476344304,0.0297193864909735,-0.000532475942224661,-0.602602010784105,0.000302331654623567
0.454285279515466,0.481995721725404,-0.0191339821288913,-0.233570917934925,-0.000528271322793151,0.0297197809983463,-0.00053633456024298,-0.602621010053179,0.000308676767179383
0.457435815352278,0.481990991832923,-0.0192684765080569,-0.233572353406582,-0.000531995904413579,0.0297201798651219,-0.0005402231290888,-0.602640249659135,0.000315149768019746
0.46060820062271,0.481986178767585,-0.0194039359688514,-0.233573809670335,-0.000535747423816815,0.0297205831230937,-0.00054414191409572,-0.602659732315508,0.00032175313083771
0.463802586855826,0.481981280946674,-0.019540367712916,-0.23357528703719,-0.000539526085187995,0.0297209908037976,-0.000548091183353713,-0.602679460757658,0.000328489374169488
0.467019126631568,0.481976296755842,-0.0196777789973579,-0.233576785823035,-0.000543332094294266,0.0297214029384935,-0.000552071207738709,-0.602699437742687,0.000335361062110878
0.470257973588042,0.481971224548481,-0.0198161771351056,-0.233578306348729,-0.000547165658492646,0.0297218195581453,-0.000556082260942345,-0.602719666049359,0.000342370805041486
0.473519282428857,0.481966062645087,-0.0199555694952621,-0.233579848940177,-0.000551026986737681,0.0297222406934008,-0.000560124619501928,-0.602740148478006,0.000349521260357782
0.476803208930514,0.481960809332614,-0.0200959635034561,-0.233581413928419,-0.000554916289588857,0.0297226663745708,-0.000564198562830538,-0.602760887850424,0.00035681513321395
0.480109909949849,0.48195546286381,-0.0202373666421915,-0.233583001649714,-0.000558833779217787,0.0297230966316081,-0.000568304373247306,-0.602781887009763,0.000364255177270872
0.483439543431522,0.48195002145655,-0.0203797864511941,-0.233584612445628,-0.000562779669415106,0.0297235314940853,-0.000572442336007867,-0.602803148820401,0.000371844195453608
0.486792268415562,0.481944483293155,-0.0205232305277561,-0.233586246663123,-0.000566754175597088,0.0297239709911724,-0.000576612739334953,-0.602824676167813,0.000379585040716834
0.490168245044966,0.481938846519695,-0.020667706527078,-0.233587904654645,-0.000570757514812004,0.0297244151516133,-0.000580815874449134,-0.602846471958423,0.000387480616818092
0.493567634573345,0.481933109245284,-0.0208132221626072,-0.233589586778223,-0.000574789905746147,0.0297248640037025,-0.00058505203559971,-0.602868539119457,0.000395533879099241
0.496990599372628,0.481927269541366,-0.0209597852063738,-0.233591293397552,-0.000578851568729484,0.0297253175752605,-0.000589321520095728,-0.602890880598769,0.000403747835276275
0.500437302940819,0.48192132544098,-0.0211074034893235,-0.233593024882098,-0.000582942725741052,0.0297257758936083,-0.000593624628337133,-0.602913499364666,0.000412125546236181
0.503907909909802,0.481915274938021,-0.0212560849016464,-0.233594781607188,-0.000587063600413959,0.0297262389855425,-0.000597961663846041,-0.602936398405721,0.000420670126842521
0.50740258605321,0.481909115986487,-0.0214058373931019,-0.233596563954113,-0.000591214418039922,0.0297267068773079,-0.000602332933298108,-0.602959580730568,0.00042938474674814
0.510921498294339,0.481902846499709,-0.021556668973341,-0.233598372310227,-0.000595395405573547,0.0297271795945713,-0.000606738746554021,-0.602983049367689,0.000438272631215902
0.514464814714125,0.481896464349576,-0.0217085877122229,-0.233600207069047,-0.000599606791636079,0.029727657162393,-0.000611179416691077,-0.603006807365187,0.000447337061946829
0.518032704559168,0.48188996736574,-0.0218616017401281,-0.23360206863036,-0.000603848806518731,0.0297281396051987,-0.000615655260034843,-0.603030857790549,0.000456581377915766
0.52162533824982,0.481883353334815,-0.0220157192482666,-0.233603957400326,-0.000608121682185584,0.0297286269467501,-0.000620166596190895,-0.603055203730386,0.00046600897621471
0.525242887388322,0.481876619999555,-0.0221709484889817,-0.233605873791588,-0.000612425652275974,0.029729119210115,-0.000624713748076627,-0.603079848290175,0.000475623312903045
0.528885524767003,0.481869765058029,-0.0223272977760475,-0.233607818223376,-0.000616760952106356,0.0297296164176365,-0.000629297041953113,-0.603104794593972,0.00048542790386491
0.532553424376533,0.481862786162773,-0.0224847754849627,-0.233609791121626,-0.000621127818671675,0.0297301185909016,-0.000633916807457013,-0.603130045784116,0.000495426325674175
0.536246761414231,0.481855680919937,-0.0226433900532379,-0.233611792919088,-0.000625526490646157,0.0297306257507091,-0.000638573377632525,-0.603155605020925,0.000505622216465662
0.539965712292437,0.481848446888414,-0.0228031499806765,-0.233613824055439,-0.000629957208383481,0.0297311379170362,-0.000643267088963346,-0.603181475482368,0.000516019276813356
0.543710454646936,0.481841081578959,-0.0229640638296506,-0.233615884977407,-0.000634420213916425,0.0297316551090053,-0.000647998281404659,-0.603207660363722,0.000526621270615535
0.547481167345445,0.481833582453287,-0.0231261402253697,-0.233617976138884,-0.000638915750955779,0.0297321773448487,-0.000652767298415101,-0.603234162877223,0.000537432025985635
0.551278030496154,0.481825946923171,-0.0232893878561433,-0.233620098001049,-0.000643444064888693,0.0297327046418739,-0.00065757448698876,-0.603260986251688,0.000548455436150258
0.55510122545633,0.481818172349514,-0.0234538154736358,-0.23362225103249,-0.000648005402776227,0.0297332370164266,-0.000662420197687083,-0.60328813373213,0.00055969546035245
0.558950934840979,0.481810256041411,-0.0236194318931151,-0.233624435709333,-0.000652600013350255,0.0297337744838544,-0.000667304784670824,-0.603315608579355,0.000571156124761635
0.56282734253157,0.481802195255202,-0.0237862459936925,-0.233626652515364,-0.000657228147009598,0.0297343170584684,-0.000672228605731854,-0.603343414069538,0.000582841523388195
0.566730633684818,0.481793987193505,-0.0239542667185557,-0.233628901942162,-0.000661890055815325,0.0297348647535044,-0.000677192022324994,-0.603371553493784,0.000594755819005116
0.570660994741526,0.481785629004238,-0.0241235030751936,-0.233631184489231,-0.000666585993485302,0.0297354175810835,-0.000682195399599701,-0.603400030157675,0.000606903244073226
0.574618613435493,0.48177711777963,-0.0242939641356117,-0.233633500664132,-0.000671316215387845,0.0297359755521714,-0.00068723910643168,-0.603428847380789,0.000619288101672583
0.578603678802477,0.481768450555208,-0.0244656590365402,-0.233635850982618,-0.000676080978534494,0.0297365386765371,-0.000692323515454407,-0.603458008496214,0.000631914766438119
0.582616381189231,0.481759624308785,-0.0246385969796316,-0.233638235968777,-0.000680880541571855,0.0297371069627106,-0.000697449003090494,-0.603487516850034,0.000644787685500192
0.586656912262587,0.481750635959423,-0.0248127872316499,-0.233640656155169,-0.000685715164772517,0.0297376804179393,-0.000702615949582926,-0.603517375800797,0.000657911379428888
0.590725465018618,0.481741482366382,-0.0249882391246497,-0.233643112082971,-0.000690585110024896,0.0297382590481445,-0.000707824739026147,-0.603547588718965,0.000671290443183148
0.594822233791852,0.481732160328064,-0.0251649620561451,-0.233645604302121,-0.000695490640822157,0.0297388428578756,-0.000713075759396949,-0.603578158986346,0.000684929547062257
0.598947414264556,0.481722666580932,-0.0253429654892682,-0.233648133371467,-0.000700432022249892,0.0297394318502648,-0.0007183694025852,-0.603609089995506,0.000698833437662555
0.603101203476082,0.481712997798424,-0.0255222589529178,-0.233650699858919,-0.000705409520972863,0.0297400260269793,-0.000723706064424308,-0.603640385149152,0.00071300693883522
0.607283799832281,0.481703150589846,-0.025702852041895,-0.233653304341598,-0.00071042340522043,0.0297406253881743,-0.000729086144721524,-0.603672047859507,0.000727454952648615
0.611495403114975,0.481693121499255,-0.0258847544170301,-0.233655947405995,-0.000715473944770865,0.0297412299324432,-0.000734510047287929,-0.603704081547657,0.000742182460351598
0.615736214491506,0.481682907004329,-0.0260679758052951,-0.233658629648126,-0.000720561410934347,0.0297418396567682,-0.000739978179968205,-0.603736489642874,0.000757194523340082
0.620006436524339,0.481672503515219,-0.0262525259999059,-0.233661351673698,-0.000725686076534711,0.0297424545564694,-0.000745490954670076,-0.603769275581924,0.000772496284124402
0.624306273180741,0.481661907373389,-0.0264384148604109,-0.233664114098264,-0.000730848215889819,0.0297430746251529,-0.000751048787393476,-0.603802442808348,0.000788092967298482
0.628635929842521,0.481651114850444,-0.0266256523127676,-0.233666917547396,-0.000736048104790533,0.0297436998546576,-0.000756652098259354,-0.603835994771721,0.000803989880509587
0.632995613315842,0.48164012214694,-0.0268142483494058,-0.23366976265685,-0.00074128602047828,0.0297443302350018,-0.00076230131153816,-0.603869934926891,0.000820192415428994
0.637385531841099,0.481628925391184,-0.0270042130292763,-0.23367265007274,-0.000746562241621021,0.0297449657543279,-0.00076799685567794,-0.60390426673319,0.000836706048722824
0.641805895102865,0.481617520638019,-0.0271955564778873,-0.233675580451707,-0.000751877048287806,0.0297456063988467,-0.000773739163332025,-0.603938993653629,0.000853536343021266
0.646256914239905,0.481605903867597,-0.027388288887325,-0.233678554461101,-0.000757230721921583,0.0297462521527803,-0.000779528671386344,-0.603974119154057,0.000870688947889359
0.650738801855265,0.481594070984131,-0.0275824205162602,-0.233681572779159,-0.000762623545310429,0.0297469029983041,-0.000785365820986235,-0.604009646702313,0.000888169600793937
0.655251772026422,0.481582017814646,-0.0277779616899403,-0.233684636095187,-0.000768055802557047,0.0297475589154876,-0.000791251057562871,-0.604045579767334,0.000905984128070941
0.659796040315516,0.481569740107704,-0.0279749228001646,-0.233687745109745,-0.000773527779046438,0.0297482198822346,-0.000797184830859103,-0.604081921818257,0.000924138445889011
0.664371823779638,0.481557233532125,-0.0281733143052451,-0.233690900534835,-0.000779039761411783,0.0297488858742216,-0.00080316759495488,-0.604118676323481,0.000942638561211462
0.668979340981204,0.481544493675691,-0.0283731467299502,-0.233694103094095,-0.000784592037498361,0.0297495568648361,-0.000809199808292076,-0.604155846749712,0.000961490572754076
0.673618811998395,0.481531516043836,-0.0285744306654324,-0.233697353522991,-0.000790184896325589,0.0297502328251126,-0.000815281933698764,-0.60419343656098,0.000980700671939672
0.678290458435663,0.481518296058327,-0.0287771767691386,-0.233700652569012,-0.000795818628046919,0.0297509137236689,-0.000821414438412921,-0.604231449217632,0.00100027514384821
0.682994503434323,0.481504829055925,-0.0289813957647037,-0.233704000991877,-0.000801493523907704,0.0297515995266401,-0.000827597794105493,-0.604269888175293,0.00102022036816171
0.687731171683206,0.481491110287043,-0.0291870984418253,-0.233707399563729,-0.000807209876200884,0.0297522901976124,-0.000833832476902831,-0.604308756883808,0.00104054282010418
0.692500689429393,0.481477134914387,-0.0293942956561225,-0.233710849069351,-0.000812967978220416,0.0297529856975553,-0.00084011896740847,-0.604348058786153,0.00106124907137467
0.697303284489026,0.48146289801158,-0.029602998328973,-0.233714350306369,-0.000818768124212364,0.029753685984753,-0.00084645775072417,-0.604387797317318,0.00108234579107425
0.70213918625818,0.481448394561782,-0.029813217447335,-0.233717904085465,-0.000824610609323685,0.0297543910147346,-0.000852849316470293,-0.604427975903169,0.00110383974662576
0.70700862572383,0.481433619456297,-0.0300249640635468,-0.233721511230598,-0.00083049572954846,0.0297551007402033,-0.000859294158805367,-0.604468597959273,0.00112573780468422
0.71191183547488,0.481418567493159,-0.0302382492951086,-0.233725172579217,-0.00083642378167165,0.0297558151109643,-0.000865792776444921,-0.604509666889703,0.00114804693204068
0.716849049713269,0.481403233375723,-0.030453084324444,-0.233728888982486,-0.000842395063210218,0.0297565340738519,-0.000872345672679469,-0.604551186085817,0.00117077419651471
0.721820504265165,0.481387611711229,-0.0306694803986405,-0.233732661305512,-0.000848409872351486,0.0297572575726552,-0.000878953355391681,-0.604593158924996,0.00119392676783808
0.726826436592224,0.481371697009365,-0.0308874488291705,-0.233736490427568,-0.000854468507888851,0.0297579855480433,-0.000885616337072673,-0.604635588769371,0.00121751191852715
0.731867085802933,0.481355483680815,-0.0311070009915898,-0.233740377242329,-0.00086057126915449,0.0297587179374886,-0.000892335134837398,-0.604678478964509,0.00124153702474394
0.736942692664033,0.481338966035799,-0.0313281483252159,-0.233744322658108,-0.000866718455949187,0.0297594546751898,-0.000899110270439108,-0.604721832838074,0.00126600956714501
0.742053499612018,0.481322138282603,-0.0315509023327839,-0.233748327598094,-0.000872910368469121,0.0297601956919931,-0.000905942270282868,-0.604765653698465,0.00129093713171718
0.747199750764715,0.481304994526093,-0.0317752745800807,-0.233752393000591,-0.000879147307229503,0.0297609409153132,-0.000912831665438059,-0.604809944833415,0.0013163274105997
0.752381691932944,0.481287528766232,-0.032001276695556,-0.233756519819268,-0.000885429572985007,0.0297616902690526,-0.000919778991649863,-0.604854709508571,0.00134218820289156
0.757599570632259,0.481269734896575,-0.0322289203699116,-0.233760709023407,-0.000891757466646883,0.0297624436735197,-0.000926784789349708,-0.604899950966036,0.00136852741544388
0.762853636094773,0.481251606702764,-0.0324582173556663,-0.233764961598153,-0.000898131289196628,0.0297632010453467,-0.000933849603664614,-0.604945672422895,0.00139535306363597
0.768144139281058,0.481233137861008,-0.0326891794666987,-0.233769278544772,-0.000904551341596246,0.0297639622974055,-0.000940973984425422,-0.604991877069692,0.00142267327213388
0.773471332892138,0.481214321936561,-0.0329218185777649,-0.233773660880908,-0.000911017924694746,0.0297647273387234,-0.000948158486173887,-0.605038568068902,0.00145049627563243
0.778835471381553,0.481195152382188,-0.0331561466239933,-0.23377810964085,-0.000917531339131146,0.0297654960743969,-0.000955403668168571,-0.605085748553355,0.0014788304195768
0.784236810967519,0.481175622536625,-0.0333921756003541,-0.233782625875792,-0.000924091885233456,0.0297662684055057,-0.000962710094389524,-0.605133421624636,0.00150768416086602
0.78967560964516,0.481155725623031,-0.0336299175611046,-0.233787210654108,-0.000930699862913891,0.0297670442290243,-0.000970078333541739,-0.605181590351465,0.0015370660685354
0.795152127198837,0.481135454747438,-0.0338693846192095,-0.233791865061622,-0.000937355571560038,0.0297678234377336,-0.000977508959057302,-0.605230257768036,0.00156698482441744
0.800666625214554,0.481114802897182,-0.0341105889457358,-0.233796590201886,-0.000944059309921853,0.0297686059201313,-0.000985002549096233,-0.605279426872333,0.00159744922378091
0.806219367092452,0.481093762939349,-0.034353542769222,-0.233801387196459,-0.000950811375994445,0.0297693915603414,-0.000992559686546005,-0.605329100624418,0.00162846817594656
0.811810618059391,0.481072327619192,-0.0345982583750227,-0.233806257185192,-0.000957612066896605,0.0297701802380222,-0.00100018095901967,-0.605379281944686,0.00166005070487898
0.817440645181619,0.481050489558564,-0.0348447481046253,-0.233811201326513,-0.000964461678744696,0.0297709718282743,-0.00100786695885256,-0.6054299737121,0.00169220594975264
0.823109717377527,0.481028241254329,-0.0350930243549418,-0.23381622079772,-0.000971360506522148,0.029771766201547,-0.00101561828309757,-0.605481178762387,0.00172494316549282
0.828818105430497,0.481005575076783,-0.0353430995775742,-0.233821316795272,-0.000978308843944155,0.0297725632235441,-0.00102343553351893,-0.605532899886216,0.00175827172328963
0.834566082001833,0.480982483268061,-0.0355949862780522,-0.233826490535091,-0.000985306983317603,0.0297733627551288,-0.00103131931658453,-0.605585139827341,0.00179220111108308
0.840353921643785,0.480958957940545,-0.0358486970150447,-0.233831743252856,-0.000992355215396059,0.0297741646522274,-0.00103927024345665,-0.605637901280723,0.00182674093402033
0.846181900812664,0.480934991075271,-0.0361042443995449,-0.233837076204316,-0.000999453829229786,0.0297749687657332,-0.00104728892998112,-0.605691186890616,0.00186190091488272
0.852050297882047,0.480910574520331,-0.0363616410940263,-0.233842490665592,-0.0010066031120104,0.0297757749414081,-0.0010553759966749,-0.605744999248639,0.00189769089448139
0.857959393156072,0.480885699989273,-0.0366208998115736,-0.233847987933488,-0.00101380334891047,0.0297765830197846,-0.001063532068712,-0.605799340891806,0.00193412083202238
0.863909468882829,0.480860359059498,-0.0368820333149838,-0.23385356932581,-0.00102105482291752,0.0297773928360667,-0.00107175777590778,-0.605854214300549,0.00197120080543714
0.86990080926784,0.480834543170664,-0.0371450544158415,-0.233859236181681,-0.00102835781466256,0.02977820422003,-0.00108005375270142,-0.605909621896693,0.00200894101168048
0.875933700487633,0.480808243623077,-0.0374099759735652,-0.233864989861864,-0.0010357126022429,0.0297790169959207,-0.00108842063813685,-0.605965566041426,0.00204735176699328
0.882008430703416,0.480781451576096,-0.0376768108944262,-0.233870831749085,-0.00104311946103922,0.0297798309823551,-0.00109685907584174,-0.606022049033236,0.0020864435071288
0.888125290074835,0.480754158046526,-0.0379455721305398,-0.233876763248363,-0.00105057866352663,0.0297806459922169,-0.00110536971400484,-0.606079073105819,0.00212622678754304
0.894284570773836,0.48072635390702,-0.0382162726788274,-0.233882785787341,-0.00105809047907968,0.0297814618325552,-0.00111395320535135,-0.606136640425973,0.0021667122835464
0.900486566998624,0.480698029884479,-0.0384889255799519,-0.233888900816621,-0.00106565517377114,0.0297822783044812,-0.00112261020711658,-0.606194753091464,0.00220791079041682
0.906731574987708,0.480669176558458,-0.0387635439172237,-0.233895109810101,-0.00107327301016455,0.0297830952030644,-0.00113134138101765,-0.606253413128872,0.00224983322347264
0.913019893034057,0.480639784359567,-0.0390401408154793,-0.233901414265316,-0.00108094424710012,0.0297839123172285,-0.00114014739322328,-0.60631262249141,0.00229249061810535
0.919351821499347,0.480609843567884,-0.0393187294399314,-0.233907815703786,-0.00108866913947413,0.0297847294296469,-0.00114902891432166,-0.606372383056731,0.00233589412976876
0.925727662828307,0.480579344311365,-0.0395993229949909,-0.233914315671357,-0.00109644793801153,0.0297855463166371,-0.00115798661928639,-0.606432696624709,0.00238005503392774
0.932147721563161,0.48054827656426,-0.0398819347230611,-0.233920915738557,-0.00110428088903163,0.0297863627480554,-0.00116702118744034,-0.6064935649152,0.00242498472596017
0.938612304358183,0.480516630145536,-0.0401665779033025,-0.233927617500946,-0.00111216823420683,0.029787178487191,-0.00117613330241759,-0.606554989565791,0.00247069472101671
0.945121719994339,0.4804843947173,-0.0404532658503717,-0.233934422579476,-0.00112011021031409,0.0297879932906596,-0.00118532365212323,-0.606616972129522,0.00251719665383204
0.951676279394036,0.480451559783231,-0.0407420119131303,-0.233941332620845,-0.00112810704897906,0.0297888069082966,-0.00119459292869121,-0.606679514072601,0.00256450227849228
0.958276295635973,0.480418114687022,-0.0410328294733273,-0.233948349297864,-0.00113615897641282,0.0297896190830505,-0.00120394182843998,-0.606742616772097,0.002612623468152
0.964922083970099,0.480384048610816,-0.0413257319442524,-0.23395547430982,-0.00114426621314106,0.0297904295508757,-0.00121337105182609,-0.60680628151362,0.00266157221470331
0.971613961832666,0.48034935057366,-0.0416207327693636,-0.233962709382841,-0.00115242897372527,0.0297912380406249,-0.00122288130339562,-0.606870509488987,0.00271136062839675
0.978352248861393,0.480314009429968,-0.0419178454208849,-0.233970056270271,-0.00116064746647636,0.0297920442739423,-0.00123247329173352,-0.60693530179388,0.00276200093740936
0.985137266910738,0.480278013867978,-0.042217083398379,-0.23397751675304,-0.00116892189315991,0.0297928479651552,-0.00124214772941063,-0.607000659425483,0.00281350548736312
0.991969340067262,0.480241352408233,-0.0425184602272909,-0.233985092640036,-0.00117725244869356,0.0297936488211671,-0.00125190533292869,-0.607066583280117,0.00286588674079016
0.998848794665118,0.480204013402061,-0.042821989457466,-0.233992785768491,-0.00118563932083575,0.0297944465413499,-0.00126174682266297,-0.607133074150865,0.00291915727654571
1.00577595930163,0.48016598503007,-0.0431276846616402,-0.23400059800435,-0.00119408268986623,0.029795240817436,-0.0012716729228028,-0.607200132725182,0.00297332978916601
1.01275116485301,0.480127255300645,-0.0434355594339047,-0.234008531242662,-0.00120258272825784,0.0297960313334112,-0.00128168436128973,-0.607267759582511,0.00302841708817222
1.01977474449012,0.480087812048464,-0.0437456273881434,-0.234016587407959,-0.00121113960033952,0.0297968177654071,-0.00129178186975356,-0.607335955191879,0.00308443209731921
1.02684703369442,0.480047642933018,-0.0440579021564446,-0.234024768454644,-0.00121975346195035,0.029797599781594,-0.001301966183446,-0.607404719909501,0.00314138785378779
1.033968370274,0.480006735437146,-0.0443723973874877,-0.234033076367379,-0.00122842446008476,0.0297983770420737,-0.00131223804117205,-0.607474053976378,0.00319929750731876
1.04113909437969,0.479965076865574,-0.0446891267449025,-0.234041513161472,-0.00123715273252822,0.0297991491987733,-0.00132259818521914,-0.607543957515887,0.00325817431929182
1.0483595485213,0.479922654343477,-0.045008103905606,-0.234050080883273,-0.00124593840748385,0.0297999158953381,-0.00133304736128393,-0.607614430531383,0.00331803166174435
1.05563007758401,0.479879454815042,-0.0453293425581111,-0.234058781610564,-0.00125478160318932,0.0298006767670263,-0.00134358631839675,-0.607685472903795,0.00337888301633232
1.06295102884484,0.479835465042048,-0.0456528564008138,-0.234067617452954,-0.0012636824275244,0.029801431440603,-0.00135421580884383,-0.607757084389229,0.00344074197323091
1.07032275198921,0.479790671602457,-0.0459786591402539,-0.234076590552274,-0.00127264097760837,0.0298021795342352,-0.00136493658808705,-0.60782926461657,0.00350362222997594
1.07774559912768,0.479745060889021,-0.0463067644893528,-0.234085703082976,-0.00128165733938784,0.0298029206573875,-0.00137574941468149,-0.607902013085101,0.00356753759024522
1.08521992481272,0.479698619107896,-0.0466371861656277,-0.23409495725253,-0.00129073158721436,0.0298036544107175,-0.00138665505019061,-0.607975329162121,0.00363250196257764
1.0927460860557,0.479651332277275,-0.0469699378893815,-0.234104355301822,-0.00129986378341181,0.0298043803859731,-0.00139765425909901,-0.608049212080578,0.00369852935903231
1.1003244423439,0.479603186226031,-0.0473050333818724,-0.234113899505556,-0.00130905397783358,0.0298050981658895,-0.00140874780872297,-0.60812366093671,0.00376563389378509
1.10795535565772,0.479554166592373,-0.0476424863634575,-0.234123592172653,-0.00131830220740915,0.0298058073240874,-0.00141993646911861,-0.608198674687705,0.00383382978166458
1.11563919048792,0.479504258822517,-0.0479823105517175,-0.234133435646652,-0.00132760849568019,0.029806507424972,-0.00143122101298768,-0.608274252149371,0.00390313133662434
1.12337631385307,0.479453448169376,-0.0483245196595575,-0.234143432306112,-0.00133697285232583,0.0298071980236323,-0.00144260221558107,-0.608350391993825,0.00397355297015334
1.13116709531708,0.479401719691249,-0.0486691273932879,-0.234153584565012,-0.00134639527267711,0.0298078786657423,-0.00145408085460001,-0.608427092747199,0.00404510918962431
1.13901190700682,0.479349058250546,-0.0490161474506832,-0.234163894873158,-0.00135587573722043,0.0298085488874623,-0.00146565771009492,-0.608504352787375,0.00411781459657906
1.14691112362992,0.479295448512505,-0.0493655935190214,-0.234174365716576,-0.00136541421108987,0.0298092082153416,-0.00147733356436194,-0.608582170341727,0.00419168388495089
1.15486512249268,0.479240874943939,-0.0497174792731021,-0.234184999617921,-0.00137501064354826,0.0298098561662221,-0.00148910920183727,-0.608660543484906,0.0042667318392246
1.16287428351806,0.479185321811989,-0.0500718183732454,-0.234195799136875,-0.0013846649674569,0.0298104922471435,-0.00150098540898907,-0.608739470136636,0.00434297333253408
1.17093898926384,0.479128773182896,-0.0504286244632722,-0.234206766870545,-0.00139437709873371,0.0298111159552486,-0.0015129629742073,-0.608818948059548,0.00442042332469716
1.1790596249409,0.479071212920784,-0.0507879111684636,-0.234217905453869,-0.0014041469357999,0.0298117267776912,-0.00152504268769108,-0.608898974857041,0.00449909686018851
1.18723657843162,0.479012624686459,-0.0511496920935038,-0.234229217560007,-0.0014139743590148,0.0298123241915443,-0.00153722534133406,-0.608979547971175,0.00457900906604974
1.19547024030838,0.478952991936217,-0.0515139808204032,-0.234240705900744,-0.00142385923009883,0.0298129076637099,-0.00154951172860734,-0.609060664680601,0.00466017514973954
1.20376100385228,0.478892297920678,-0.0518807909064044,-0.234252373226885,-0.0014338013915446,0.0298134766508306,-0.00156190264444043,-0.609142322098525,0.00474261039692075
1.21210926507183,0.478830525683618,-0.0522501358818707,-0.234264222328649,-0.0014438006660159,0.0298140305992018,-0.00157439888509987,-0.60922451717071,0.00482633016918776
1.22051542272196,0.478767658060828,-0.0526220292481573,-0.234276256036062,-0.00145385685573453,0.0298145689446862,-0.00158700124806577,-0.609307246673523,0.00491134990173281
1.22897987832301,0.478703677678981,-0.0529964844754651,-0.234288477219349,-0.00146396974185474,0.0298150911126295,-0.00159971053190626,-0.609390507212019,0.00499768510095472
1.23750303617991,0.478638566954508,-0.0533735150006799,-0.234300888789325,-0.00147413908382552,0.0298155965177776,-0.00161252753614984,-0.609474295218075,0.00508535134200533
1.24608530340153,0.478572308092495,-0.0537531342251927,-0.234313493697778,-0.00148436461874015,0.0298160845641959,-0.00162545306115562,-0.609558606948566,0.00517436426628104
1.25472708992008,0.47850488308559,-0.0541353555127065,-0.234326294937857,-0.00149464606067337,0.0298165546451895,-0.00163848790798158,-0.609643438483591,0.00526473957885482
1.26342880851072,0.478436273712918,-0.0545201921870261,-0.234339295544451,-0.0015049831000058,0.0298170061432262,-0.00165163287825088,-0.609728785724756,0.00535649304585312
1.27219087481126,0.478366461539014,-0.0549076575298334,-0.234352498594572,-0.00151537540273551,0.02981743842986,-0.00166488877401604,-0.609814644393497,0.00544964049177604
1.28101370734203,0.478295427912764,-0.0552977647784469,-0.234365907207728,-0.00152582260977699,0.0298178508656578,-0.00167825639762144,-0.609901010029471,0.00554419779676463
1.28989772752585,0.478223153966361,-0.0556905271235665,-0.234379524546295,-0.00153632433624691,0.0298182428001272,-0.00169173655156369,-0.609987877988997,0.00564018089381341
1.29884335970818,0.478149620614268,-0.0560859577070043,-0.234393353815889,-0.00154688017073706,0.0298186135716461,-0.00170533003835032,-0.610075243443557,0.00573760576593185
1.30785103117738,0.478074808552192,-0.0564840696193998,-0.234407398265732,-0.00155748967457408,0.0298189625073947,-0.0017190376603566,-0.610163101378357,0.00583648844325496
1.31692117218509,0.477998698256073,-0.0568848758979206,-0.23442166118901,-0.00156815238106611,0.0298192889232895,-0.00173286021968054,-0.610251446590955,0.00593684500010383
1.32605421596686,0.477921269981076,-0.0572883895239511,-0.234436145923234,-0.00157886779473614,0.0298195921239189,-0.00174679851799627,-0.610340273689946,0.00603869155199876
1.33525059876274,0.477842503760597,-0.0576946234207632,-0.234450855850592,-0.00158963539054207,0.0298198714024816,-0.00176085335640565,-0.610429577093725,0.0061420442526261
1.34451075983821,0.477762379405274,-0.058103590451176,-0.234465794398296,-0.00160045461308338,0.0298201260407264,-0.00177502553528826,-0.610519351029306,0.00624691929076004
1.3538351415051,0.47768087650201,-0.0585153034152001,-0.23448096503893,-0.00161132487579442,0.0298203553088946,-0.00178931585414988,-0.610609589531219,0.00635333288714079
1.36322418914273,0.477597974413002,-0.0589297750476676,-0.234496371290787,-0.00162224556012406,0.0298205584656645,-0.00180372511146929,-0.610700286440479,0.00646130129131239
1.37267835121923,0.477513652274772,-0.059347018015848,-0.2345120167182,-0.00163321601470198,0.0298207347580985,-0.00181825410454369,-0.610791435403627,0.00657084077841957
1.38219807931287,0.477427888997217,-0.0597670449170502,-0.234527904931875,-0.00164423555449114,0.0298208834215912,-0.0018329036293326,-0.610883029871843,0.00668196764596907
1.39178382813373,0.477340663262649,-0.0601898682762088,-0.234544039589212,-0.00165530345992673,0.0298210036798217,-0.00184767448030047,-0.610975063100149,0.0067946982105524
1.40143605554534,0.477251953524854,-0.0606155005434576,-0.234560424394618,-0.00166641897604134,0.0298210947447067,-0.00186256745025779,-0.611067528146671,0.00690904880453785
1.4111552225866,0.477161738008146,-0.0610439540916866,-0.234577063099825,-0.00167758131157635,0.0298211558163565,-0.00187758333020107,-0.611160417872002,0.00702503577272889
1.42094179349378,0.477069994706433,-0.0614752412140845,-0.234593959504188,-0.00168878963807955,0.0298211860830336,-0.00189272290915152,-0.611253724938634,0.00714267546899461
1.43079623572268,0.476976701382278,-0.0619093741216659,-0.234611117454985,-0.00170004308898891,0.0298211847211131,-0.0019079869739925,-0.611347441810475,0.0072619842528725
1.440719019971,0.47688183556597,-0.0623463649407825,-0.234628540847709,-0.00171134075870242,0.0298211508950462,-0.00192337630930591,-0.611441560752455,0.00738297848614661
1.45071062020079,0.476785374554594,-0.0627862257106179,-0.23464623362635,-0.00172268170163403,0.0298210837573256,-0.00193889169720753,-0.611536073830218,0.00750567452940359
1.46077151366109,0.476687295411101,-0.0632289683806666,-0.234664199783673,-0.00173406493125557,0.0298209824484536,-0.00195453391718124,-0.611630972909893,0.00763008873856919
1.47090218091073,0.476587574963383,-0.0636746048081948,-0.234682443361488,-0.00174548941912478,0.0298208460969127,-0.00197030374591242,-0.611726249657967,0.00775623746142656
1.48110310584131,0.476486189803346,-0.0641231467556845,-0.234700968450908,-0.00175695409389919,0.0298206738191386,-0.00198620195712032,-0.611821895541232,0.00788413703412155
1.49137477570027,0.476383116285979,-0.0645746058882584,-0.234719779192607,-0.001768457840336,0.0298204647194956,-0.00200222932138967,-0.611917901826839,0.00801380377765387
1.50171768111418,0.47627833052843,-0.0650289937710871,-0.234738879777061,-0.00177999949827785,0.0298202178902546,-0.00201838660600149,-0.61201425958243,0.00814525399436061
1.5121323161122,0.476171808409073,-0.0654863218667756,-0.23475827444479,-0.0017915778616245,0.0298199324115739,-0.0020346745747631,-0.612110959676369,0.00827850396439272
1.52261917814963,0.476063525566578,-0.0659466015327305,-0.234777967486581,-0.00180319167729031,0.0298196073514819,-0.00205109398783758,-0.612207992778064,0.00841356994218762
1.53317876813171,0.475953457398972,-0.0664098440185048,-0.234797963243711,-0.00181483964414759,0.0298192417658627,-0.00206764560157249,-0.612305349358385,0.00855046815294097
1.54381159043753,0.475841579062704,-0.0668760604631225,-0.234818266108157,-0.00182652041195574,0.0298188346984441,-0.00208433016832815,-0.612403019690173,0.0086892147890808
1.55451815294413,0.475727865471704,-0.0673452618923785,-0.234838880522795,-0.00183823258027616,0.0298183851807886,-0.00210114843630527,-0.612500993848847,0.00882982600674592
1.56529896705074,0.47561229129643,-0.0678174592161164,-0.234859810981595,-0.00184997469737302,0.0298178922322856,-0.00211810114937229,-0.612599261713103,0.00897231792227349
1.57615454770323,0.475494830962921,-0.0682926632254803,-0.234881062029797,-0.00186174525909956,0.0298173548601479,-0.00213518904689221,-0.612697812965712,0.00911670660869596
1.58708541341869,0.475375458651839,-0.0687708845901413,-0.234902638264089,-0.00187354270777028,0.0298167720594091,-0.00215241286354918,-0.612796637094409,0.00926300809225405
1.5980920863102,0.475254148297505,-0.0692521338554967,-0.234924544332765,-0.00188536543101882,0.0298161428129246,-0.0021697733291747,-0.612895723392884,0.00941123834892482
1.60917509211179,0.475130873586927,-0.0697364214398417,-0.234946784935875,-0.00189721176064139,0.0298154660913741,-0.00218727116857368,-0.612995060961861,0.0095614133009716
1.62033496020352,0.475005607958827,-0.0702237576315114,-0.234969364825369,-0.00190907997142591,0.0298147408532675,-0.00220490710135031,-0.613094638710279,0.00971354881351622
1.63157222363676,0.474878324602658,-0.070714152585992,-0.234992288805223,-0.00192096827996686,0.0298139660449527,-0.00222268184173378,-0.613194445356568,0.00986766069113854
1.64288741915971,0.47474899645761,-0.0712076163230004,-0.235015561731555,-0.00193287484346559,0.0298131406006257,-0.00224059609840391,-0.613294469430009,0.0100237646745048
1.65428108724297,0.474617596211611,-0.0717041587235306,-0.235039188512738,-0.00194479775851624,0.0298122634423436,-0.00225865057431686,-0.613394699272207,0.0101818764370294
1.6657537721054,0.474484096300325,-0.0722037895268654,-0.23506317410949,-0.00195673505987738,0.0298113334800396,-0.00227684596653069,-0.613495123038643,0.0103420115815724
1.67730602174008,0.474348468906131,-0.0727065183275518,-0.235087523534958,-0.00196868471922887,0.0298103496115403,-0.0022951829660312,-0.613595728700321,0.0105041856371765
1.68893838794052,0.474210685957108,-0.073212354572339,-0.235112241854788,-0.0019806446439145,0.0298093107225856,-0.0023136622575577,-0.613696504045516,0.0106684140558455
1.70065142632699,0.474070719125994,-0.073721307557077,-0.235137334187187,-0.00199261267566996,0.0298082156868509,-0.00233228451942907,-0.613797436681603,0.0108347122093688
1.71244569637308,0.473928539829156,-0.0742333864235748,-0.235162805702964,-0.00200458658933624,0.029807063365971,-0.00235105042336996,-0.613898514036981,0.0110030953861951
1.72432176143241,0.473784119225534,-0.0747486001564159,-0.235188661625566,-0.00201656409155852,0.0298058526095672,-0.00236996063433725,-0.613999723363088,0.0111735787883557
1.73628018876552,0.47363742821559,-0.0752669575797298,-0.235214907231097,-0.00202854281947032,0.0298045822552755,-0.00238901581034679,-0.614101051736498,0.0113461775284449
1.74832154956701,0.473488437440242,-0.0757884673539176,-0.235241547848324,-0.00204052033936312,0.0298032511287782,-0.00240821660230048,-0.614202486061112,0.0115209066266571
1.7604464189928,0.47333711727979,-0.0763131379723302,-0.23526858885867,-0.00205249414534113,0.0298018580438363,-0.00242756365381369,-0.614304013070424,0.0116977810078847
1.77265537618758,0.473183437852839,-0.076840977757897,-0.235296035696194,-0.00206446165796141,0.0298004018023251,-0.00244705760104305,-0.614405619329883,0.0118768154988795
1.78494900431252,0.473027369015208,-0.0773719948597037,-0.235323893847552,-0.00207642022285918,0.0297988811942713,-0.00246669907251468,-0.614507291239322,0.0120580248254825
1.79732789057308,0.472868880358842,-0.0779061972495164,-0.235352168851953,-0.00208836710935831,0.0297972949978921,-0.00248648868895291,-0.61460901503548,0.0122414236099214
1.80979262624709,0.472707941210703,-0.0784435927182516,-0.235380866301087,-0.00210029950906686,0.0297956419796365,-0.00250642706310932,-0.614710776794593,0.0124270263681819
1.82234380671297,0.472544520631672,-0.0789841888723889,-0.235409991839054,-0.00211221453445778,0.0297939208942287,-0.00252651479959253,-0.614812562435064,0.0126148475074543
1.83498203147818,0.472378587415432,-0.0795279931303243,-0.235439551162263,-0.00212410921743454,0.0297921304847126,-0.00254675249469823,-0.614914357720204,0.012804901323657
1.84770790420785,0.472210110087352,-0.0800750127186638,-0.235469550019324,-0.00213598050788184,0.0297902694824992,-0.00256714073623998,-0.615016148261048,0.0129972019990422
1.86052203275364,0.472039056903373,-0.0806252546684538,-0.235499994210923,-0.00214782527220101,0.0297883366074149,-0.00258768010338042,-0.615117919519238,0.0131917635998848
1.87342502918271,0.471865395848876,-0.0811787258113458,-0.235530889589676,-0.00215964029183047,0.0297863305677523,-0.00260837116646312,-0.61521965680997,0.0133886000742558
1.88641750980704,0.471689094637569,-0.0817354327756963,-0.235562242059977,-0.00217142226175086,0.0297842500603219,-0.00262921448684494,-0.615321345305006,0.0135877252498853
1.89950009521279,0.471510120710349,-0.0822953819825951,-0.235594057577815,-0.0021831677889748,0.0297820937705065,-0.00265021061672913,-0.615422970035751,0.0137891528321162
1.91267341029,0.47132844123419,-0.0828585796418255,-0.235626342150586,-0.00219487339102144,0.0297798603723163,-0.0026713600989988,-0.615524515896379,0.0139928964019503
1.92593808426241,0.47114402310101,-0.0834250317477489,-0.235659101836886,-0.00220653549437553,0.0297775485284458,-0.00269266346705122,-0.615625967647024,0.0141989694141895
1.93929475071751,0.470956832926555,-0.0839947440751162,-0.235692342746275,-0.00221815043293091,0.0297751568903329,-0.00271412124463253,-0.615727309917018,0.0144073851956754
1.95274404763682,0.470766837049283,-0.0845677221748016,-0.235726071039039,-0.00222971444641843,0.0297726840982185,-0.00273573394567321,-0.615828527208179,0.0146181569436264
1.96628661742637,0.470574001529253,-0.0851439713694565,-0.235760292925925,-0.00224122367881835,0.029770128781208,-0.00275750207412399,-0.615929603898145,0.0148312977240776
1.97992310694735,0.470378292147021,-0.0857234967490825,-0.235795014667853,-0.00225267417675678,0.0297674895573347,-0.00277942612379246,-0.616030524243752,0.0150468204704226
1.99365416754703,0.470179674402548,-0.0863063031665219,-0.235830242575622,-0.00226406188788648,0.0297647650336235,-0.00280150657818025,-0.616131272384449,0.0152647379820607
2.00748045508988,0.469978113514119,-0.0868923952328611,-0.235865983009583,-0.00227538265925165,0.0297619538061568,-0.00282374391032064,-0.616231832345755,0.0154850629231492
2.0214026299889,0.469773574417266,-0.0874817773127485,-0.235902242379298,-0.00228663223563674,0.0297590544601412,-0.00284613858261693,-0.616332188042741,0.015707807821466
2.03542135723711,0.469566021763721,-0.0880744535196212,-0.235939027143181,-0.00229780625789929,0.0297560655699757,-0.00286869104668114,-0.616432323283548,0.0159329850673771
2.0495373064394,0.469355419920374,-0.0886704277108418,-0.235976343808116,-0.00230890026128638,0.029752985699321,-0.00289140174317335,-0.616532221772928,0.0161606069129186
2.06375115184445,0.469141732968252,-0.0892697034827403,-0.236014198929049,-0.00231990967373517,0.0297498134011698,-0.00291427110164146,-0.616631867115805,0.0163906854709869
2.07806357237695,0.468924924701522,-0.0898722841655618,-0.236052599108568,-0.00233082981415671,0.0297465472179185,-0.0029372995403614,-0.616731242820861,0.0166232327146438
2.09247525167004,0.468704958626519,-0.0904781728183168,-0.236091550996453,-0.00234165589070366,0.0297431856814397,-0.00296048746617782,-0.61683033230413,0.0168582604765329
2.10698687809795,0.468481797960795,-0.0910873722235313,-0.236131061289209,-0.00235238299902136,0.029739727313156,-0.00298383527434514,-0.616929118892608,0.0170957804484105
2.12159914480891,0.468255405632202,-0.0916998848818977,-0.236171136729569,-0.0023630061204823,0.0297361706241145,-0.00300734334836896,-0.617027585827868,0.0173358041807922
2.1363127497582,0.468025744277999,-0.0923157130068204,-0.236211784105981,-0.00237352012040403,0.0297325141150629,-0.00303101205984778,-0.617125716269678,0.0175783430827125
2.15112839574156,0.467792776244007,-0.0929348585188598,-0.23625301025207,-0.00238391974625014,0.0297287562765256,-0.00305484176831506,-0.617223493299627,0.0178234084216022
2.1660467904287,0.467556463583783,-0.0935573230400674,-0.236294822046068,-0.00239419962581466,0.0297248955888819,-0.00307883282108148,-0.61732089992473,0.0180710113232787
2.18106864639712,0.46731676805785,-0.0941831078882147,-0.236337226410227,-0.00240435426538927,0.0297209305224438,-0.00310298555307742,-0.617417919081046,0.0183211627720549
2.19619468116618,0.467073651132963,-0.0948122140709114,-0.236380230310205,-0.00241437804791395,0.0297168595375359,-0.00312730028669555,-0.61751453363727,0.0185738736109611
2.21142561723131,0.466827073981416,-0.0954446422796137,-0.236423840754423,-0.00242426523111004,0.0297126810845757,-0.00315177733163361,-0.617610726398311,0.0188291545420844
2.22676218209858,0.466576997480414,-0.0960803928835184,-0.236468064793395,-0.0024340099455968,0.0297083936041543,-0.00317641698473718,-0.617706480108861,0.0190870161270215
2.24220510831939,0.466323382211483,-0.0967194659233453,-0.236512909519034,-0.00244360619299044,0.0297039955271187,-0.00320121952984248,-0.617801777456928,0.0193474687874477
2.25775513352553,0.466066188459942,-0.0973618611050013,-0.23655838206393,-0.00245304784398601,0.0296994852746544,-0.00322618523761912,-0.617896601077348,0.0196105228057988
2.27341300046436,0.465805376214436,-0.0980075777931315,-0.236604489600594,-0.00246232863642232,0.0296948612583693,-0.00325131436541275,-0.617990933555273,0.0198761883260674
2.28917945703428,0.465540905166534,-0.0986566150045488,-0.236651239340675,-0.00247144217332916,0.0296901218803781,-0.00327660715708757,-0.618084757429608,0.0201444753547107
2.30505525632052,0.46527273471039,-0.0993089714015473,-0.236698638534154,-0.00248038192095767,0.0296852655333873,-0.00330206384286855,-0.618178055196428,0.0204153937616708
2.32104115663104,0.465000823942481,-0.0999646452850946,-0.236746694468496,-0.00248914120679316,0.0296802906007816,-0.00332768463918349,-0.618270809312344,0.0206889532815044
2.33713792153279,0.464725131661411,-0.100623634587903,-0.236795414467776,-0.00249771321755066,0.0296751954567112,-0.00335346974850464,-0.618363002197818,0.020965163514623
2.35334631988814,0.464445616367805,-0.10128593686738,-0.236844805891777,-0.00250609099715322,0.0296699784661789,-0.00337941935918998,-0.618454616240445,0.0212440339286391
2.36966712589169,0.464162236264281,-0.101951549298456,-0.236894876135044,-0.00251426744469303,0.0296646379851295,-0.00340553364532406,-0.618545633798166,0.0215255738598217
2.38610111910714,0.463874949255511,-0.102620468666286,-0.236945632625917,-0.00252223531237492,0.0296591723605389,-0.0034318127665582,-0.618636037202434,0.0218097925146526
2.40264908450462,0.463583712948368,-0.103292691358833,-0.236997082825517,-0.00252998720344327,0.0296535799305049,-0.00345825686795031,-0.618725808761317,0.0220966989714897
2.41931181249812,0.463288484652182,-0.103968213359324,-0.237049234226711,-0.00253751557009124,0.0296478590243387,-0.00348486607980385,-0.618814930762543,0.0223863021823286
2.43609009898327,0.46298922137908,-0.104647030238578,-0.237102094353023,-0.00254481271135322,0.0296420079626572,-0.00351164051750622,-0.618903385476468,0.0226786109746647
2.45298474537537,0.46268587984445,-0.105329137147218,-0.237155670757525,-0.00255187077098025,0.0296360250574764,-0.00353858028136633,-0.618991155158986,0.0229736340534525
2.46999655864764,0.462378416467496,-0.10601452880775,-0.23720997102168,-0.00255868173529866,0.0296299086123059,-0.00356568545645132,-0.619078222054356,0.0232713800031593
2.48712635136979,0.462066787371921,-0.10670319950652,-0.237265002754147,-0.00256523743105182,0.0296236569222446,-0.00359295611242242,-0.619164568397967,0.0235718572899126
2.50437494174681,0.461750948386724,-0.107395143085546,-0.237320773589549,-0.00257152952322548,0.0296172682740774,-0.00362039230336979,-0.619250176419004,0.0238750742637372
2.52174315365806,0.46143085504712,-0.108090352934231,-0.2373772911872,-0.00257754951285671,0.0296107409463728,-0.0036479940676464,-0.61933502834305,0.0241810391608792
2.53923181669665,0.461106462595591,-0.108788821980937,-0.237434563229789,-0.00258328873482649,0.0296040732095825,-0.00367576142770077,-0.619419106394595,0.0244897601062176
2.55684176620901,0.460777725983071,-0.109490542684451,-0.237492597422021,-0.00258873835563649,0.0295972633261415,-0.0037036943899086,-0.619502392799457,0.0248012451157569
2.57457384333485,0.460444599870268,-0.110195507025324,-0.237551401489212,-0.00259388937116992,0.02959030955057,-0.00373179294440318,-0.619584869787116,0.0251155020991997
2.59242889504728,0.460107038629129,-0.110903706497078,-0.237610983175848,-0.0025987326044371,0.0295832101295768,-0.00376005706490456,-0.619666519592953,0.0254325388625968
2.61040777419332,0.45976499634446,-0.111615132097304,-0.23767135024409,-0.00260325870330548,0.029575963302164,-0.0037884867085474,-0.619747324460394,0.0257523631110719
2.6285113395346,0.459418426815692,-0.112329774318634,-0.237732510472231,-0.00260745813821538,0.0295685672997332,-0.00381708181570743,-0.619827266642957,0.0260749824516155
2.64674045578839,0.459067283558811,-0.113047623139593,-0.237794471653114,-0.00261132119988045,0.0295610203461938,-0.0038458423098265,-0.619906328406197,0.0264004043959501
2.6650959936689,0.458711519808456,-0.113768668015336,-0.237857241592492,-0.00261483799697458,0.0295533206580726,-0.0038747680972362,-0.619984492029552,0.0267286363634579
2.68357882992886,0.458351088520175,-0.114492897868266,-0.237920828107341,-0.00261799845380478,0.0295454664446258,-0.0039038590669799,-0.620061739808084,0.0270596856841698
2.70218984740145,0.457985942372871,-0.11522030107854,-0.237985239024127,-0.00262079230797076,0.0295374559079519,-0.00393311509063332,-0.620138054054109,0.0273935596018167
2.72092993504239,0.457616033771417,-0.115950865474458,-0.23805048217701,-0.00262320910801168,0.0295292872431081,-0.00396253602212342,-0.620213417098728,0.0277302652769321
2.73979998797246,0.457241314849468,-0.116684578322745,-0.238116565406001,-0.00262523821104071,0.0295209586382276,-0.00399212169754567,-0.620287811293238,0.0280698097900084
2.75880090752022,0.456861737472449,-0.117421426318724,-0.238183496555069,-0.00262686878036752,0.0295124682746398,-0.00402187193497971,-0.620361219010443,0.028412200144702
2.77793360126509,0.45647725324076,-0.118161395576379,-0.238251283470177,-0.00262808978310975,0.0295038143269927,-0.00405178653430324,-0.62043362264584,0.0287574432710834
2.79719898308069,0.456087813493163,-0.118904471618315,-0.238319933997279,-0.00262888998779385,0.0294949949633777,-0.0040818652770042,-0.620505004618701,0.0291055460289281
2.81659797317847,0.455693369310397,-0.119650639365624,-0.238389455980245,-0.00262925796194592,0.0294860083454573,-0.00411210792599125,-0.620575347373033,0.0294565152110473
2.83613149815172,0.455293871518987,-0.120399883127637,-0.238459857258732,-0.00262918206967325,0.0294768526285949,-0.00414251422540237,-0.620644633378428,0.0298103575466521
2.85580049101974,0.454889270695288,-0.121152186591594,-0.238531145665993,-0.00262865046923749,0.0294675259619882,-0.0041730839004118,-0.620712845130782,0.0301670797047492
2.87560589127251,0.454479517169745,-0.121907532812218,-0.238603329026625,-0.00262765111061985,0.029458026488805,-0.00420381665703511,-0.620779965152917,0.0305266882975647
2.89554864491548,0.454064561031385,-0.122665904201194,-0.238676415154252,-0.00262617173307959,0.0294483523463222,-0.00423471218193245,-0.620845975995058,0.0308891898839911
2.91562970451479,0.453644352132551,-0.123427282516569,-0.238750411849143,-0.00262419986270637,0.0294385016660687,-0.00426577014221009,-0.620910860235214,0.0312545909730557
2.93585002924278,0.453218840093861,-0.124191648852069,-0.238825326895769,-0.00262172280996719,0.0294284725739703,-0.00429699018522003,-0.620974600479421,0.0316228980274056
2.95621058492378,0.452787974309435,-0.124958983626332,-0.238901168060282,-0.00261872766724967,0.0294182631904997,-0.00432837193835796,-0.62103717936187,0.0319941174668054
2.97671234408028,0.45235170395236,-0.125729266572074,-0.238977943087938,-0.00261520130640152,0.0294078716308287,-0.00435991500885931,-0.621098579544918,0.0323682556716462
2.99735628597932,0.451909977980416,-0.126502476725184,-0.23905565970044,-0.00261113037626838,0.0293972960049858,-0.00439161898359367,-0.621158783718968,0.032745318986459
3.01814339667932,0.451462745142068,-0.127278592413746,-0.239134325593218,-0.00260650130023016,0.0293865344180158,-0.00442348342885739,-0.621217774602234,0.0331253137234325
3.03907466907719,0.451009953982727,-0.128057591247013,-0.239213948432629,-0.00260130027373798,0.0293755849701454,-0.00445550789016449,-0.621275534940385,0.0335082461659286
3.06015110295567,0.45055155285128,-0.128839450104315,-0.239294535853089,-0.00259551326185194,0.0293644457569519,-0.00448769189203598,-0.621332047506057,0.0338941225719944
3.08137370503119,0.450087489906907,-0.129624145123918,-0.239376095454123,-0.00258912599678177,0.0293531148695367,-0.00452003493778747,-0.621387295098259,0.034282949177866
3.10274348900188,0.449617713126177,-0.13041165169184,-0.239458634797351,-0.00258212397543113,0.0293415903947032,-0.00455253650931528,-0.621441260541643,0.0346747322014613
3.12426147559604,0.449142170310438,-0.13120194443063,-0.239542161403381,-0.00257449245694759,0.0293298704151398,-0.00458519606688101,-0.621493926685662,0.0350694778458572
3.14592869262085,0.448660809093504,-0.131994997188098,-0.239626682748634,-0.00256621646027862,0.0293179530096073,-0.00461801304889467,-0.621545276403604,0.0354671923027499
3.16774617501149,0.448173576949634,-0.132790783026038,-0.239712206262083,-0.00255728076173622,0.0293058362531317,-0.0046509868716964,-0.621595292591509,0.035867881755892
3.18971496488059,0.447680421201832,-0.133589274208906,-0.239798739321914,-0.00254766989257117,0.0292935182172019,-0.00468411692933697,-0.621643958166959,0.0362715523845065
3.21183611156796,0.44718128903044,-0.134390442192502,-0.239886289252103,-0.00253736813655828,0.0292809969699734,-0.00471740259335699,-0.621691256067764,0.0366782103666716
3.23411067169074,0.446676127482064,-0.135194257612625,-0.239974863318903,-0.00252635952759483,0.0292682705764765,-0.00475084321256498,-0.621737169250511,0.0370878618826734
3.25653970919388,0.446164883478809,-0.136000690273739,-0.240064468727259,-0.00251462784731354,0.0292553370988312,-0.00478443811281449,-0.621781680689018,0.0375005131183262
3.27912429540095,0.445647503827844,-0.136809709137631,-0.240155112617122,-0.0025021566227119,0.0292421945964676,-0.00481818659678022,-0.621824773372651,0.0379161702682525
3.30186550906528,0.445123935231298,-0.137621282312087,-0.240246802059682,-0.00248892912379994,0.0292288411263517,-0.00485208794373339,-0.621866430304546,0.0383348395391243
3.32476443642155,0.44459412429649,-0.138435377039586,-0.240339544053515,-0.00247492836126771,0.0292152747432187,-0.00488614140931636,-0.6219066344997,0.0387565271528588
3.3478221712376,0.444058017546498,-0.139251959686017,-0.240433345520633,-0.00246013708417538,0.0292014934998111,-0.0049203462253167,-0.621945368982963,0.0391812393497679
3.37103981486675,0.443515561431072,-0.14007099572943,-0.240528213302444,-0.00244453777766697,0.0291874954471247,-0.00495470159944089,-0.621982616786917,0.0396089823916586
3.39441847630035,0.442966702337895,-0.140892449748832,-0.240624154155627,-0.00242811266071059,0.0291732786346601,-0.00498920671508765,-0.622018360949635,0.0400397625648797
3.41795927222076,0.4424113866042,-0.141716285413026,-0.2407211747479,-0.00241084368386682,0.029158841110682,-0.00502386073112116,-0.622052584512349,0.0404735861833132
3.44166332705473,0.441849560528736,-0.142542465469517,-0.240819281653709,-0.00239271252708777,0.0291441809224845,-0.00505866278164438,-0.622085270516997,0.0409104595913077
3.46553177302703,0.441281170384097,-0.143370951733477,-0.240918481349804,-0.00237370059754881,0.0291292961166643,-0.00509361197577238,-0.622116402003672,0.0413503891665506
3.48956575021462,0.440706162429419,-0.144201705076792,-0.241018780210737,-0.00235378902751564,0.0291141847394007,-0.00512870739740626,-0.622145962007971,0.0417933813228773
3.51376640660105,0.440124482923441,-0.145034685417188,-0.241120184504244,-0.00233295867224861,0.0290988448367432,-0.00516394810500742,-0.622173933558234,0.0422394425130135
3.53813489813128,0.439536078137933,-0.145869851707453,-0.241222700386545,-0.00231119010794756,0.0290832744549066,-0.00519933313137266,-0.622200299672689,0.0426885792312493
3.56267238876697,0.438940894371503,-0.146707161924768,-0.241326333897528,-0.00228846362973865,0.0290674716405736,-0.00523486148341022,-0.622225043356498,0.0431407980160426
3.58738005054197,0.438338877963782,-0.147546573060143,-0.24143109095585,-0.00226475924970684,0.0290514344412056,-0.00527053214191687,-0.622248147598708,0.0435961054525482
3.61225906361841,0.437729975309979,-0.148388041107984,-0.241536977353921,-0.00224005669497573,0.029035160905361,-0.00530634406135645,-0.622269595369105,0.0440545081750721
3.63731061634298,0.437114132875832,-0.149231521055782,-0.241643998752797,-0.0022143354058385,0.0290186490830222,-0.00534229616963992,-0.62228936961498,0.0445160128694478
3.66253590530377,0.436491297212935,-0.150076966873965,-0.241752160676966,-0.00218757453394165,0.0290018970259299,-0.00537838736790722,-0.622307453257799,0.0449806262753314
3.68793613538733,0.43586141497445,-0.150924331505881,-0.241861468509031,-0.00215975294052526,0.0289849027879265,-0.00541461653031118,-0.622323829189788,0.0454483551884166
3.71351251983634,0.435224432931215,-0.151773566857967,-0.241971927484287,-0.00213084919472224,0.0289676644253075,-0.00545098250380367,-0.622338480270437,0.0459192064625633
3.73926628030746,0.43458029798824,-0.15262462379008,-0.242083542685201,-0.00210084157191992,0.0289501799971816,-0.00548748410792435,-0.622351389322907,0.0463931870118419
3.76519864692972,0.433928957201588,-0.153477452106023,-0.24219631903578,-0.00206970805218638,0.0289324475658394,-0.00552412013459211,-0.622362539130368,0.0468703038124881
3.7913108583633,0.433270357795662,-0.154332000544269,-0.242310261295832,-0.00203742631876529,0.0289144651971308,-0.00556088934789967,-0.622371912432248,0.0473505639047695
3.81760416185865,0.432604447180876,-0.155188216768889,-0.242425374055135,-0.00200397375664238,0.0288962309608509,-0.00559779048391141,-0.622379491920409,0.0478339743947587
3.84407981331609,0.431931172971726,-0.156046047360712,-0.24254166172748,-0.00196932745118622,0.0288777429311354,-0.00563482225046492,-0.622385260235244,0.0483205424560142
3.87073907734582,0.431250483005251,-0.156905437808712,-0.242659128544626,-0.00193346418686703,0.0288589991868646,-0.00567198332697633,-0.622389199961705,0.0488102753311672
3.89758322732826,0.430562325359898,-0.157766332501642,-0.242777778550141,-0.00189636044605707,0.0288399978120759,-0.0057092723642499,-0.622391293625256,0.0493031803334095
3.92461354547494,0.429866648374772,-0.158628674719932,-0.242897615593132,-0.00185799240791527,0.0288207368963867,-0.00574668798429211,-0.622391523687752,0.0497992648478859
3.95183132288971,0.429163400669292,-0.159492406627853,-0.24301864332188,-0.00181833594736076,0.0288012145354249,-0.00578422878013054,-0.622389872543264,0.0502985363329863
3.97923785963041,0.42845253116323,-0.160357469265962,-0.243140865177364,-0.00177736663413726,0.0287814288312695,-0.0058218933156378,-0.622386322513828,0.0508010023215355
4.00683446477099,0.42773398909715,-0.161223802543857,-0.243264284386672,-0.00173505973197344,0.0287613778929003,-0.00585968012536104,-0.622380855845132,0.0513066704218841
4.03462245646401,0.427007724053233,-0.162091345233223,-0.24338890395632,-0.00169139019784179,0.0287410598366562,-0.00589758771435707,-0.622373454702151,0.0518155483188924
4.06260316200361,0.426273685976498,-0.162960034961217,-0.243514726665456,-0.00164633268132033,0.0287204727867035,-0.00593561455803367,-0.622364101164712,0.0523276437748124
4.09077791788892,0.425531825196405,-0.16382980820418,-0.243641755058963,-0.00159986152406029,0.0286996148755129,-0.00597375910199731,-0.622352777223014,0.0528429646300627
4.11914806988789,0.424782092448844,-0.164700600281705,-0.24376999144046,-0.0015519507593644,0.0286784842443458,-0.00601201976190765,-0.622339464773085,0.0533615188038975
4.14771497310157,0.424024438898503,-0.165572345351059,-0.243899437865193,-0.00150257411187847,0.0286570790437498,-0.00605039492333911,-0.622324145612194,0.053883314294966
4.17647999202884,0.423258816161623,-0.166444976401992,-0.244030096132834,-0.00145170499740117,0.0286353974340634,-0.00608888294165006,-0.62230680143421,0.0544083591817652
4.20544450063156,0.422485176329116,-0.167318425251932,-0.244161967780167,-0.00139931652281558,0.0286134375859296,-0.00612748214185964,-0.622287413824914,0.0549366616229807
4.23460988240025,0.42170347199006,-0.168192622541583,-0.244295054073684,-0.00134538148614556,0.0285911976808189,-0.00616619081853298,-0.622265964257266,0.0554682298577187
4.26397753042013,0.420913656255562,-0.169067497730947,-0.244429356002074,-0.00128987237674266,0.0285686759115608,-0.00620500723567482,-0.622242434086631,0.0560030722056245
4.29354884743766,0.420115682782973,-0.169942979095771,-0.24456487426862,-0.00123276137560607,0.0285458704828847,-0.0062439296266322,-0.622216804545962,0.0565411970668904
4.32332524592758,0.419309505800469,-0.17081899372445,-0.244701609283491,-0.00117402035584031,0.0285227796119692,-0.00628295619400631,-0.622189056740942,0.0570826129221488
4.35330814816033,0.418495080131973,-0.17169546751538,-0.244839561155952,-0.00111362088325462,0.0284994015290002,-0.00632208510957413,-0.622159171645096,0.0576273283322527
4.38349898627002,0.417672361222423,-0.172572325174801,-0.244978729686466,-0.00105153421710794,0.0284757344777376,-0.0063613145142201,-0.622127130094865,0.058175351937941
4.41389920232282,0.416841305163377,-0.173449490215115,-0.245119114358714,-0.000987731311003978,0.0284517767160907,-0.00640064251787819,-0.622092912784642,0.0587266924593888
4.44451024838583,0.416001868718947,-0.174326884953716,-0.245260714331524,-0.00092218281394045,0.0284275265167015,-0.00644006719948479,-0.62205650026179,0.0592813586956409
4.47533358659646,0.415154009352054,-0.175204430512337,-0.245403528430706,-0.00085485907151589,0.028402982167536,-0.00647958660694287,-0.62201787292162,0.0598393595239307
4.50637068923228,0.41429768525099,-0.17608204681693,-0.245547555140811,-0.000785730127299211,0.0283781419724845,-0.0065191987570976,-0.621977011002352,0.060400703898881
4.53762303878129,0.413432855356297,-0.17695965259809,-0.245692792596795,-0.000714765724365574,0.0283530042519681,-0.00655890163572404,-0.621933894580043,0.0609654008515862
4.56909212801278,0.412559479387924,-0.177837165392046,-0.245839238575615,-0.000641935307002794,0.0283275673435543,-0.00659869319752713,-0.621888503563499,0.0615334594885795
4.60077946004862,0.411677517872686,-0.17871450154222,-0.245986890487738,-0.00056720802259258,0.0283018296025789,-0.00663857136615442,-0.62184081768917,0.0621048889906786
4.63268654843505,0.410786932171984,-0.179591576201381,-0.246135745368574,-0.000490552723670587,0.0282757894027756,-0.0066785340342219,-0.621790816516017,0.062679698611714
4.66481491721498,0.409887684509793,-0.180468303334403,-0.246285799869845,-0.000411937970169585,0.028249445136912,-0.0067185790633533,-0.621738479420369,0.0632578976771382
4.69716610100076,0.408979738000909,-0.181344595721634,-0.24643705025087,-0.000331332031849679,0.0282227952174329,-0.00675870428423338,-0.621683785590768,0.0638394955825149
4.72974164504755,0.408063056679424,-0.182220364962909,-0.246589492369801,-0.000248702890919925,0.0281958380771093,-0.00679890749667527,-0.621626714022797,0.0644245017918875
4.76254310532705,0.407137605527441,-0.183095521482192,-0.24674312167478,-0.000164018244855027,0.0281685721696936,-0.00683918646970256,-0.621567243513899,0.0650129258360281
4.79557204860185,0.406203350503992,-0.183969974532891,-0.246897933195046,-7.72455094117802e-05,0.0281409959705811,-0.00687953894164639,-0.621505352658192,0.0656047773105654
4.82883005250031,0.405260258574171,-0.184843632203838,-0.247053921531982,1.16481781513994e-05,0.0281131079774757,-0.00691996262025778,-0.621441019841266,0.066200065873992
4.86231870559183,0.404308297738439,-0.185716401425956,-0.24721108085011,0.000102695955647492,0.028084906711062,-0.00696045518283572,-0.621374223234994,0.0667988012455491
4.89603960746281,0.403347437062114,-0.186588187979625,-0.247369404868043,0.000195931232322574,0.0280563907156812,-0.00700101427637138,-0.621304940792318,0.0674009932029912
4.92999436879299,0.40237764670501,-0.187458896502757,-0.247528886849381,0.000291387685002281,0.0280275585600119,-0.00704163751770864,-0.621233150242056,0.068006651580228
4.96418461143244,0.401398897951221,-0.188328430499598,-0.247689519593581,0.000389099254019545,0.0279984088377542,-0.00708232249372137,-0.621158829083691,0.068615786264844
4.99861196847899,0.400411163239029,-0.189196692350262,-0.247851295426781,0.000489100138919188,0.0279689401683183,-0.00712306676150785,-0.621081954582175,0.0692284071954959
5.03327808435624,0.399414416190922,-0.190063583321018,-0.248014206192599,0.00059142479393634,0.0279391511975152,-0.00716386784860256,-0.621002503762737,0.0698445243591876
5.06818461489212,0.398408631643696,-0.190929003575332,-0.248178243242904,0.000696107923244843,0.0279090405982508,-0.00720472325320567,-0.620920453405687,0.070464147788422
5.10333322739797,0.397393785678634,-0.191792852185678,-0.248343397428566,0.000803184475971969,0.0278786070712217,-0.00724563044443056,-0.620835780041242,0.0710872875582294
5.13872560074817,0.39636985565174,-0.192655027146138,-0.248509659090188,0.000912689640975919,0.0278478493456135,-0.00728658686256974,-0.620748459944349,0.0717139537830734
5.17436342546036,0.395336820224006,-0.193515425385789,-0.24867701804883,0.00102465884138334,0.0278167661797996,-0.00732758991937926,-0.620658469129535,0.0723441566136319
5.21024840377617,0.394294659391687,-0.194373942782889,-0.248845463596728,0.00113912772888265,0.0277853563620412,-0.00736863699838207,-0.620565783345753,0.0729779062334555
5.24638224974252,0.393243354516582,-0.195230474179883,-0.24901498448801,0.00125613217777108,0.0277536187111872,-0.00740972545519053,-0.620470378071254,0.0736152128555013
5.2827666892935,0.39218288835628,-0.196084913399223,-0.24918556892942,0.00137570827875158,0.0277215520773748,-0.0074508526178483,-0.620372228508479,0.0742560867185425
5.31940346033281,0.391113245094357,-0.196937153260022,-0.249357204571052,0.00149789233247674,0.0276891553427276,-0.00749201578719186,-0.620271309578959,0.0749005380834531
5.35629431281677,0.390034410370513,-0.197787085595541,-0.249529878497104,0.00162272084283753,0.0276564274220543,-0.00753321223723185,-0.620167595918244,0.0755485772293693
5.39344100883792,0.388946371310603,-0.198634601271529,-0.249703577216655,0.00175023050999365,0.0276233672635437,-0.00757443921555457,-0.62006106187085,0.0762002144497238
5.43084532270915,0.387849116556563,-0.199479590205407,-0.249878286654471,0.00188045822314267,0.0275899738494581,-0.00761569394374359,-0.619951681485234,0.0768554600481573
5.4685090410485,0.386742636296191,-0.200321941386319,-0.250053992141849,0.00201344105302671,0.0275562461968236,-0.00765697361782192,-0.619839428508789,0.0775143243343029
5.50643396286443,0.38562692229277,-0.20116154289604,-0.250230678407505,0.00214921624417314,0.0275221833581163,-0.00769827540871467,-0.619724276382876,0.0781768176194456
5.54462189964184,0.384501967914501,-0.201998281930764,-0.250408329568508,0.00228782120686791,0.0274877844219441,-0.00773959646273246,-0.619606198237871,0.0788429502120564
5.58307467542852,0.383367768163721,-0.202832044823755,-0.25058692912128,0.0024292935088595,0.0274530485137234,-0.00778093390207573,-0.61948516688826,0.0795127324131993
5.6217941269223,0.382224319705891,-0.203662717068889,-0.250766459932649,0.00257367086679183,0.0274179747963509,-0.00782228482535986,-0.619361154827751,0.0801861745118132
5.66078210355879,0.381071620898313,-0.204490183345069,-0.25094690423098,0.00272099113736386,0.0273825624708679,-0.00786364630816152,-0.619234134224434,0.0808632867798663
5.70004046759971,0.379909671818565,-0.205314327541527,-0.251128243597384,0.00287129230821609,0.0273468107771181,-0.0079050154035859,-0.619104076915966,0.0815440794673844
5.73957109422183,0.378738474292612,-0.206135032784015,-0.251310458957012,0.00302461248854058,0.027310718994398,-0.00794638914285526,-0.618970954404805,0.082228562797352
5.77937587160657,0.37755803192258,-0.206952181461878,-0.251493530570441,0.0031809898994153,0.0272742864420985,-0.00798776453591849,-0.618834737853473,0.082916746960486
5.81945670103016,0.37636835011416,-0.207765655256018,-0.251677438025167,0.00334046286386158,0.0272375124803372,-0.00802913857208191,-0.61869539807987,0.0836086421098821
5.85981549695445,0.375169436103612,-0.208575335167744,-0.251862160227195,0.00350306979662307,0.0272003965105813,-0.00807050822066117,-0.61855290555263,0.0843042583555334
5.90045418711838,0.37396129898434,-0.209381101548505,-0.252047675392764,0.0036688491936672,0.0271629379762596,-0.00811187043165418,-0.618407230386513,0.0850036057587208
5.94137471263004,0.372743949733023,-0.210182834130508,-0.252233961040178,0.00383783962140836,0.0271251363633635,-0.00815322213643516,-0.618258342337863,0.0857066943262755
5.9825790280594,0.371517401235256,-0.21098041205821,-0.252420993981781,0.00401007970565272,0.0270869912010358,-0.0081945602484694,-0.618106210800093,0.0864135340047122
6.02406910153166,0.370281668310681,-0.211773713920694,-0.252608750316073,0.00418560812026537,0.0270485020621465,-0.008235881664049,-0.617950804799243,0.0871241346742344
6.06584691482126,0.36903676773758,-0.212562617784908,-0.25279720541997,0.00436446357556003,0.0270096685638555,-0.00827718326304912,-0.617792092989572,0.0878385061426101
6.10791446344653,0.367782718276901,-0.213347001229765,-0.252986333941225,0.00454668480641231,0.0269704903681609,-0.00831846190970467,-0.617630043649221,0.0885566581389178
6.15027375676503,0.366519540695682,-0.214126741381108,-0.253176109791016,0.00473231056009754,0.026930967182432,-0.00835971445340735,-0.617464624675922,0.0892786003071636
6.19292681806951,0.365247257789851,-0.21490171494752,-0.253366506136701,0.0049213795838543,0.0268910987599268,-0.00840093772952255,-0.617295803582769,0.0900043421997676
6.23587568468454,0.363965894406368,-0.215671798256969,-0.253557495394771,0.00511393061217551,0.0268508849002929,-0.00844212856022619,-0.617123547494056,0.0907338932709206
6.27912240806387,0.362675477464684,-0.216436867294287,-0.253749049223975,0.00531000235382838,0.0268103254500511,-0.00848328375536085,-0.616947823141169,0.0914672628698102
6.32266905388835,0.361376035977482,-0.217196797739471,-0.253941138518661,0.00550963347860595,0.0267694203030608,-0.0085244001133112,-0.616768596858549,0.0922044602337157
6.36651770216467,0.360067601070675,-0.217951465006778,-0.254133733402317,0.00571286260381203,0.0267281694009666,-0.00856547442189815,-0.616585834579723,0.0929454944809726
6.41067044732463,0.358750206002628,-0.218700744284624,-0.254326803221331,0.00591972828048246,0.0266865727336258,-0.00860650345929144,-0.6163995018334,0.0936903746038052
6.45512939832527,0.357423886182586,-0.219444510576261,-0.254520316538977,0.00613026897934534,0.0266446303395148,-0.00864748399494036,-0.616209563739643,0.0944391094610281
6.49989667874954,0.356088679188255,-0.220182638741209,-0.254714241129634,0.00634452307652378,0.0266023423061149,-0.00868841279052194,-0.616015985006113,0.095191707770615
6.54497442690774,0.354744624782541,-0.220915003537442,-0.254908543973252,0.00656252883898419,0.0265597087702765,-0.00872928660090633,-0.615818729924387,0.0959481781021368
6.5903647959397,0.353391764929383,-0.221641479664304,-0.255103191250058,0.00678432440973428,0.0265167299185602,-0.00877010217513891,-0.615617762366366,0.0967085288690654
6.63606995391757,0.352030143808682,-0.222361941806129,-0.25529814833554,0.00700994779277438,0.0264734059875551,-0.00881085625743836,-0.615413045780742,0.0974727683209468
6.68209208394941,0.350659807830277,-0.22307626467656,-0.255493379795679,0.00723943683780685,0.0264297372641731,-0.00885154558821046,-0.615204543189574,0.09824090453544
6.72843338428345,0.349280805646951,-0.223784323063534,-0.255688849382473,0.0074728292247075,0.0263857240859183,-0.00889216690507677,-0.61499221718493,0.0990129454102234
6.77509606841313,0.347893188166436,-0.224485991874916,-0.255884520029738,0.00771016244776504,0.0263413668411311,-0.00893271694391775,-0.614776029925627,0.0997888986547675
6.82208236518274,0.346497008562395,-0.225181146184758,-0.256080353849205,0.00795147379969249,0.0262966659692067,-0.00897319243992959,-0.614555943134055,0.100568771781975
6.86939451889399,0.345092322284346,-0.225869661280162,-0.256276312126916,0.00819680035541677,0.0262516219607863,-0.00901359012869412,-0.614331918093107,0.101352572099685
6.91703478941313,0.34367918706651,-0.226551412708717,-0.256472355319935,0.00844617895565206,0.0262062353579213,-0.00905390674726106,-0.614103915643186,0.102140306702047
6.96500545227891,0.342257662935557,-0.227226276326488,-0.256668443053366,0.00869964619026302,0.0261605067542098,-0.00909413903524193,-0.613871896179328,0.102931982460757
7.0133087988113,0.34082781221722,-0.227894128346526,-0.256864534117706,0.00895723838142418,0.0261144367949039,-0.00913428373591484,-0.613635819648417,0.103727606016164
7.06194713622089,0.339389699541758,-0.228554845387874,-0.25706058646653,0.00921899156658196,0.0260680261769884,-0.00917433759733931,-0.613395645546504,0.104527183768235
7.11092278771915,0.337943391848249,-0.22920830452504,-0.257256557214508,0.00948494148122631,0.0260212756492297,-0.00921429737348044,-0.613151332916236,0.105330721867393
7.16023809262934,0.336488958387676,-0.229854383337903,-0.257452402635776,0.00975512354147957,0.0259741860121941,-0.00925415982534144,-0.612902840344395,0.106138226205219
7.20989540649828,0.335026470724802,-0.23049295996202,-0.257648078162669,0.010029572826509,0.0259267581182359,-0.00929392172210381,-0.612650125959545,0.106949702405015
7.25989710120885,0.333556002738803,-0.231123913139315,-0.257843538384797,0.010308324060772,0.0258789928714536,-0.00933357984227405,-0.612393147429799,0.107765155812239
7.31024556509332,0.332077630622639,-0.231747122269093,-0.258038737048511,0.0105914115961006,0.0258308912276152,-0.00937313097483622,-0.612131861960702,0.1085845914848
7.36094320304735,0.330591432881148,-0.232362467459365,-0.258233627056732,0.0108788693936347,0.02578245419405,-0.00941257192040929,-0.611866226293237,0.109408014183222
7.41199243664497,0.329097490327846,-0.232969829578447,-0.258428160469161,0.0111707310056122,0.0257336828295097,-0.00945189949240825,-0.611596196701955,0.110235428360672
7.46339570425412,0.327595886080412,-0.23356909030678,-0.258622288502891,0.0114670295570236,0.0256845782439943,-0.00949111051820808,-0.611321728993234,0.111066838152857
7.51515546115323,0.326086705554839,-0.234160132188956,-0.258815961533396,0.0117677977271426,0.0256351415985469,-0.00953020184030957,-0.611042778503665,0.111902247367783
7.56727417964842,0.324570036458254,-0.234742838685899,-0.259009129095929,0.0120730677309389,0.025585374105013,-0.00956917031750586,-0.610759300098578,0.11274165947538
7.61975434919166,0.323045968780367,-0.235317094227168,-0.259201739887329,0.0123828713003853,0.0255352770257673,-0.00960801282604871,-0.610471248170704,0.113585077596997
7.67259847649959,0.321514594783556,-0.235882784263338,-0.259393741768234,0.0126972396656669,0.0254848516734052,-0.00964672626081343,-0.610178576638974,0.114432504494763
7.72580908567334,0.319976008991576,-0.236439795318428,-0.259585081765705,0.0130162035363035,0.0254340994104007,-0.00968530753646138,-0.609881238947471,0.115283942560813
7.77938871831903,0.318430308176871,-0.236988015042322,-0.259775706076285,0.0133397930821943,0.0253830216487295,-0.00972375358859879,-0.609579188064519,0.116139393806381
7.83333993366922,0.316877591346487,-0.237527332263158,-0.259965560069467,0.0136680379145969,0.0253316198494572,-0.00976206137493099,-0.609272376481936,0.116998859850766
7.8876653087051,0.315317959726583,-0.238057637039628,-0.260154588291604,0.0140009670670476,0.0252798955222928,-0.00980022787641079,-0.608960756214435,0.117862341910158
7.94236743827963,0.313751516745524,-0.238578820713162,-0.260342734470244,0.0143386089762389,0.0252278502251078,-0.00983825009837976,-0.60864427879918,0.118729840786343
7.99744893524145,0.312178368015567,-0.239090775959934,-0.260529941518906,0.0146809914628593,0.0251754855634191,-0.00987612507170151,-0.608322895295519,0.119601356855268
8.0529124305597,0.31059862131311,-0.239593396842672,-0.260716151542293,0.0150281417124107,0.025122803189839,-0.00991384985388544,-0.607996556284871,0.120476890055483
8.10876057344967,0.309012386557541,-0.240086578862199,-0.260901305841949,0.0153800862560126,0.0250698048034883,-0.00995142153020014,-0.607665211870786,0.121356439876453
8.16499603149936,0.307419775788644,-0.240570219008694,-0.261085344922364,0.0157368509512043,0.0250164921493762,-0.00998883721477492,-0.607328811679185,0.122240005346736
8.22162149079689,0.305820903142605,-0.241044215812594,-0.261268208497517,0.0160984609627569,0.0249628670177451,-0.0100260940516885,-0.606987304858773,0.123127585022041
8.27863965605879,0.304215884826581,-0.241508469395125,-0.261449835497885,0.0164649407435066,0.0249089312433807,-0.0100631892160435,-0.606640640081639,0.124019176973158
8.33605325075921,0.302604839091872,-0.241962881518394,-0.261630164077881,0.0168363140152205,0.0248546867048885,-0.0101001199150258,-0.606288765544037,0.124914778773759
8.39386501726,0.300987886205674,-0.24240735563501,-0.261809131623767,0.0172126037495069,0.0248001353239363,-0.0101368833889469,-0.605931628967365,0.125814387488079
8.45207771694168,0.299365148421444,-0.242841796937185,-0.261986674761999,0.0175938321487814,0.0247452790644627,-0.0101734769122692,-0.605569177599335,0.126717999658472
8.51069413033537,0.297736749947859,-0.243266112405271,-0.262162729368044,0.0179800206273006,0.0246901199318533,-0.0102098977946115,-0.605201358215343,0.127625611292843
8.56971705725559,0.296102816916413,-0.243680210855689,-0.262337230575632,0.0183711897922759,0.0246346599720832,-0.0102461433817355,-0.604828117120043,0.128537217851969
8.62914931693396,0.294463477347628,-0.244084002988201,-0.262510112786478,0.0187673594250784,0.0245789012708277,-0.0102822110565094,-0.604449400149133,0.129452814236687
8.68899374815392,0.292818861115926,-0.244477401432495,-0.262681309680444,0.0191685484625462,0.0245228459525413,-0.0103180982398506,-0.604065152671347,0.130372394774976
8.74925320938629,0.291169099913157,-0.244860320794015,-0.262850754226161,0.0195747749784083,0.0244664961795053,-0.0103538023916436,-0.603675319590672,0.13129595320892
8.80993057892579,0.2895143272108,-0.245232677699023,-0.263018378692092,0.0199860561648337,0.0244098541508444,-0.0103893210116333,-0.603279845348782,0.132223482681556
8.87102875502857,0.287854678220871,-0.245594390838816,-0.263184114658055,0.0204024083141201,0.0243529221015142,-0.0104246516402926,-0.602878673927698,0.13315497572361
8.93255065605059,0.28619028985554,-0.245945381013084,-0.263347893027181,0.0208238468005328,0.0242957023012583,-0.0104597918596626,-0.602471748852687,0.134090424240126
8.99449922058705,0.284521300685493,-0.246285571172352,-0.263509644038325,0.021250386062305,0.0242381970535375,-0.0104947392941645,-0.602059013195389,0.135029819496982
9.05687740761275,0.282847850897052,-0.246614886459469,-0.263669297278908,0.0216820395838124,0.0241804086944312,-0.0105294916113822,-0.601640409577188,0.135973152107306
9.11968819662343,0.281170082248086,-0.246933254250096,-0.26382678169821,0.0221188198779328,0.0241223395915115,-0.0105640465228145,-0.60121588017283,0.136920412017786
9.18293458777804,0.279488138022731,-0.247240604192165,-0.263982025621083,0.0225607384686021,0.0240639921426914,-0.0105984017845959,-0.600785366714291,0.137871588494877
9.2466196020421,0.277802162984955,-0.247536868244261,-0.264134956762105,0.0230078058735782,0.0240053687750477,-0.010632555198185,-0.600348810494901,0.138826670110914
9.31074628133199,0.276112303330992,-0.247821980712886,-0.264285502240154,0.0234600315874239,0.0239464719436195,-0.0106665046110186,-0.599906152373729,0.139785644730127
9.3753176886602,0.27441870664068,-0.248095878288576,-0.264433588593409,0.0239174240647201,0.0238873041301839,-0.0107002479171326,-0.599457332780232,0.140748499494564
9.44033690828169,0.272721521827728,-0.248358500080827,-0.264579141794762,0.0243799907035201,0.0238278678420089,-0.0107337830577464,-0.599002291719181,0.141715220809924
9.50580704584117,0.271020899088956,-0.248609787651796,-0.264722087267644,0.0248477378290555,0.0237681656105856,-0.0107671080218115,-0.598540968775854,0.142685794331304
9.57173122852146,0.269316989852534,-0.248849685048747,-0.264862349902258,0.0253206706777035,0.0237081999903399,-0.010800220846523,-0.598073303121521,0.143660204948862
9.63811260519287,0.267609946725256,-0.249078138835198,-0.264999854072212,0.0257987933812289,0.0236479735573257,-0.0108331196177922,-0.597599233519202,0.144638436773401
9.70495434656358,0.2658999234389,-0.249295098120744,-0.265134523651544,0.0262821089513069,0.0235874889079002,-0.0108658024706817,-0.597118698329734,0.145620473121876
9.7722596453311,0.264187074795695,-0.24950051458953,-0.265266282032132,0.0267706192643398,0.0235267486573826,-0.0108982675897999,-0.596631635518121,0.146606296502833
9.84003171633479,0.262471556612941,-0.249694342527328,-0.265395052141496,0.0272643250465753,0.0234657554386978,-0.0109305132096552,-0.59613798266019,0.147595888601769
9.90827379670937,0.260753525666834,-0.249876538847204,-0.265520756460958,0.0277632258595384,0.0234045119010059,-0.0109625376149699,-0.595637676949559,0.148589230266442
9.97698914603959,0.259033139635521,-0.250047063113743,-0.265643317044182,0.0282673200857822,0.023343020708319,-0.0109943391409514,-0.595130655204916,0.149586301492106
10.0461810465159,0.257310557041438,-0.250205877565804,-0.265762655536062,0.0287766049149713,0.0232812845381071,-0.0110259161735223,-0.594616853877612,0.150587081406706
10.1158528030912,0.255585937192977,-0.250352947137783,-0.265878693191972,0.0292910763303026,0.0232193060798936,-0.0110572671495066,-0.594096209059583,0.151591548256005
10.1860077436388,0.253859440125519,-0.250488239479362,-0.265991350897352,0.0298107290952739,0.0231570880338425,-0.0110883905567733,-0.593568656491601,0.15259967938868
10.2566492191112,0.252131226541884,-0.250611724973717,-0.266100549187626,0.0303355567408088,0.0230946331093386,-0.0111192849343362,-0.593034131571857,0.153611451241368
10.3277806037004,0.250401457752252,-0.25072337675418,-0.266206208268459,0.0308655515527444,0.0230319440235614,-0.011149948872409,-0.592492569364883,0.154626839323679
10.3994052949988,0.24867029561358,-0.250823170719312,-0.266308248036319,0.0314007045596905,0.0229690235000558,-0.0111803810124167,-0.591943904610826,0.155645818203175
10.4715267141616,0.246937902468593,-0.2509110855464,-0.266406588099355,0.0319410055212678,0.0229058742672994,-0.0112105800469612,-0.591388071735065,0.156668361490331
10.5441483060703,0.245204441084373,-0.250987102703338,-0.266501147798573,0.0324864429167302,0.0228424990572683,-0.0112405447197431,-0.590825004858186,0.15769444182347
10.6172735394972,0.243470074590611,-0.251051206458898,-0.266591846229307,0.0330370039339818,0.0227789006040042,-0.0112702738254366,-0.590254637806324,0.158724030853686
10.6909059072708,0.241734966417561,-0.251103383891363,-0.266678602262963,0.0335926744589898,0.0227150816421823,-0.0112997662095207,-0.589676904121863,0.159757099229765
10.7650489264432,0.239999280233757,-0.251143624895528,-0.26676133456905,0.034153439065605,0.0226510449056833,-0.0113290207680634,-0.589091737074515,0.160793616583095
10.8397061384575,0.238263179883533,-0.251171922188053,-0.266839961637456,0.0347192810057905,0.0225867931261695,-0.0113580364474615,-0.588499069672771,0.161833551512598
10.9148811093176,0.236526829324403,-0.251188271311161,-0.266914401800995,0.0352901822002684,0.0225223290316686,-0.0113868122441344,-0.587898834675742,0.162876871569655
10.9905774297578,0.234790392564353,-0.251192670634676,-0.266984573258188,0.0358661232295867,0.022457655345164,-0.0114153472041721,-0.587290964605376,0.16392354324307
11.0667987154147,0.233054033599094,-0.251185121356416,-0.267050394096278,0.0364470833256126,0.0223927747831957,-0.0114436404229387,-0.586675391759079,0.164973531944048
11.1435486070002,0.231317916349321,-0.251165627500905,-0.267111782314476,0.0370330403634571,0.0223276900544724,-0.0114716910446301,-0.586052048222729,0.166026801991215
11.2208307704748,0.229582204598045,-0.251134195916447,-0.267168655847415,0.0376239708538336,0.0222624038584955,-0.0114994982617873,-0.585420865884088,0.167083316595675
11.2986488972231,0.227847061928035,-0.25109083627053,-0.267220932588813,0.0382198499358558,0.0221969188841979,-0.0115270613147647,-0.584781776446635,0.168143037846128
11.3770067042298,0.226112651659422,-0.251035561043587,-0.267268530415329,0.0388206513702786,0.0221312378085986,-0.0115543794911546,-0.584134711443796,0.169205926694032
11.4559079342577,0.224379136787527,-0.250968385521111,-0.267311367210607,0.0394263475331839,0.0220653632954747,-0.0115814521251675,-0.583479602253601,0.170271942938847
11.535356356026,0.222646679920955,-0.250889327784132,-0.267349360889491,0.0400369094101161,0.0219992979940515,-0.0116082785969698,-0.58281638011376,0.171341045213346
11.6153557643908,0.220915443219998,-0.250798408698075,-0.267382429422409,0.0406523065906685,0.0219330445377141,-0.0116348583319776,-0.582144976137164,0.172413190969016
11.6959099805258,0.219185588335415,-0.250695651899997,-0.267410490859914,0.0412725072635238,0.0218666055427401,-0.0116611908001093,-0.581465321327821,0.173488336461552
11.7770228521052,0.21745727634762,-0.250581083784229,-0.267433463357366,0.0418974782119516,0.021799983607056,-0.0116872755149961,-0.580777346597223,0.174566436736454
11.8586982534876,0.215730667706346,-0.250454733486434,-0.267451265199755,0.0425271848097625,0.0217331813090179,-0.0117131120331518,-0.58008098278115,0.17564744561474
11.9409400859005,0.214005922170807,-0.250316632866094,-0.267463814826652,0.0431615910177234,0.0216662012062195,-0.0117386999531024,-0.579376160656929,0.176731315678783
12.0237522776272,0.212283198750431,-0.250166816487451,-0.267471030857273,0.0438006593804327,0.0215990458343264,-0.0117640389144764,-0.578662810961123,0.177817998258283
12.1071387841942,0.210562655646195,-0.250005321598919,-0.267472832115654,0.0444443510236583,0.0215317177059407,-0.0117891285970566,-0.577940864407684,0.178907443416381
12.1911035885602,0.208844450192614,-0.24983218811099,-0.267469137655923,0.045092625652138,0.0214642193094952,-0.0118139687197944,-0.577210251706557,0.179999599935929
12.2756507013062,0.207128738800428,-0.249647458572657,-0.267459866787669,0.0457454415478446,0.0213965531081799,-0.0118385590397871,-0.576470903582739,0.181094415305934
12.3607841608273,0.205415676900026,-0.249451178146376,-0.267444939101378,0.0464027555687138,0.021328721538901,-0.0118628993512204,-0.575722750795798,0.18219183570817
12.4465080335254,0.203705418885655,-0.2492433945816,-0.267424274493953,0.0470645231478376,0.0212607270112752,-0.0118869894842752,-0.574965724159864,0.183291806003986
12.5328264140034,0.201998118060463,-0.24902415818691,-0.267397793194293,0.0477306982931208,0.0211925719066581,-0.0119108293040018,-0.574199754564076,0.184394269721317
12.6197434252612,0.200293926582396,-0.248793521800763,-0.267365415788923,0.0484012335874028,0.0211242585772109,-0.0119344187091615,-0.573424772993504,0.185499169041905
12.7072632188919,0.198592995411006,-0.248551540760908,-0.267327063247676,0.0490760801890422,0.0210557893450041,-0.0119577576310367,-0.572640710550542,0.186606444788749
12.7953899752808,0.19689547425521,-0.248298272872479,-0.267282656949407,0.0497551878329655,0.0209871665011606,-0.0119808460322118,-0.571847498476773,0.187716036413792
12.8841279038047,0.195201511522018,-0.248033778374813,-0.26723211870774,0.0504385048321774,0.0209183923050384,-0.0120036839053244,-0.571045068175311,0.188827881985866
12.9734812430331,0.193511254266291,-0.247758119907026,-0.267175370796836,0.0511259780797337,0.0208494689834558,-0.0120262712717901,-0.570233351233613,0.189941918178893
13.0634542609305,0.191824848141542,-0.247471362472371,-0.26711233597717,0.0518175530511747,0.0207803987299568,-0.0120486081805011,-0.569412279446782,0.191058080260374
13.1540512550606,0.190142437351825,-0.247173573401429,-0.267042937521322,0.0525131738074183,0.0207111837041217,-0.0120706947064994,-0.568581784841333,0.192176302080167
13.2452765527909,0.188464164604745,-0.24686482231416,-0.266967099239758,0.0532127829981117,0.0206418260309197,-0.0120925309496277,-0.567741799699454,0.193296516059567
13.3371345115004,0.186790171065605,-0.246545181080859,-0.266884745506607,0.0539163218654407,0.020572327800108,-0.0121141170331582,-0.56689225658373,0.194418653180717
13.4296295187868,0.185120596312741,-0.246214723782053,-0.266795801285424,0.0546237302483947,0.0205026910656756,-0.0121354531024009,-0.566033088362362,0.195542642976345
13.5227659926764,0.183455578294052,-0.245873526667372,-0.266700192154921,0.0553349465874865,0.0204329178453339,-0.0121565393232937,-0.565164228234858,0.196668413519856
13.6165483818355,0.181795253284766,-0.245521668113452,-0.266597844334676,0.0560499079299255,0.020363010120054,-0.0121773758809743,-0.564285609758198,0.197795891415787
13.7109811657822,0.180139755846447,-0.245159228580895,-0.266488684710803,0.0567685499352421,0.0202929698336522,-0.0121979629783374,-0.563397166873488,0.198925001790646
13.806068855101,0.178489218787298,-0.244786290570338,-0.266372640861579,0.0574908068813629,0.0202227988924237,-0.0122183008345773,-0.562498833933078,0.200055668284139
13.9018159916578,0.176843773123742,-0.244402938577661,-0.266249641083017,0.058216611671134,0.0201524991648249,-0.0122383896837177,-0.561590545728161,0.201187813040816
13.998227148817,0.175203548043334,-0.244009259048403,-0.266119614414394,0.0589458958392921,0.0200820724812052,-0.0122582297731318,-0.560672237516841,0.202321356702141
14.0953069316601,0.173568670869004,-0.243605340331392,-0.265982490663702,0.0596785895598805,0.020011520633589,-0.0122778213620516,-0.559743845052672,0.203456218399005
14.1930599772055,0.171939267024644,-0.243191272631669,-0.265838200433048,0.0604146216541098,0.0199408453755072,-0.0122971647200709,-0.558805304613658,0.204592315744696
14.2914909546299,0.170315460002077,-0.242767147962728,-0.265686675143964,0.0611539195986608,0.0198700484218793,-0.0123162601256416,-0.557856553031717,0.20572956482835
14.3906045654914,0.168697371329396,-0.242333060098126,-0.265527847062653,0.061896409534429,0.0197991314489467,-0.0123351078645666,-0.556897527722607,0.20686788020889
14.4904055439544,0.16708512054069,-0.241889104522498,-0.265361649325135,0.0626420162757086,0.0197280960942561,-0.0123537082284891,-0.555928166716299,0.208007174909478
14.5908986570152,0.165478825147187,-0.241435378382041,-0.265188015962318,0.0633906633198152,0.019656943956695,-0.0123720615133821,-0.554948408687799,0.209147360412486
14.6920887047298,0.16387860060979,-0.240971980434484,-0.265006881924961,0.0641422728571453,0.019585676596577,-0.0123901680180382,-0.553958192988417,0.210288346655016
14.7939805204436,0.162284560313045,-0.24049901099862,-0.264818183108545,0.0648967657816725,0.0195142955357797,-0.0124080280425623,-0.552957459677465,0.211430042024983
14.8965789710218,0.160696815540519,-0.240016571903415,-0.264621856378031,0.0656540617018777,0.0194428022579327,-0.0124256418868684,-0.551946149554391,0.212572353357762
14.999888957082,0.159115475451612,-0.239524766436763,-0.264417839592512,0.0664140789521142,0.0193711982086568,-0.0124430098491824,-0.550924204191332,0.213715185933445
15.1039154132284,0.157540647059797,-0.239023699293916,-0.264206071629745,0.0671767346044046,0.0192994847958546,-0.0124601322245529,-0.549891565966082,0.214858443474704
15.2086633082875,0.155972435212283,-0.23851347652564,-0.263986492410567,0.0679419444806707,0.0192276633900514,-0.0124770093033714,-0.548848178095463,0.216002028145278
15.3141376455451,0.154410942571115,-0.237994205486136,-0.263759042923177,0.0687096231653946,0.0191557353247862,-0.012493641369903,-0.547793984669102,0.217145840549116
15.4203434629857,0.152856269595695,-0.23746599478078,-0.263523665247296,0.06947968401871,0.0190837018970534,-0.012510028700831,-0.546728930683584,0.218289779730183
15.5272858335329,0.151308514526725,-0.236928954213712,-0.263280302578182,0.0702520391899243,0.0190115643677943,-0.0125261715638148,-0.54565296207699,0.219433743172942
15.6349698652918,0.149767773371572,-0.236383194735326,-0.263028899250511,0.0710265996314705,0.0189393239624366,-0.0125420702160651,-0.544566025763802,0.220577626803545
15.7434007017931,0.148234139891038,-0.235828828389697,-0.262769400762108,0.0718032751132881,0.0188669818714849,-0.0125577249029361,-0.543468069670153,0.221721324991735
15.8525835222385,0.146707705587542,-0.235265968261994,-0.262501753797527,0.0725819742376342,0.0187945392511569,-0.0125731358565375,-0.542359042769438,0.222864730553488
15.9625235417481,0.145188559694682,-0.234694728425915,-0.262225906251478,0.0733626044543233,0.0187219972240696,-0.0125883032943673,-0.541238895118235,0.224007734754404
16.07322601161,0.143676789168198,-0.234115223891184,-0.261941807252087,0.0741450720763964,0.0186493568799709,-0.0126032274179676,-0.540107577892558,0.22515022731387
16.1846962195303,0.142172478678293,-0.233527570551151,-0.261649407183997,0.07492928229622,0.018576619276518,-0.0126179084116045,-0.538965043424407,0.22629209641001
16.2969394898867,0.140675710603319,-0.232931885130538,-0.261348657711288,0.075715139202015,0.0185037854401016,-0.0126323464409737,-0.537811245238603,0.227433228685443
16.4099611839816,0.139186565024807,-0.232328285133364,-0.26103951180023,0.0765025457948149,0.0184308563667144,-0.0126465416519332,-0.536646138089903,0.228573509253853
16.5237667002994,0.137705119723828,-0.231716888791084,-0.260721923741844,0.0772914040058559,0.0183578330228638,-0.0126604941692655,-0.535469678000367,0.229712821707414
16.6383614747635,0.136231450178663,-0.231097815010994,-0.260395849174279,0.078081614714397,0.0182847163465271,-0.0126742040954694,-0.534281822296963,0.230851048125053
16.7537509809962,0.134765629563773,-0.230471183324915,-0.260061245104996,0.0788730777659726,0.0182115072481493,-0.012687671509584,-0.533082529649396,0.231988069081597
16.8699407305804,0.133307728750046,-0.229837113838213,-0.259718069932748,0.0796656919910779,0.0181382066116812,-0.0127008964660453,-0.531871760108145,0.233123763657801
16.9869362733223,0.131857816306299,-0.229195727179171,-0.259366283469357,0.0804593552242868,0.0180648152956581,-0.0127138789935778,-0.530649475142677,0.234258009451287
17.1047431975172,0.130415958502021,-0.22854714444876,-0.259005846961273,0.0812539643238049,0.017991334134317,-0.012726619094122,-0.529415637679832,0.235390682588396
17.2233671302159,0.12898221931133,-0.227891487170835,-0.258636723110924,0.0820494151914574,0.0179177639387512,-0.0127391167417988,-0.52817021214235,0.236521657736976
17.3428137374936,0.127556660418126,-0.227228877242785,-0.258258876097827,0.0828456027931127,0.017844105498102,-0.0127513718819121,-0.526913164487525,0.237650808120127
17.4630887247206,0.126139341222415,-0.226559436886669,-0.257872271599476,0.0836424211795437,0.0177703595807851,-0.0127633844299919,-0.525644462245955,0.238778005530901
17.5841978368348,0.124730318847778,-0.225883288600875,-0.257476876811985,0.0844397635077268,0.0176965269357518,-0.0127751542708775,-0.524364074560377,0.239903120347986
17.7061468586161,0.123329648149971,-0.225200555112316,-0.257072660470489,0.08523752206258,0.0176226082937816,-0.012786681257843,-0.523071972224556,0.241026021552383
17.8289416149627,0.121937381726612,-0.224511359329198,-0.256659592869276,0.0860355882791412,0.0175486043688076,-0.0127979652117661,-0.521768127722204,0.242146576745087
17.9525879711692,0.120553569927952,-0.223815824294388,-0.256237645881677,0.0868338527651877,0.017474515859271,-0.0128090059203407,-0.52045251526591,0.243264652165787
18.0770918332073,0.119178260868686,-0.223114073139405,-0.255806792979665,0.087632205324297,0.0174003434495042,-0.0128198031373352,-0.519125110836049,0.244380112712597
18.2024591480069,0.117811500440785,-0.222406229039051,-0.255367009253186,0.0884305349793512,0.0173260878111414,-0.0128303565818967,-0.517785892219646,0.245492821962828
18.3286959037413,0.116453332327323,-0.221692415166716,-0.254918271429195,0.0892287299964845,0.0172517496045543,-0.0128406659379023,-0.516434839049173,0.246602642194818
18.4558081301122,0.115103798017264,-0.220972754650372,-0.2544605578904,0.0900266779094751,0.0171773294803127,-0.0128507308533586,-0.515071932841244,0.247709434410817
18.5838018986386,0.113762936821192,-0.220247370529276,-0.253993848693694,0.0908242655445818,0.0171028280806665,-0.0128605509398499,-0.513697157035183,0.248813058360959
18.7126833229461,0.112430785887947,-0.219516385711406,-0.253518125588273,0.0916213790458271,0.0170282460410498,-0.0128701257720362,-0.51231049703144,0.249913372568303
18.8424585590593,0.111107380222135,-0.218779922931641,-0.253033372033425,0.0924179039007237,0.0169535839916039,-0.0128794548872014,-0.510911940229819,0.251010234354973
18.9731338056957,0.109792752702502,-0.218038104710715,-0.252539573215989,0.0932137249664489,0.016878842558718,-0.0128885377848526,-0.509501476067489,0.252103499869395
19.1047153045619,0.108486934101115,-0.217291053314942,-0.252036716067456,0.0940087264964636,0.0168040223665863,-0.012897373926371,-0.508079096056758,0.253193024114641
19.2372093406515,0.107189953103346,-0.216538890716745,-0.251524789280721,0.0948027921675775,0.0167291240387794,-0.0129059627347157,-0.506644793822555,0.254278660977879
19.3706222425457,0.105901836328611,-0.215781738555998,-0.25100378332646,0.0955958051074582,0.0166541481998285,-0.012914303594179,-0.50519856513962,0.255360263260948
19.5049603827152,0.104622608351848,-0.215019718102184,-0.250473690469132,0.0963876479225863,0.0165790954768205,-0.0129223958501962,-0.50374040796934,0.256437682712044
19.6402301778248,0.103352291725696,-0.214252950217394,-0.249934504782581,0.0971782027266519,0.0165039665010033,-0.0129302388092085,-0.502270322496215,0.257510770058541
19.7764380890397,0.102090907003345,-0.213481555320173,-0.24938622216524,0.0979673511693946,0.0164287619093974,-0.0129378317385802,-0.500788311163916,0.258579375040927
19.9135906223344,0.100838472762033,-0.212705653350217,-0.248828840354916,0.0987549744658829,0.0163534823464142,-0.0129451738665698,-0.499294378710904,0.259643346447876
20.0516943288031,0.0995950056271553,-0.211925363733943,-0.248262358943146,0.0995409534262327,0.0162781284654789,-0.0129522643823563,-0.497788532205566,0.260702532152448
20.1907558049731,0.0983605202969616,-0.211140805350922,-0.247686779389107,0.100325168485762,0.0162027009306544,-0.0129591024361199,-0.496270781080844,0.26175677914941
20.3307816931193,0.097135029567802,-0.2103520965012,-0.247102105033077,0.101107499735579,0.0161272004182669,-0.0129656871391776,-0.49474113716832,0.262805933593689
20.4717786815819,0.0959185443599036,-0.209559354873496,-0.246508341109424,0.101887826953599,0.0160516276185299,-0.0129720175641745,-0.493199614731714,0.263849840839949
20.6137535050858,0.0947110737436415,-0.208762697514298,-0.245905494759111,0.102666029635994,0.0159759832371651,-0.0129780927453289,-0.491646230499762,0.264888345483277
20.756712945062,0.0935126249662774,-0.207962240797849,-0.245293575041711,0.103441987029057,0.015900267997019,-0.0129839116787338,-0.490081003698453,0.265921291400995
20.900663829972,0.0923232034791369,-0.207158100397024,-0.244672592946902,0.104215578161491,0.0158244826396722,-0.0129894733227122,-0.488503956082556,0.266948521795575
21.0456130356336,0.0911428129651966,-0.206350391255117,-0.244042561405446,0.104986681877113,0.015748627927041,-0.012994776598228,-0.486915111966434,0.26796987923865
21.1915674855492,0.0899714553670535,-0.205539227558515,-0.243403495299629,0.10575517686796,0.0156727046429684,-0.0129998203893507,-0.485314498254087,0.268985205716121
21.338534151237,0.0888091309152481,-0.204724722710286,-0.242755411473139,0.106520941707806,0.0155967135948037,-0.0130046035437753,-0.483702144468394,0.269994342674348
21.4865200525637,0.0876558381569137,-0.203906989304652,-0.242098328740388,0.107283854886069,0.0155206556149676,-0.0130091248733955,-0.482078082779516,0.270997131067401
21.6355322580795,0.0865115739847254,-0.20308613910237,-0.241432267895239,0.108043794842111,0.0154445315625027,-0.0130133831549305,-0.480442348032425,0.271993411405379
21.7855778853565,0.0853763336661211,-0.202262283007007,-0.240757251719144,0.10880063999992,0.0153683423246063,-0.0130173771306057,-0.478794977773516,0.272983023803769
21.9366641013278,0.0842501108727682,-0.201435531042103,-0.240073304988666,0.109554268803161,0.0152920888181442,-0.0130211055088852,-0.47713601227627,0.273965808033832
22.0887981226306,0.083132897710251,-0.200605992329232,-0.239380454482368,0.110304559750603,0.015215771991144,-0.0130245669652569,-0.475465494565927,0.274941603574004
22.2419872159503,0.0820246847479513,-0.199773775066936,-0.23867872898707,0.111051391431894,0.0151393928242659,-0.0130277601430692,-0.473783470443138,0.275910249662288
22.396238698368,0.080925461049099,-0.198938986510554,-0.237968159303432,0.111794642563679,0.0150629523322494,-0.0130306836544182,-0.472089988506551,0.276871585349624
22.5515599377096,0.0798352142009675,-0.198101732952909,-0.237248778250879,0.112534192026066,0.0149864515653343,-0.0130333360810856,-0.470385100174298,0.277825449554213
22.7079583528983,0.0787539303451884,-0.197262119705877,-0.236520620671826,0.113269918899407,0.014909891610654,-0.0130357159755252,-0.468668859704351,0.278771681116772
22.8654414143084,0.0776815942081639,-0.196420251082804,-0.235783723435203,0.114001702501393,0.0148332735936,-0.0130378218618986,-0.466941324213702,0.279710118856698
23.0240166441225,0.0766181891315527,-0.195576230381786,-0.235038125439265,0.114729422424453,0.0147565986791553,-0.0130396522371585,-0.46520255369634,0.280640601629122
23.1836916166905,0.0755636971028062,-0.194730159869789,-0.234283867613658,0.11545295857344,0.0146798680731965,-0.0130412055721785,-0.46345261103998,0.28156296838281
23.3444739588916,0.0745180987857347,-0.193882140767604,-0.233520992920748,0.116172191203584,0.0146030830237603,-0.0130424803129283,-0.461691562041525,0.282477058218908
23.5063713504986,0.0734813735510795,-0.193032273235635,-0.232749546356182,0.116887000958713,0.0145262448222768,-0.0130434748816948,-0.459919475421204,0.283382710450476
23.6693915245447,0.0724534995070726,-0.192180656360497,-0.231969574948671,0.117597268909714,0.0144493548047641,-0.0130441876783452,-0.458136422835378,0.284279764662804
23.8335422676926,0.0714344535299616,-0.191327388142422,-0.231181127758981,0.118302876593221,0.0143724143529856,-0.0130446170816339,-0.456342478887958,0.285168060774463
23.9988314206069,0.0704242112944811,-0.19047256548347,-0.230384255878125,0.119003706050513,0.0142954248955674,-0.0130447614505501,-0.454537721140418,0.286047439099061
24.1652668783283,0.0694227473042498,-0.189616284176509,-0.22957901242473,0.119699639866616,0.0142183879090741,-0.0130446191257051,-0.452722230120367,0.286917740407674
24.3328565906507,0.0684300349220775,-0.188758638894989,-0.228765452541575,0.120390561209565,0.014141304919043,-0.0130441884307592,-0.450896089328647,0.287778805991915
24.5016085625011,0.0674460464001594,-0.187899723183457,-0.227943633391286,0.121076353869841,0.0140641775009734,-0.0130434676738853,-0.44905938524493,0.288630477727597
24.6715308543219,0.0664707529101454,-0.187039629448839,-0.227113614151173,0.121756902299937,0.013987007281272,-0.0130424551492685,-0.447212207331784,0.289472598138963
24.8426315824557,0.0655041245730622,-0.186178448952449,-0.226275456007197,0.12243209165404,0.0139097959381509,-0.0130411491386411,-0.445354648037182,0.290305010463434
25.0149189195333,0.0645461304890763,-0.185316271802726,-0.22542922214706,0.123101807827824,0.0138325452024794,-0.0130395479128497,-0.443486802795425,0.291127558716837
25.1884010948637,0.063596738767079,-0.184453186948684,-0.224574977752403,0.123765937498305,0.0137552568585855,-0.0130376497334545,-0.441608770026453,0.291940087759073
25.3630863948277,0.0626559165540791,-0.183589282174053,-0.223712789990103,0.124424368163761,0.0136779327450098,-0.0130354528543588,-0.439720651133525,0.292742443360181
25.538983163273,0.0617236300643899,-0.182724644092114,-0.222842728002658,0.125076988183682,0.0136005747552067,-0.0130329555234668,-0.437822550499239,0.293534472266747
25.7160998019135,0.0607998446085941,-0.181859358141198,-0.221964862897652,0.125723686818729,0.0135231848381953,-0.013030155984368,-0.435914575479869,0.294316022268627
25.89444477073,0.0598845246222754,-0.180993508580845,-0.221079267736295,0.126364354270677,0.0134457649991573,-0.0130270524780471,-0.433996836398007,0.295086942265915
26.0740265883745,0.0589776336945024,-0.180127178488602,-0.220186017521018,0.126998881722328,0.0133683172999808,-0.013023643244618,-0.432069446533481,0.295847082336134
26.2548538325773,0.0580791345960519,-0.179260449757452,-0.219285189182135,0.127627161377348,0.0132908438597505,-0.0130199265250782,-0.430132522112539,0.296596293801584
26.4369351405564,0.0571889893073633,-0.178393403093856,-0.218376861563545,0.12824908650003,0.0132133468551828,-0.0130159005630847,-0.428186182295277,0.297334429296793
26.6202792094301,0.0563071590462083,-0.177526118016394,-0.217461115407483,0.128864551454929,0.0131358285210044,-0.0130115636067475,-0.426230549161303,0.298061342836044
26.8048947966327,0.0554336042950677,-0.176658672854992,-0.216538033338312,0.129473451746371,0.0130582911502754,-0.0130069139104392,-0.424265747693612,0.2987768898809
26.9907907203326,0.0545682848282058,-0.175791144750715,-0.215607699845345,0.130075684057779,0.0129807370946545,-0.0130019497366204,-0.422291905760681,0.299480927407691
27.1779758598533,0.053711159738431,-0.174923609656118,-0.214670201264701,0.130671146290823,0.0129031687646073,-0.0129966693576767,-0.420309154096749,0.300173313974902
27.3664591560979,0.052862187463535,-0.174056142336138,-0.21372562576019,0.13125973760433,0.0128255886295562,-0.0129910710577672,-0.418317626280295,0.300853909790413
27.556249611976,0.0520213258124011,-0.173188816369506,-0.212774063303232,0.131841358452959,0.012747999217972,-0.012985153134682,-0.416317458710701,0.301522576778535
27.7473562928336,0.0511885319907748,-0.172321704150678,-0.211815605651788,0.132415910625589,0.0126704031174067,-0.012978913901707,-0.414308790583086,0.302179178646786
27.9397883268864,0.050363762626688,-0.171454876892254,-0.210850346328339,0.132983297283405,0.0125928029744672,-0.0129723516894933,-0.412291763861323,0.302823580952351
28.1335549056553,0.049546973795531,-0.170588404627879,-0.209878380596876,0.133543422997649,0.0125152014947297,-0.0129654648479304,-0.410266523249236,0.303455651168172
28.3286652844062,0.0487381210447641,-0.169722356215616,-0.208899805438935,0.134096193787003,0.0124376014425953,-0.0129582517480209,-0.408233216159964,0.304075258748611
28.5251287825912,0.0479371594182657,-0.168856799341759,-0.207914719528656,0.134641517154584,0.0123600056410847,-0.0129507107837541,-0.406191992683516,0.304682275194629
28.7229547842946,0.0471440434803085,-0.167991800525095,-0.206923223206889,0.135179302124511,0.0122824169715754,-0.0129428403739772,-0.404143005552504,0.305276574118425
28.9221527386804,0.0463587273391601,-0.167127425121576,-0.20592541845434,0.135709459278026,0.0122048383734774,-0.0129346389642621,-0.402086410106072,0.305858031307477
29.1227321604441,0.0455811646703042,-0.166263737329409,-0.20492140886377,0.136231900789125,0.0121272728438511,-0.012926105028766,-0.40002236425203,0.306426524787925
29.324702630267,0.0448113087392762,-0.16540080019453,-0.203911299611251,0.136746540459689,0.0120497234369654,-0.0129172370720827,-0.397951028427195,0.30698193488725
29.5280737952738,0.0440491124241119,-0.164538675616464,-0.202895197426489,0.137253293754062,0.0119721932637967,-0.0129080336310849,-0.39587256555596,0.307524144296175
29.7328553694936,0.0432945282374044,-0.16367742435454,-0.201873210562226,0.13775207783307,0.0118946854914703,-0.0128984932767528,-0.393787141007109,0.308053038129745
29.9390571343235,0.0425475083479668,-0.162817106034467,-0.200845448762721,0.138242811587431,0.0118172033426424,-0.0128886146159896,-0.391694922548884,0.308568503987529
30.1466889389963,0.0418080046020991,-0.161957779155239,-0.199812023231344,0.138725415670544,0.011739750094825,-0.0128783962934203,-0.389596080302332,0.309070432012871
30.3557607010504,0.0410759685444555,-0.161099501096363,-0.198773046597266,0.139199812530615,0.0116623290796541,-0.0128678369931724,-0.387490786692952,0.30955871495116
30.566282406804,0.0403513514385131,-0.160242328125401,-0.197728632881286,0.139665926442101,0.0115849436821001,-0.0128569354406373,-0.385379216400663,0.310033248207043
30.7782641118319,0.0396341042866376,-0.1593863154058,-0.196678897460794,0.140123683536434,0.0115075973396232,-0.0128456904042093,-0.383261546308122,0.310493929900529
30.9917159414457,0.0389241778497479,-0.15853151700501,-0.195623957033889,0.140573011832002,0.0114302935412733,-0.012834100697001,-0.381137955447411,0.310940660921948
31.2066480911777,0.0382215226665776,-0.157677985902869,-0.194563929582677,0.141013841263368,0.0113530358267352,-0.0128221651785338,-0.379008624945132,0.31137334498568
31.4230708272674,0.0375260890725338,-0.156825774000244,-0.193498934335754,0.141446103709678,0.0112758277853204,-0.0128098827564011,-0.376873737965943,0.311791888682633
31.6409944871527,0.0368378272181522,-0.155974932127914,-0.192429091729906,0.141869733022252,0.0111986730549062,-0.0127972523879017,-0.374733479654548,0.312196201531393
31.8604294799627,0.0361566870871511,-0.155125510055688,-0.191354523371036,0.142284665051319,0.0111215753208231,-0.0127842730816435,-0.372588037076207,0.312586196028015
32.0813862870155,0.0354826185140831,-0.154277556501736,-0.19027535199435,0.142690837671881,0.0110445383146911,-0.0127709438991144,-0.370437599155778,0.312961787694391
32.3038754623189,0.0348155712015866,-0.153431119142133,-0.189191701423809,0.143088190808662,0.0109675658132067,-0.0127572639562191,-0.368282356615335,0.31332289512515
32.5279076330741,0.034155494737238,-0.152586244620589,-0.18810369653089,0.143476666460145,0.0108906616368817,-0.0127432324247803,-0.366122501910421,0.313669440033048
32.7534935001834,0.0335023386100067,-0.151742978558373,-0.187011463192665,0.143856208721643,0.010813829648734,-0.012728848534003,-0.363958229164949,0.314001347292799
32.9806438387618,0.0328560522263147,-0.1509013655644,-0.185915128249226,0.144226763807409,0.0107370737529326,-0.0127141115718989,-0.361789734104816,0.314318544983292
33.2093694986511,0.0322165849257023,-0.150061449245478,-0.184814819460489,0.144588280071735,0.0106603978933985,-0.0126990208866722,-0.359617213990278,0.31462096442817
33.4396814049384,0.0315838859961036,-0.149223272216714,-0.183710665462396,0.144940708029047,0.0105838060523613,-0.0126835758880624,-0.357440867547112,0.314908540234712
33.6715905584778,0.0309579046887333,-0.148386876112046,-0.182602795722549,0.145284000372948,0.0105073022488744,-0.0126677760486444,-0.355260894896637,0.315181210330986
33.9051080364161,0.030338590232588,-0.147552301594913,-0.181491340495299,0.145618111994208,0.0104308905372896,-0.0126516209050841,-0.353077497484636,0.315438916001229
34.1402449927217,0.0297258918485659,-0.146719588369036,-0.180376430776327,0.145942999997681,0.0103545750056926,-0.0126351100593487,-0.350890878009231,0.31568160191943
34.3770126587175,0.0291197587632066,-0.145888775189316,-0.179258198256739,0.14625862371811,0.010278359774301,-0.0126182431798692,-0.348701240347759,0.315909216181057
34.6154223436172,0.0285201402220564,-0.145059899872818,-0.178136775276709,0.146564944734838,0.0102022489938269,-0.0126010200026557,-0.346508789482716,0.316121710332918
34.8554854350656,0.0279269855026608,-0.144232999309853,-0.17701229477871,0.146861926885375,0.0101262468438044,-0.0125834403323626,-0.34431373142682,0.316319039401114
35.0972133996824,0.0273402439271901,-0.143408109475139,-0.175884890260351,0.147149536277827,0.0100503575308853,-0.0125655040433036,-0.342116273147243,0.316501161917048
35.3406177836102,0.0267598648747001,-0.142585265439024,-0.174754695726861,0.147427741302169,0.00997458528710373,-0.0125472110804165,-0.339916622489082,0.316668039941479
35.5857102130658,0.0261857977930342,-0.141764501378784,-0.173621845643257,0.147696512640346,0.00989893436811116,-0.0125285614601735,-0.337714988098125,0.316819639086578
35.8325023948954,0.0256179922103688,-0.140945850589961,-0.17248647488622,0.147955823275185,0.00982340905138479,-0.0125095552714408,-0.335511579342961,0.316955928535973
36.081006117134,0.0250563977464088,-0.140129345497756,-0.171348718695725,0.148205648498125,0.00974801363440984,-0.0124901926762823,-0.333306606236523,0.317076881062758
36.3312332495683,0.0245009641232364,-0.139315017668452,-0.170208712626453,0.148445965915742,0.00967275243283816,-0.0124704739107099,-0.331100279357093,0.317182473045448
36.5831957443038,0.0239516411758182,-0.138502897820868,-0.169066592499017,0.148676755455056,0.00959762977862502,-0.0124503992853774,-0.328892809768855,0.317272684481859
36.8369056363357,0.0234083788621753,-0.13769301583784,-0.167922494351048,0.148897999367635,0.00952265001814567,-0.012429969186219,-0.326684408942052,0.317347499000901
37.0923750441235,0.0228711272732223,-0.136885400777707,-0.166776554388171,0.149109682232462,0.00944781751029391,-0.0124091840750313,-0.324475288672814,0.317406903872277
37.3496161701702,0.0223398366422784,-0.136080080885811,-0.165628908934906,0.149311790957593,0.00937313662456411,-0.0123880444899977,-0.322265661002711,0.317450890014061
37.6086413016048,0.0218144573542576,-0.135277083605993,-0.164479694385535,0.149504314780563,0.00929861173911906,-0.0123665510461557,-0.320055738138119,0.317479451998167
37.8694628107695,0.0212949399545417,-0.134476435592092,-0.163329047154964,0.149687245267586,0.0092242472388452,-0.0123447044358067,-0.317845732369432,0.317492588053685
38.1320931558105,0.0207812351575424,-0.133678162719415,-0.162177103629627,0.149860576311498,0.00915004751339732,-0.012322505428867,-0.315635855990217,0.317490300068097
38.3965448812729,0.0202732938549568,-0.132882290096208,-0.161024000118465,0.150024304128489,0.00907601695523461,-0.0122999548731611,-0.313426321216361,0.317472593586356
38.6628306187004,0.0197710671237235,-0.132088842075085,-0.159869872804005,0.150178427253596,0.00900215995765011,-0.0122770536946564,-0.311217340105273,0.317439477807837
38.9309630872381,0.0192745062336815,-0.131297842264441,-0.158714857693599,0.150322946534968,0.00892848091279521,-0.0122538028976393,-0.309009124475216,0.317390965581169
39.2009550942403,0.0187835626549414,-0.130509313539822,-0.157559090570837,0.15045786512692,0.00885498420970145,-0.0122302035648329,-0.306801885824831,0.317327073396938
39.4728195358824,0.0182981880649704,-0.129723278055256,-0.156402706947186,0.150583188481761,0.00878167423230126,-0.0122062568574565,-0.304595835252916,0.317247821378285
39.7465693977764,0.0178183343554004,-0.128939757254538,-0.15524584201388,0.150698924340419,0.00870855535744978,-0.0121819640152265,-0.302391183378526,0.317153233269396
40.0222177555915,0.0173439536385609,-0.128158771882467,-0.154088630594106,0.150805082721868,0.0086356319529495,-0.0121573263562994,-0.300188140261459,0.317043336421909
40.2997777756789,0.016874998253746,-0.127380341996028,-0.152931207095516,0.15090167591136,0.00856290837557958,-0.0121323452771568,-0.29798691532319,0.316918161779236
40.5792627157,0.0164114207732176,-0.126604486975513,-0.151773705463103,0.150988718447484,0.00849038896913196,-0.0121070222524333,-0.29578771726832,0.316777743858842
40.8606859252603,0.0159531740079536,-0.125831225535579,-0.150616259132472,0.151066227108051,0.00841807806245576,-0.0120813588346871,-0.293590754006594,0.31662212073247
41.1440608465467,0.0155002110131435,-0.125060575736245,-0.149459000983551,0.151134220894831,0.00834597996751207,-0.0120553566541139,-0.291396232575564,0.316451334004351
41.4294010149697,0.01505248509344,-0.124292554993806,-0.148302063294753,0.151192721017148,0.00827409897744082,-0.0120290174182052,-0.28920435906394,0.316265428787433
41.7167200598098,0.0146099498079691,-0.12352718009169,-0.147145577697656,0.151241750874352,0.00820243936464149,-0.0120023429113502,-0.287015338535705,0.316064453677619
42.0060317048688,0.0141725589751073,-0.122764467191219,-0.145989675132201,0.151281336037185,0.00813100537886946,-0.0119753349943843,-0.28482937495504,0.315848460726078
42.2973497691249,0.0137402666770282,-0.122004431842308,-0.14483448580246,0.151311504228059,0.0080598012453497,-0.0119479956040821,-0.282646671112126,0.315617505409642
42.5906881673929,0.0133130272640273,-0.121247088994065,-0.143680139133001,0.151332285300259,0.00798883116290942,-0.0119203267525977,-0.280467428549877,0.315371646599317
42.8860609109892,0.0128907953586269,-0.120492453005316,-0.142526763725872,0.151343711216102,0.00791809930213146,-0.0118923305268528,-0.27829184749165,0.315110946526948
43.1834821084004,0.0124735258594699,-0.119740537655032,-0.141374487318252,0.151345816024066,0.00784760980352992,-0.0118640090878725,-0.276120126770008,0.314835470750071
43.4829659659579,0.0120611739450049,-0.118991356152679,-0.14022343674078,0.151338635834908,0.00777736677574958,-0.0118353646700706,-0.273952463756556,0.314545288114992
43.7845267885158,0.0116536950769702,-0.118244921148456,-0.139073737876595,0.151322208796804,0.00770737429379078,-0.0118063995804855,-0.271789054292937,0.314240470718122
44.0881789801347,0.01125104500368,-0.117501244743456,-0.137925515621128,0.151296575069524,0.00763763639726115,-0.0117771161979674,-0.269630092623007,0.31392109386562
44.3939370447695,0.0108531797631202,-0.116760338499716,-0.13677889384265,0.151261776797676,0.00756815708865558,-0.011747516972317,-0.267475771326261,0.313587236031379
44.701815586962,0.010460055685856,-0.11602221345018,-0.135633995343619,0.151217858083036,0.00749894033166599,-0.0117176044233793,-0.26532628125253,0.313238978813397
45.0118293125388,0.0100716293977597,-0.115286880108551,-0.134490941822843,0.151164864955999,0.00742999004952206,-0.0116873811400904,-0.263181811458025,0.312876406888582
45.3239930293136,0.0096878578225608,-0.114554348479047,-0.133349853838487,0.15110284534617,0.00736131012336446,-0.0116568497794815,-0.261042549142746,0.312499607966035
45.6383216477945,0.00930869818422537,-0.113824628066057,-0.13221085077194,0.151031849052132,0.00729290439065148,-0.0116260130656394,-0.258908679589304,0.312108672738861
45.954830181896,0.00893410800916821,-0.113097727883683,-0.131074050792565,0.150951927710405,0.00722477664360069,-0.0115948737886254,-0.256780386103203,0.311703694834546
46.2735337496566,0.0085640451283036,-0.112373656465188,-0.129939570823367,0.150863134763645,0.00715693062766644,-0.0115634348033545,-0.254657849954606,0.311284770763971
46.5944475739604,0.00819846767893871,-0.11165242187233,-0.12880752650757,0.150765525428097,0.00708937004005442,-0.0115316990284351,-0.25254125032164,0.310851999869083
46.9175869832646,0.0078373341065146,-0.110934031704593,-0.12767803217615,0.150659156660336,0.00702209852827435,-0.0114996694449711,-0.250430764235244,0.310405484269311
47.2429674123316,0.00748060316619933,-0.110218493108309,-0.126551200816324,0.150544087123329,0.00695511968873171,-0.0114673490953288,-0.248326566525625,0.309945328806746
47.5706044029659,0.00712823392433771,-0.109505812785673,-0.125427144041012,0.150420377151855,0.00688843706535956,-0.0114347410818682,-0.24622882977033,0.309471640990159
47.9005136047569,0.00678018575976205,-0.108795997003652,-0.124305972059301,0.150288088717295,0.00682205414829113,-0.0114018485656414,-0.244137724243962,0.308984530937908
48.2327107758263,0.00643641836496823,-0.108089051602777,-0.123187793647901,0.15014728539185,0.00675597437257422,-0.0113686747650593,-0.242053417869582,0.308484111319779
48.5672117835806,0.00609689174716149,-0.107384982005838,-0.122072716123632,0.149998032312197,0.00669020111692798,-0.0113352229545283,-0.2399760761718,0.307970497297835
48.904032605469,0.00576156622917581,-0.106683793226462,-0.12096084531693,0.149840396142632,0.00662473770254289,-0.0113014964630574,-0.237905862231593,0.307443806466301
49.243189329747,0.00543040245027138,-0.105985489877582,-0.119852285546399,0.149674445037717,0.00655958739192456,-0.0112674986728395,-0.235842936642861,0.306904158790575
49.5846981562442,0.00510336136681359,-0.105290076179805,-0.11874713959441,0.149500248604483,0.00649475338778189,-0.0112332330178057,-0.23378745747074,0.306351676545395
49.9285753971387,0.00478040425283813,-0.104597555969658,-0.117645508683757,0.149317877864201,0.00643023883196018,-0.0111987029821564,-0.231739580211684,0.305786484252227
50.2748374777359,0.00446149270050533,-0.103907932707744,-0.116547492455374,0.149127405213774,0.00636604680441958,-0.0111639120988692,-0.229699457755346,0.305208708615939
50.6235009372529,0.00414658862044795,-0.103221209486769,-0.115453188947127,0.148928904386766,0.00630218032225948,-0.0111288639481863,-0.227667240348242,0.304618478460807
50.974582429609,0.00383565424201588,-0.10253738903948,-0.114362694573671,0.148722450414111,0.00623864233878888,-0.0110935621560825,-0.225643075559235,0.304015924665916
51.3280987242209,0.00352865211342114,-0.101856473746485,-0.113276104107394,0.148508119584539,0.00617543574264334,-0.0110580103927147,-0.223627108246821,0.303401180100013
51.6840667068035,0.00322554510178718,-0.101178465643967,-0.112193510660433,0.148285989404738,0.00611256335694866,-0.0110222123708557,-0.22161948052825,0.302774379555863
52.0425033801768,0.00292629639310503,-0.100503366431301,-0.111115005667769,0.148056138559295,0.00605002793853138,-0.010986171844313,-0.21962033175046,0.30213565968418
52.4034258650778,0.00263086949210036,-0.0998311774785524,-0.110040678871412,0.14781864687045,0.00598783217717633,-0.0109498926063347,-0.217629798462839,0.301485158927163
52.7668514009784,0.00233922822201413,-0.0991618998338826,-0.108970618305654,0.147573595257686,0.00592597869493134,-0.0109133784880031,-0.215648014391813,0.300823017451729
53.1327973469088,0.00205133672430014,-0.0984955342308439,-0.107904910283402,0.1473210656972,0.00586447004545899,-0.0108766333566189,-0.213675110417259,0.300149377082458
53.5012811822866,0.00176715945824257,-0.0978320810955746,-0.106843639383592,0.147061141181274,0.00580330871343556,-0.0108396611140762,-0.211711214550729,0.299464381234347
53.8723205077517,0.00148666120049621,-0.097171540553891,-0.10578688843966,0.146793905677586,0.00574249711399696,-0.0108024656952311,-0.209756451915497,0.298768174845387
54.2459330460073,0.00120980704455233,-0.0965139124382782,-0.104734738529088,0.146519444088491,0.00568203759223154,-0.0107650510662635,-0.207810944728402,0.29806090430905
54.6221366426659,0.000936562400133113,-0.0958591962947818,-0.103687268964,0.146237842210294,0.0056219324227197,-0.0107274212230363,-0.205874812283492,0.297342717406722
55.0009492671021,0.000666892992516922,-0.0952073913897989,-0.102644557282815,0.145949186692569,0.00556218380911985,-0.0106895801894507,-0.203948170937451,0.296613763240138
55.3823890133107,0.000400764861797484,-0.0945584967167728,-0.101606679242935,0.145653564997515,0.00550279388380073,-0.0106515320158007,-0.202031134096796,0.29587419216387
55.7664741007712,0.000138144362078969,-0.0939125110027887,-0.100573708814473,0.145351065359423,0.00544376470751955,-0.0106132807771279,-0.200123812206835,0.295124155717926
56.1532228753178,-0.000121001839390142,-0.093269432715075,-0.0995457181750015,0.145041776744243,0.00538509826914568,-0.0105748305715776,-0.198226312742363,0.294363806560497
56.5426538100157,-0.000376706763142426,-0.0926292600674086,-0.0985227777053121,0.144725788809308,0.00532679648542943,-0.0105361855187578,-0.196338740200082,0.293593298400914
56.9347855060436,-0.000629003118473677,-0.0919919910264272,-0.0975049559861768,0.144403191863227,0.00526886120081553,-0.0104973497581028,-0.19446119609273,0.292812785932854
57.3296366935823,-0.000877923304479791,-0.0913576233178488,-0.096492319796098,0.144074076825981,0.00521129418730081,-0.0104583274472416,-0.19259377894489,0.292022424767848
57.7272262327089,-0.00112349941114606,-0.0907261544325989,-0.095484934110033,0.14373853518924,0.00515409714433547,-0.0104191227603744,-0.190736584290462,0.291222371369135
58.1275731142982,-0.00136576322048725,-0.090097581632849,-0.0944828620990786,0.143396658976942,0.00509727169876747,-0.0103797398866556,-0.18888970467178,0.290412782985901
58.5306964609293,-0.00160474620773612,-0.089471901957964,-0.0934861651311027,0.143048540706139,0.00504081940482938,-0.0103401830285873,-0.187053229640336,0.28959381758796
58.9366155277994,-0.00184047954257876,-0.0888491122303637,-0.0924949027723065,0.142694273348158,0.0049847417441671,-0.0103004564004229,-0.185227245759108,0.288765633800905
59.3453497036433,-0.00207299409043481,-0.088229209061296,-0.0915091327897009,0.142333950290073,0.00492904012590969,-0.0102605642265822,-0.183411836606433,0.287928390841778
59.7569185116595,-0.00230232041378097,-0.0876121888565252,-0.0905289111544811,0.141967665296535,0.0048737158867797,-0.0102205107400792,-0.181607082781431,0.287082248455302
60.1713416104428,-0.00252848877351605,-0.0869980478219358,-0.0895542920462823,0.141595512471975,0.00481877029124323,-0.0101803001809643,-0.179813061910932,0.286227366850701
60.5886387949234,-0.00275152913036595,-0.0863867819690533,-0.0885853278582981,0.141217586223187,0.00476420453169898,-0.0101399367947804,-0.178029848657878,0.285363906639163
61.0088299973121,-0.00297147114632718,-0.0857783871204831,-0.0876220692032434,0.140833981222337,0.00471001972870539,-0.0100994248310361,-0.176257514731171,0.284492028771968
61.4319352880526,-0.00318834418614727,-0.0851728589152681,-0.0866645649201436,0.140444792370398,0.00465621693124531,-0.0100587685416944,-0.174496128896945,0.283611894479318
61.8579748767801,-0.00340217731884093,-0.0845701928141673,-0.08571286208193,0.140050114761033,0.00460279711702704,-0.0100179721796806,-0.172745756991211,0.28272366520991
62.2869691132868,-0.00361299931924037,-0.0839703841048558,-0.0847670060038229,0.139650043644959,0.0045497611928212,-0.00997703999740774,-0.171006461933858,0.281827502571277
62.7189384884933,-0.00382083866957867,-0.0833734279070478,-0.0838270402524809,0.139244674394783,0.00449710999483224,-0.00993597624532236,-0.169278303743967,0.280923568270928
63.1539036354283,-0.004025723561105,-0.0827793191775428,-0.0828930066558972,0.13883410247036,0.00444484428910402,-0.00989478517047026,-0.167561339556417,0.280012024058322
63.5918853302131,-0.00422768189573037,-0.0821880527151978,-0.0819649453140225,0.138418423384652,0.00439296477195829,-0.0098534710150836,-0.165855623639722,0.279093031667693
64.032904493055,-0.00442674128770313,-0.0815996231658254,-0.0810428946100914,0.137997732670134,0.00434147207046521,-0.00981203801518991,-0.164161207415099,0.278166752761765
64.4769821892457,-0.00462292906531271,-0.0810140250270187,-0.0801268912226342,0.137572125845745,0.00429036674294512,-0.00977049039924371,-0.162478139476697,0.277233348876374
64.9241396301678,-0.0048162722726211,-0.0804312526529056,-0.0792169701381499,0.137141698384405,0.00423964927950035,-0.00972883238678146,-0.160806465612975,0.276292981366023
65.3743981743082,-0.00500679767122085,-0.0798513002588317,-0.0783131646644205,0.136706545681094,0.00418932010257628,-0.00968706818710046,-0.159146228829181,0.275345811350388
65.827779328278,-0.00519453174201862,-0.0792741619259747,-0.0774155064444439,0.136266763021537,0.00413937956755069,-0.00964520199796225,-0.157497469370901,0.27439199966181
66.2843047478397,-0.00537950068704379,-0.0786998316058896,-0.0765240254709643,0.135822445551469,0.00408982796335028,-0.0096032380043212,-0.15586022474863,0.273431706793768
66.7439962389419,-0.00556173043128093,-0.0781283031249874,-0.0756387501015772,0.135373688246518,0.00404066551309351,-0.00956118037707859,-0.15423452976335,0.272465092850382
67.2068757587607,-0.0057412466245256,-0.0775595701889468,-0.0747597070743876,0.134920585882701,0.00399189237475868,-0.0095190332718629,-0.152620416533043,0.271492317496929
67.6729654167483,-0.0059180746432628,-0.0769936263870609,-0.0738869215241991,0.134463233007546,0.0039435086418763,-0.00947680082783663,-0.151017914520146,0.27051353991142
68.1422874756894,-0.00609223959256716,-0.0764304651965199,-0.0730204169992116,0.134001723911846,0.00389551434424474,-0.00943448716652998,-0.149427050559863,0.269528918737224
68.6148643527643,-0.00626376630802461,-0.0758700799866299,-0.0721602154782058,0.13353615260206,0.00384790944866818,-0.00939209639070201,-0.147847848889339,0.268538612036776
69.0907186206199,-0.00643267935767451,-0.0753124640229694,-0.0713063373881922,0.133066612773348,0.00380069385971576,-0.00934963258322932,-0.146280331177625,0.267542777246357
69.5698730084476,-0.00659900304397199,-0.0747576104714843,-0.0704588016225029,0.132593197783272,0.00375386742050114,-0.0093070998060228,-0.144724516556423,0.26654157113198
70.0523504030693,-0.00676276140576994,-0.0742055124025223,-0.0696176255593035,0.132116000626146,0.0037074299134812,-0.00926450209897254,-0.143180421651552,0.265535149746367
70.5381738500302,-0.00692397822031995,-0.0736561627948071,-0.0687828250805048,0.131635113908046,0.00366138106127319,-0.00922184347892126,-0.141648060615114,0.26452366838705
71.0273665547,-0.00708267700529198,-0.0731095545393543,-0.0679544145910509,0.131150629822493,0.00361572052748909,-0.00917912793866634,-0.140127445158318,0.263507281555573
71.5199518833807,-0.00723888102081221,-0.0725656804433281,-0.0671324070385635,0.130662640126789,0.00357044791758632,-0.00913635944599075,-0.138618584584917,0.262486142917835
72.0159533644237,-0.00739261327151877,-0.0720245332338414,-0.0663168139333199,0.130171236119041,0.00352556277973384,-0.00909354194272286,-0.137121485825238,0.261460405265539
72.5153946893524,-0.0075438965086347,-0.0714861055616989,-0.065507645368546,0.129676508615834,0.00348106460569266,-0.00905067934382535,-0.135636153470756,0.260430220478792
73.0182997139948,-0.00769275323205814,-0.0709503900050841,-0.0647049100409995,0.129178547930595,0.00343695283170974,-0.00900777553651331,-0.134162589809182,0.259395739489816
73.5246924596224,-0.00783920569246932,-0.0704173790731912,-0.0639086152718265,0.128677443852616,0.00339322683942443,-0.00896483437940137,-0.132700794860027,0.258357112247806
74.0345971140979,-0.00798327589345381,-0.0698870652098025,-0.0631187670276683,0.12817328562675,0.00334988595678647,-0.00892185970168017,-0.131250766410613,0.257314487684914
74.5480380330304,-0.0081249855936421,-0.0693594407968111,-0.0623353699420006,0.127666161933779,0.00330692945898466,-0.00887885530232186,-0.129812500052487,0.256268013683361
75.0650397409388,-0.00826435630886504,-0.0688344981576917,-0.0615584273366826,0.127156160871453,0.00326435656938518,-0.00883582494931483,-0.128385989218217,0.255217837043683
75.585626932423,-0.00840140931432487,-0.0683122295609169,-0.0607879412436992,0.12664336993618,0.00322216646047888,-0.00879277237892741,-0.126971225218522,0.254164103454097
76.1098244733437,-0.00853616564678177,-0.0677926272233225,-0.060023912427075,0.126127876005401,0.00318035825483641,-0.00874970129500057,-0.125568197279718,0.253106957460991
76.6376574020103,-0.0086686461067556,-0.0672756833134206,-0.0592663404049422,0.125609765320606,0.0031389310260705,-0.00870661536826944,-0.124176892581434,0.252046542440528
77.1691509303763,-0.00879887126074271,-0.0667613899546618,-0.058515223471744,0.125089123471011,0.00309788379980448,-0.00866351823571346,-0.12279729629458,0.250983000571359
77.7043304452438,-0.00892686144344748,-0.0662497392286462,-0.0577705587205539,0.124566035377894,0.0030572155546462,-0.00862041349993511,-0.121429391619523,0.249916472808441
78.2432215094763,-0.00905263676002867,-0.0657407231782847,-0.0570323420654955,0.124040585279565,0.00301692522316647,-0.0085773047285669,-0.120073159824448,0.248847098857953
78.7858498632195,-0.00917621708836024,-0.0652343338109104,-0.0563005682642425,0.123512856716986,0.0029770116928814,-0.0085341954537065,-0.11872858028388,0.247775017153285
79.3322414251308,-0.00929762208130648,-0.0647305631013399,-0.0555752309405846,0.122982932520026,0.00293747380723762,-0.00849108917137972,-0.117395630517318,0.246700364832128
79.8824222936175,-0.00941687116901147,-0.0642294029948863,-0.0548563226070401,0.122450894794339,0.00289831036659979,-0.00844798934103107,-0.116074286227975,0.24562327771461
80.436418748083,-0.00953398356120255,-0.0637308454103234,-0.0541438346875008,0.121916824908872,0.00285952012923956,-0.00840489938504167,-0.114764521341584,0.244543890282498
80.9942572501823,-0.00964897824950779,-0.0632348822428008,-0.053437757539892,0.121380803483986,0.00282110181232529,-0.00836182268827423,-0.113466308045244,0.243462335659455
81.555964445086,-0.00976187400978733,-0.0627415053667117,-0.0527380804788336,0.120842910380188,0.00278305409291175,-0.00831876259764471,-0.112179616826283,0.242378745592314
82.121567162753,-0.00987268940447836,-0.0622507066385126,-0.0520447917982851,0.12030322468746,0.00274537560892925,-0.0082757224217204,-0.110904416511107,0.241293250433388
82.6910924192116,-0.00998144278495386,-0.0617624778994949,-0.0513578787941624,0.119761824715187,0.00270806496017133,-0.00823270543034405,-0.109640674304016,0.240205979123784
83.2645674178507,-0.0100881522938947,-0.0612768109785098,-0.0506773277869096,0.119218787982665,0.00267112070928053,-0.00818971485428372,-0.108388355825961,0.239117059177714
83.8420195507184,-0.0101928358676751,-0.0607936976946458,-0.0500031241440143,0.118674191210191,0.00263454138273146,-0.00814675388490794,-0.107147425153212,0.238026616667786
84.423476399831,-0.0102955112387616,-0.0603131298598586,-0.0493352523024517,0.118128110310717,0.00259832547181071,-0.00810382567388581,-0.105917844855927,0.236934776211264
85.0089657384898,-0.0103961959381251,-0.0598350992815551,-0.0486736957910444,0.117580620382064,0.0025624714335928,-0.00806093333291166,-0.104699576036585,0.235841660957283
85.5985155326084,-0.0104949072976657,-0.05935959776513,-0.0480184372527265,0.117031795699688,0.00252697769191185,-0.00801807993345383,-0.103492578368274,0.234747392574999
86.1921539420481,-0.0105916624526506,-0.0588866171164555,-0.0473694584666992,0.116481709709983,0.00249184263832813,-0.00797526850652719,-0.102296810132805,0.233652091242657
86.7899093219629,-0.0106864783441652,-0.058416149144325,-0.0467267403704657,0.11593043502412,0.00245706463308917,-0.00793250204248894,-0.101112228258639,0.232555875637576
87.3918102241541,-0.0107793717215764,-0.0579481856628502,-0.0460902630817359,0.115378043412399,0.00242264200608484,-0.00788978349085726,-0.0999387883586021,0.231458862927015
87.9978853984339,-0.0108703591450086,-0.057482718493811,-0.0454600059201883,0.114824605799122,0.00238857305779587,-0.00784711576015235,-0.0987764447673696,0.230361168759914
88.6081637939989,-0.0109594569878321,-0.0570197394689597,-0.0448359474290795,0.114270192257956,0.00235485606023537,-0.00780450171775951,-0.0976251505787097,0.229262907259494
89.2226745608124,-0.0110466814391639,-0.0565592404322784,-0.0442180653966915,0.113714872007798,0.00232148925788288,-0.00776194418981354,-0.0964848576824594,0.228164191016695
89.8414470509972,-0.0111320485063804,-0.0561012132421897,-0.0436063368776075,0.11315871340911,0.0022884708686105,-0.00771944596110436,-0.0953555168012226,0.227065131084437
90.4645108202374,-0.0112155740176423,-0.0556456497737212,-0.0430007382138062,0.112601783960733,0.00225579908460073,-0.00767700977500305,-0.094237077526774,0.225965836972687
91.0918956291901,-0.0112972736244312,-0.0551925419206227,-0.0424012450555664,0.11204415029715,0.00222347207325555,-0.00763463833340799,-0.0931294883561507,0.224866416644313
91.7236314449071,-0.0113771628040976,-0.0547418815974375,-0.0418078323821745,0.111485878186206,0.00219148797809638,-0.00759233429671067,-0.0920326967274215,0.223766976511703
92.3597484422661,-0.0114552568624204,-0.0542936607415259,-0.041220474522425,0.110927032527263,0.00215984491965464,-0.00755010028378048,-0.0909466490551176,0.22266762143415
93.0002770054119,-0.0115315709361779,-0.0538478713150431,-0.0406391451749092,0.110367677349781,0.00212854099635239,-0.00750793887196826,-0.0898712907653122,0.221568454715954
93.645247729208,-0.0116061199957293,-0.0534045053068682,-0.0400638174280821,0.109807875812317,0.00209757428537291,-0.00746585259712789,-0.0888065663303375,0.220469578105253
94.2946914206979,-0.0116789188476073,-0.0529635547344878,-0.0394944637801036,0.109247690201926,0.0020669428435208,-0.00742384395365553,-0.0877524193031274,0.219371091793545
94.9486391005764,-0.011749982137121,-0.0525250116458307,-0.0389310561584456,0.10868718193396,0.00203664470807136,-0.00738191539454608,-0.0867087923511745,0.218273094415899
95.6071220046713,-0.0118193243509691,-0.0520888681210559,-0.0383735659392605,0.10812641155225,0.00200667789760895,-0.00734006933146621,-0.0856756272900915,0.217175683051816
96.2701715854358,-0.0118869598198629,-0.0516551162742924,-0.0378219639665042,0.10756543872966,0.00197704041285409,-0.00729830813484358,-0.0846528651167666,0.216078953226748
96.9378195134503,-0.0119529027211594,-0.0512237482553313,-0.0372762205708103,0.107004322268999,0.00194773023747906,-0.00725663413397177,-0.083640446042106,0.21498299891423
97.6100976789355,-0.0120171670815032,-0.0507947562512697,-0.036736305588109,0.106443120104296,0.00191874533891179,-0.00721504961713035,-0.0826383095233522,0.213887912538636
98.2870381932754,-0.0120797667794778,-0.0503681324881053,-0.0362021883779862,0.105881889302399,0.00189008366912783,-0.00717355683171965,-0.081646394295972,0.212793784978507
98.9686733905512,-0.0121407155482653,-0.0499438692322839,-0.0356738378417812,0.105320686064916,0.00186174316543015,-0.0071321579844097,-0.0806646384051069,0.211700705570472
99.6550358290861,-0.0122000269783146,-0.0495219587921964,-0.0351512224404152,0.10475956573047,0.00183372175121681,-0.00709085524130296,-0.079692979236579,0.210608762113707
100.346158292999,-0.0122577145200175,-0.0491023935196276,-0.034634310211951,0.104198582777264,0.00180601733673597,-0.00704965072811019,-0.0787313535474453,0.209518040874943
101.042073793774,-0.0123137914863921,-0.0486851658111551,-0.0341230687888784,0.103637790825941,0.00177862781982856,-0.00700854653033915,-0.0777796974960962,0.208428626593988
101.742815571832,-0.0123682710557738,-0.0482702681094989,-0.0336174654151232,0.103077242642733,0.00175155108665803,-0.00696754469349552,-0.0768379466718934,0.207340602489756
102.448417098122,-0.0124211662745119,-0.0478576929048203,-0.0331174669627778,0.102516990142889,0.00172478501242745,-0.00692664722329565,-0.0759060361243399,0.20625405026678
103.15891207572,-0.012472490059674,-0.0474474327359712,-0.0326230399485504,0.101957084394366,0.0016983274620836,-0.00688585608589061,-0.0749839003917815,0.205169050122192
103.874334441436,-0.0125222552017543,-0.0470394801916922,-0.0321341505499313,0.101397575621778,0.0016721762910081,-0.0068451732081012,-0.0740714735296346,0.204085680753158
104.594718367439,-0.0125704743673885,-0.0466338279117606,-0.031650764621075,0.100838513210594,0.00164632934569545,-0.0068046004776632,-0.0731686891381359,0.203004019364746
105.320098262886,-0.0126171601020723,-0.0462304685880862,-0.0311728477083961,0.100279945711564,0.001620784464418,-0.00676413974348279,-0.0722754803896145,0.201924141678217
106.050508775566,-0.0126623248328849,-0.0458293949657569,-0.0307003650658787,0.099721920845385,0.00159553947787766,-0.00672379281590128,-0.0713917800552813,0.200846121939712
106.785984793556,-0.0127059808712153,-0.0454305998440312,-0.0302332816700978,0.0991644855075707,0.00157059220984449,-0.00668356146696903,-0.0705175205315356,0.199770032929329
107.526561446888,-0.0127481404154917,-0.0450340760772794,-0.0297715622349525,0.0986076857735376,0.00154594047778203,-0.00664344743072796,-0.0696526338657866,0.198695945970576
108.272274109224,-0.0127888155539132,-0.0446398165758728,-0.0293151712261112,0.0980515669038844,0.00152158209345943,-0.00660345240350223,-0.0687970517817898,0.197623930940167
109.023158399549,-0.0128280182671837,-0.044247814307019,-0.028864072875168,0.0974961733498618,0.00149751486355032,-0.00656357804419674,-0.0679507057044967,0.196554056278171
109.779250183872,-0.0128657604312454,-0.0438580622955457,-0.0284182311935104,0.0969415487590213,0.00147373659021846,-0.00652382597460294,-0.067113526784419,0.195486388998473
110.540585576935,-0.0129020538200137,-0.0434705536246301,-0.0279776099858996,0.0963877359810345,0.00145024507169027,-0.00648419777971161,-0.0662854459215056,0.194420994699558
111.307200943943,-0.0129369101081118,-0.0430852814364759,-0.0275421728637634,0.0958347770736739,0.00142703810281413,-0.00644469500803216,-0.0654663937885349,0.193357937575579
112.079132902301,-0.0129703408736028,-0.042702238932935,-0.0271118832582027,0.0952827133089473,0.00140411347560662,-0.00640531917191808,-0.0646563008540223,0.192297280427713
112.856418323356,-0.0130023576007209,-0.0423214193760771,-0.0266867044327124,0.094731585179375,0.00138146897978567,-0.00636607174789817,-0.0638550974046436,0.191239084675776
113.639094334169,-0.0130329716825997,-0.0419428160887031,-0.0262665994956181,0.0941814324044048,0.00135910240329074,-0.00632695417701305,-0.0630627135671772,0.190183410370101
114.427198319278,-0.0130621944239964,-0.0415664224548058,-0.0258515314122309,0.0936322939369533,0.00133701153279009,-0.00628796786515677,-0.0622790793299659,0.189130316203648
115.220767922492,-0.0130900370440123,-0.0411922319199737,-0.0254414630167196,0.0930842079700681,0.00131519415417517,-0.00624911418342295,-0.0615041245639007,0.188079859524339
116.019841048683,-0.013116510678807,-0.0408202379917422,-0.0250363570237051,0.0925372119437005,0.00129364805304229,-0.00621039446845529,-0.0607377790429287,0.187032096347611
116.824455865599,-0.0131416263843071,-0.0404504342398876,-0.024636176039576,0.0919913425515831,0.00127237101516165,-0.00617181002280186,-0.0599799724640885,0.185987081369167
117.634650805689,-0.0131653951389081,-0.0400828142966667,-0.0242408825735302,0.0914466357482042,0.00125136082693378,-0.00613336211527309,-0.0592306344670755,0.184944867977911
118.450464567934,-0.0131878278461668,-0.039717371857001,-0.0238504390483425,0.0909031267558701,0.00123061527583352,-0.00609505198130292,-0.0584896946533397,0.183905508269064
119.271936119701,-0.0132089353374865,-0.0393541006786041,-0.0234648078108616,0.0903608500718506,0.00121013215084178,-0.00605688082331284,-0.0577570826047204,0.182869053057439
120.099104698599,-0.0132287283747906,-0.0389929945820547,-0.0230839511422396,0.0898198394755987,0.001189909242865,-0.00601884981107856,-0.057032727901621,0.181835551890869
120.932009814357,-0.0132472176531861,-0.0386340474508126,-0.0227078312678956,0.0892801280360383,0.00116994434514254,-0.00598096008209894,-0.0563165601407273,0.180805053063777
121.77069125071,-0.0132644138036147,-0.0382772532311788,-0.0223364103672163,0.0887417481189132,0.00115023525364222,-0.00594321274196688,-0.0556085089522738,0.179777603630871
122.615189067297,-0.013280327395491,-0.0379226059321997,-0.0219696505829978,0.0882047313941914,0.00113077976744402,-0.00590560886474185,-0.0549085040168616,0.178753249420962
123.46554360158,-0.0132949689393257,-0.0375700996255148,-0.0216075140306292,0.0876691088435171,0.00111157568911208,-0.00586814949332387,-0.0542164750818331,0.177732035050888
124.321795470765,-0.0133083488893348,-0.0372197284451485,-0.0212499628070242,0.0871349107677052,0.00109262082505531,-0.00583083563982853,-0.0535323519772066,0.176714003939533
125.183985573745,-0.0133204776460312,-0.0368714865872455,-0.020896958999301,0.0866021667942725,0.00107391298587662,-0.00579366828596289,-0.0528560646311779,0.175699198321934
126.052155093052,-0.0133313655587993,-0.0365253683097496,-0.0205484646932157,0.0860709058849987,0.00105544998671091,-0.00575664838340191,-0.0521875430851901,0.174687659263472
126.926345496825,-0.0133410229284506,-0.036181367932027,-0.0202044419813517,0.0855411563435123,0.00103722964755221,-0.00571977685416521,-0.0515267175085798,0.173679426674122
127.806598540793,-0.01334946000976,-0.0358394798344333,-0.0198648529710696,0.0850129458228965,0.00101924979356977,-0.00568305459099391,-0.0508735182128037,0.172674539322769
128.692956270265,-0.0133566870139799,-0.0354996984578242,-0.0195296597922193,0.0844863013333079,0.00100150825541369,-0.00564648245772727,-0.0502278756652495,0.171673034851568
129.585461022141,-0.013362714111333,-0.0351620183030107,-0.0191988246046198,0.0839612492496052,0.000984002869509891,-0.00561006128967893,-0.0495897205026381,0.170674949790353
130.484155426934,-0.0133675514334811,-0.0348264339301587,-0.0188723096053099,0.0834378153189809,0.00096673147834487,-0.00557379189401254,-0.0489589835440216,0.169680319571071
131.389082410804,-0.0133712090759692,-0.0344929399581329,-0.0185500770355726,0.0829160246685927,0.000949691930740293,-0.00553767505011654,-0.0483355958033831,0.168689178542245
132.300285197614,-0.0133736971006433,-0.0341615310637858,-0.0182320891877385,0.0823959018131893,0.000932882082117637,-0.00550171150997789,-0.0477194885018428,0.167701559983455
133.217807310988,-0.0133750255380416,-0.0338322019811913,-0.0179183084117706,0.0818774706627254,0.000916299794753076,-0.00546590199855451,-0.0471105930794771,0.166717496119828
134.141692576393,-0.0133752043897559,-0.0335049475008244,-0.0176086971216354,0.0813607545299638,0.000899942938022801,-0.00543024721414638,-0.0465088412067559,0.165737018136523
135.071985123233,-0.0133742436307646,-0.0331797624686864,-0.0173032178014643,0.0808457761380577,0.000883809388638948,-0.00539474782876488,-0.0459141647956042,0.164760156193224
136.008729386957,-0.013372153211733,-0.0328566417853757,-0.0170018330115085,0.0803325576281117,0.000867897030876347,-0.00535940448850047,-0.0453264960100927,0.163786939438607
136.951970111177,-0.0133689430612826,-0.0325355804051062,-0.0167045053938918,0.0798211205667155,0.000852203756790269,-0.00532421781388828,-0.0447457672767646,0.162817396024798
137.901752349813,-0.0133646230882249,-0.0322165733346717,-0.0164111976781658,0.0793114859534488,0.00083672746642538,-0.00528918840027164,-0.0441719112946041,0.161851553121801
138.858121469236,-0.0133592031837621,-0.0318996156323589,-0.0161218726866706,0.0788036742283519,0.000821466068016084,-0.00525431681816331,-0.0436048610446515,0.160889436931898
139.821123150444,-0.0133526932236491,-0.0315847024068079,-0.0158364933397062,0.0782977052793605,0.000806417478178466,-0.0052196036136043,-0.0430445497992725,0.159931072704009
140.790803391236,-0.0133451030703195,-0.0312718288158215,-0.0155550226605178,0.0777935984496999,0.000791579622094024,-0.00518504930852004,-0.0424909111310862,0.158976484748007
141.767208508414,-0.0133364425749718,-0.0309609900651242,-0.0152774237800993,0.0772913725452361,0.000776950433685376,-0.00515065440107396,-0.0419438789215581,0.15802569644899
142.750385139995,-0.0133267215796149,-0.0306521814070709,-0.0150036599418194,0.0767910458417821,0.000762527855784182,-0.00511641936601819,-0.0414033873692652,0.157078730281498
143.740380247435,-0.0133159499190722,-0.030345398139307,-0.0147336945058745,0.0762926360923549,0.000748309840291423,-0.00508234465504131,-0.0408693709978377,0.156135607823666
144.737241117876,-0.0133041374229426,-0.0300406356033793,-0.0144674909535716,0.0757961605343813,0.000734294348330279,-0.00504843069711307,-0.0403417646635837,0.155196349771317
145.741015366405,-0.013291293917517,-0.0297378891833,-0.0142050128914466,0.0753016358968505,0.000720479350391778,-0.00501467789882591,-0.0398205035628033,0.154260975951989
146.751750938323,-0.013277429227649,-0.0294371543040637,-0.0139462240552211,0.0748090784074105,0.000706862826473429,-0.00498108664473334,-0.0393055232387978,0.153329505338886
147.769496111443,-0.0132625531785788,-0.029138426430119,-0.0136910883136022,0.0743185037994065,0.000693442766211027,-0.0049476572976848,-0.03879675958858,0.152401956064748
148.794299498388,-0.0132466755977087,-0.0288417010637943,-0.0134395696719292,0.0738299273188595,0.000680217169003827,-0.00491439019915727,-0.038294148869291,0.151478345435652
149.826210048919,-0.0132298063163288,-0.0285469737436813,-0.0131916322756716,0.0733433637313824,0.000667184044133282,-0.00488128566958327,-0.0377976277043304,0.150558689944711
150.865277052271,-0.0132119551712927,-0.0282542400429745,-0.0129472404137819,0.0728588273290327,0.000654341410875545,-0.00484834400867527,-0.0373071330892053,0.149643005285702
151.911550139505,-0.0131931320066399,-0.0279634955677696,-0.0127063585219076,0.0723763319370995,0.00064168729860791,-0.00481556549574657,-0.0368226023971029,0.148731306366586
152.965079285884,-0.013173346675166,-0.0276747359553216,-0.0124689511854664,0.0718958909208242,0.000629219746909409,-0.00478295039002836,-0.0363439733841952,0.147823607322945
154.025914813254,-0.0131526090399376,-0.0273879568722633,-0.012234983142588,0.0714175171920519,0.000616936805655729,-0.00475049893098309,-0.0358711841946781,0.146919921531311
155.094107392451,-0.0131309289757525,-0.027103154012786,-0.0120044192869271,0.0709412232158143,0.000604836535108652,-0.00471821133861405,-0.0354041733655537,0.146020261622399
156.169708045722,-0.0131083163705419,-0.0268203230967833,-0.0117772246703515,0.0704670210168409,0.000592917006000197,-0.00468608781377106,-0.0349428798311596,0.145124639494232
157.25276814916,-0.0130847811267154,-0.0265394598679599,-0.0115533645055076,0.0699949221859998,0.000581176299611657,-0.00465412853845232,-0.0344872429274518,0.144233066325163
158.34333943516,-0.0130603331624472,-0.0262605600919061,-0.0113328041682699,0.0695249378866638,0.000569612507847695,-0.00462233367610235,-0.0340372023960459,0.143345552586781
159.441473994887,-0.0130349824129014,-0.0259836195541398,-0.0111155092000758,0.0690570788610054,0.000558223733305699,-0.00459070337190599,-0.0335926983880235,0.142462108056709
160.547224280766,-0.0130087388313963,-0.0257086340581179,-0.0109014453101499,0.0685913554362158,0.000547008089340561,-0.00455923775307848,-0.0331536714675082,0.141582741831291
161.66064310899,-0.0129816123905077,-0.0254355994232171,-0.0106905783776227,0.0681277775306501,0.000535963700125058,-0.0045279369291515,-0.0327200626150162,0.140707462338153
162.781783662036,-0.0129536130831074,-0.0251645114826883,-0.010482874453546,0.0676663546598971,0.000525088700706004,-0.00449680099225531,-0.0322918132305895,0.139836277348653
163.910699491214,-0.0129247509233387,-0.0248953660815832,-0.0102782997628089,0.0672070959427734,0.000514381237056348,-0.0044658300173969,-0.0318688651367127,0.138969193990213
165.047444519217,-0.012895035947527,-0.0246281590746571,-0.0100768207059583,0.0667500101072415,0.000503839466123389,-0.0044350240627341,-0.0314511605810237,0.13810621875852
166.192073042701,-0.0128644782150241,-0.0243628863242484,-0.0098784038609265,0.0662951054962521,0.00049346155587325,-0.0044043831698458,-0.0310386422388189,0.137247357529612
167.344639734876,-0.0128330878089866,-0.0240995436981366,-0.00968301598467059,0.0658423900735104,0.000483245685331802,-0.00437390736399814,-0.0306312532153611,0.136392615571836
168.505199648122,-0.0128008748370864,-0.0238381270673818,-0.00949062401472553,0.0653918714291652,0.000473190044622178,-0.00434359665440678,-0.0302289370479944,0.135541997557681
169.673808216612,-0.0127678494321538,-0.0235786323041449,-0.00930119507067515,0.0649435567854233,0.00046329283499903,-0.0043134510344952,-0.0298316377080699,0.13469550757548
170.850521258965,-0.0127340217527516,-0.0233210552794935,-0.00911469645554402,0.0644974530020867,0.000453552268879692,-0.00428347048214913,-0.0294392996026893,0.13385314914099
172.03539498091,-0.0126994019836798,-0.0230653918611929,-0.00893109565711308,0.0640535665820152,0.000443966569872393,-0.00425365495996709,-0.0290518675762689,0.133014925208839
173.228485977972,-0.0126640003364112,-0.0228116379114857,-0.00875036034916257,0.0636119036765126,0.000434533972801656,-0.004224004415507,-0.0286692869119314,0.132180838183844
174.429851238172,-0.0126278270494559,-0.0225597892848603,-0.00857245839264476,0.0631724700906384,0.000425252723731042,-0.00419451878152905,-0.0282915033327276,0.131350889932196
175.639548144754,-0.0125908923886561,-0.0223098418258126,-0.00839735783678984,0.0627352712884452,0.000416121079983363,-0.00416519797623472,-0.0279184630026944,0.130525081792516
176.857634478922,-0.0125532066474087,-0.0220617913666003,-0.00822502692014765,0.062300312398142,0.000407137310158504,-0.0041360419035021,-0.0275501125277539,0.129703414586782
178.084168422602,-0.0125147801468175,-0.021815633724994,-0.00805543407156802,0.0618675982171834,0.000398299694148986,-0.00410705045311745,-0.027186398956456,0.128885888631112
179.319208561219,-0.0124756232357735,-0.0215713647020255,-0.00788854791112251,0.0614371332172874,0.000389606523153393,-0.0040782235010031,-0.026827269780572,0.128072503746432
180.562813886497,-0.0124357462909629,-0.0213289800797365,-0.00772433725097028,0.06100892154938,0.000381056099687799,-0.00404956090944181,-0.0264726729355406,0.127263259268992
181.815043799277,-0.0123951597168042,-0.0210884756189294,-0.00756277109617048,0.0605829670484696,0.000372646737595293,-0.00402106252729744,-0.0261225568007733,0.126458154060765
183.075958112354,-0.0123538739453122,-0.0208498470569219,-0.00740381864544389,0.0601592732384503,0.000364376762053743,-0.00399272819023225,-0.0257768701998206,0.125657186519699
184.345617053333,-0.0123118994358912,-0.0206130901053078,-0.00724744929188606,0.0597378433368363,0.000356244509581893,-0.0039645577209206,-0.0254355624004066,0.124860354589847
185.624081267505,-0.0122692466750554,-0.0203782004477271,-0.00709363262363446,0.0593186802594273,0.000348248328043912,-0.00393655092925941,-0.0250985831143321,0.124067655771356
186.911411820748,-0.012225926176078,-0.020145173737645,-0.0069423384244918,0.058901786624907,0.000340386576652495,-0.00390870761257515,-0.0247658824972541,0.123279087130325
188.207670202438,-0.0121819484785687,-0.0199140055961453,-0.00679353667450789,0.0584871647593746,0.000332657625970621,-0.00388102755582763,-0.0244374111483429,0.122494645308531
189.512918328392,-0.0121373241479803,-0.0196846916097373,-0.00664719755052192,0.0580748167008111,0.000325059857912056,-0.00385351053181059,-0.0241131201098215,0.121714326533021
190.827218543819,-0.012092063775044,-0.01945722732818,-0.00650329142666755,0.0576647442034815,0.000317591665740709,-0.00382615630134909,-0.0237929608663921,0.120938126625569
192.150633626303,-0.0120461779751345,-0.0192316082623256,-0.00636178887484246,0.0572569487422736,0.000310251454068918,-0.00379896461349392,-0.0234768853445512,0.120166041012007
193.483226788801,-0.0119996773875654,-0.0190078298819837,-0.00622266066514457,0.056851431516975,0.000303037638854751,-0.00377193520571288,-0.0231648459118,0.119398064731418
194.82506168266,-0.0119525726748149,-0.0187858876138098,-0.00608587776627649,0.0564481934564892,0.000295948647398414,-0.00374506780407926,-0.0228567953757502,0.1186341924452
196.176202400658,-0.011904874521683,-0.0185657768392175,-0.00595141134592014,0.0560472352229926,0.000288982918337837,-0.00371836212345736,-0.0225526869831317,0.117874418445998
197.536713480066,-0.011856593634381,-0.0183474928923202,-0.00581923277108317,0.0556485572160327,0.000282138901643503,-0.00369181786768531,-0.0222524744187041,0.117118736666511
198.906659905733,-0.0118077407395533,-0.0181310310579008,-0.00568931360841865,0.0552521595765697,0.000275415058612607,-0.00366543472975503,-0.0219561118040753,0.116367140688159
200.286107113184,-0.0117583265832334,-0.0179163865694144,-0.00556162562451988,0.0548580421909625,0.000268809861862604,-0.00363921239198975,-0.0216635536964317,0.115619623749632
201.675120991751,-0.0117083619297344,-0.0177035546070235,-0.00543614078619135,0.0544662046949003,0.000262321795324193,-0.0036131505262188,-0.0213747550871814,0.114876178755304
203.073767887718,-0.0116578575604751,-0.01749253029567,-0.00531283126069759,0.0540766464772809,0.000255949354233825,-0.00358724879394996,-0.0210896714005154,0.114136798283519
204.482114607491,-0.0116068242727427,-0.0172833087031842,-0.00519166941599098,0.0536893666840377,0.000249691045125759,-0.00356150684653945,-0.0208082584918888,0.113401474594756
205.900228420788,-0.0115552728783938,-0.0170758848384342,-0.00507262782091986,0.0533043642219164,0.000243545385823735,-0.00353592432535947,-0.020530472646425,0.112670199639664
207.32817706385,-0.0115032142024942,-0.0168702536495161,-0.00495567924541811,0.0529216377622022,0.000237510905432314,-0.0035105008619636,-0.0202562705772467,0.111942965066968
208.766028742684,-0.0114506590818993,-0.0166664100219884,-0.00484079666067716,0.0525411857444004,0.000231586144327905,-0.00348523607824993,-0.0199856094237353,0.111219762231262
210.213852136311,-0.0113976183637757,-0.016464348777152,-0.00472795323930169,0.0521630063798693,0.00022576965414955,-0.00346012958662208,-0.019718446749723,0.110500582200664
211.671716400053,-0.011344102904067,-0.0162640646703763,-0.00461712235544963,0.0517870976554099,0.000220059997789475,-0.00343518099014825,-0.0194547405416193,0.109785415764365
213.139691168835,-0.0112901235659034,-0.0160655523894756,-0.00450827758495765,0.0514134573368106,0.000214455749383458,-0.00341038988271822,-0.0191944492064745,0.10907425344004
214.617846560511,-0.0112356912179575,-0.0158688065531352,-0.00440139270545278,0.0510420829723505,0.00020895549430104,-0.00338575584919854,-0.0189375315699839,0.108367085481154
216.10625317921,-0.0111808167327488,-0.0156738217093906,-0.00429644169645098,0.0506729718962617,0.000203557829135592,-0.00336127846558583,-0.0186839468744344,0.107663901884135
217.604982118714,-0.0111255109848967,-0.0154805923341604,-0.00419339873944326,0.0503061212321517,0.000198261361694282,-0.00333695729915842,-0.0184336547765957,0.106964692395441
219.114104965849,-0.0110697848493251,-0.0152891128298344,-0.00409223821797005,0.0499415278963881,0.000193064710987941,-0.00331279190862627,-0.0181866153455597,0.106269446518498
220.633693803907,-0.0110136491994204,-0.0150993775239199,-0.00399293471768435,0.0495791886014462,0.000187966507220856,-0.00328878184427928,-0.0179427890605296,0.105578153520535
222.163821216089,-0.0109571149051436,-0.014911380667745,-0.00389546302640413,0.0492190998592204,0.000182965391780501,-0.00326492664813411,-0.0177021368085612,0.104890802439289
223.704560288971,-0.0109001928310995,-0.0147251164352234,-0.00379979813415443,0.0488612579843022,0.000178060017227214,-0.00324122585407951,-0.0174646198822586,0.10420738208961
225.255984615994,-0.0108428938345648,-0.0145405789216792,-0.00370591523319958,0.048505659097224,0.000173249047283823,-0.00321767898802029,-0.017230199977427,0.103527881069946
226.818168300982,-0.0107852287634767,-0.0143577621427351,-0.00361378971806576,0.0481522991276718,0.000168531156825242,-0.0031942855680199,-0.016998839190684,0.102852287768713
228.391185961678,-0.0107272084543836,-0.014176660033264,-0.00352339718555433,0.0478011738176669,0.00016390503186801,-0.00317104510444183,-0.0167705000170319,0.102180590370567
229.975112733314,-0.0106688437303619,-0.0139972664464053,-0.00343471343474592,0.0474522787247173,0.000159369369559807,-0.00314795710008969,-0.0165451453473937,0.101512776862552
231.570024272191,-0.010610145398898,-0.0138195751526471,-0.00334771446699573,0.047105609224942,0.00015492287816891,-0.00312502105034633,-0.0163227384661127,0.10084883504015
233.175996759301,-0.0105511242497409,-0.0136435798389761,-0.00326237648591987,0.0467611605161668,0.000150564277073607,-0.00310223644331166,-0.0161032430484204,0.100188752513221
234.793106903962,-0.0104917910527249,-0.013469274108094,-0.003178675897373,0.0464189276209943,0.000146292296751545,-0.00307960275993964,-0.0158866231578728,0.0995325167118363
236.421431947482,-0.0104321565555663,-0.0132966514777034,-0.0030965893094173,0.0460789053898487,0.000142105678769016,-0.00305711947417415,-0.0156728432437568,0.0988801148920094
238.061049666849,-0.0103722314816356,-0.0131257053798631,-0.00301609353228259,0.0457410885039966,0.00013800317577015,-0.00303478605308409,-0.0154618681384695,0.0982315341413214
239.712038378445,-0.0103120265277075,-0.012956429160413,-0.00293716557831767,0.0454054714785438,0.000133983551466018,-0.00301260195699747,-0.015253663054872,0.0975867613844462
241.374476941791,-0.0102515523616913,-0.0127888160784701,-0.00285978266193284,0.0450720486654108,0.000130045580623618,-0.00299056663963479,-0.0150481935836182,0.0969457833885743
243.048444763306,-0.0101908196203441,-0.0126228593059954,-0.00278392219953328,0.0447408142562863,0.00012618804905473,-0.00296867954824163,-0.0148454256904614,0.0963085867687369
244.734021800108,-0.0101298389069683,-0.0124585519274326,-0.0027095618094433,0.0444117622855604,0.000122409753604606,-0.00294694012372048,-0.0146453257135404,0.0956751579930312
246.431288563827,-0.0100686207890965,-0.0122958869394186,-0.00263667931182112,0.0440848866332382,0.000118709502140507,-0.00292534780076194,-0.0144478603606456,0.0950454833877502
248.140326124455,-0.0100071757961663,-0.0121348572505665,-0.00256525272856408,0.0437601810278344,0.000115086113540017,-0.00290390200797526,-0.0142529967064673,0.0944195491424143
249.861216114214,-0.00994551441718648,-0.0119754556813211,-0.00249526028320387,0.0434376390492497,0.00011153841767915,-0.00288260216801829,-0.0140607021898277,0.0937973413147105
251.594040731461,-0.00988364709839799,-0.0118176749638862,-0.00242668040079165,0.0431172541316302,0.000108065255420203,-0.00286144769772686,-0.0138709446108976,0.0931788458353364
253.338882744608,-0.00982158424093102,-0.0116615077422258,-0.00235949170777262,0.0427990195662099,0.000104665478599328,-0.00284043800824364,-0.0136836921283999,0.0925640485127529
255.09582549608,-0.00975933619846142,-0.0115069465721365,-0.00229367303184974,0.0424829285041366,0.000101337950013805,-0.00281957250514648,-0.0134989132567999,0.0919529350378464
256.864952906292,-0.00969691327486829,-0.0113539839213933,-0.00222920340183632,0.0421689739592831,9.80815434089811e-05,-0.00279885058857633,-0.0133165768634853,0.0913454909884995
258.646349477661,-0.00963432572189532,-0.0112026121699668,-0.00216606204749697,0.0418571488110431,9.48951434648398e-05,-0.00277827165336469,-0.0131366521659358,0.0907417018340753
260.440100298641,-0.00957158373681807,-0.0110528236103131,-0.00210422839937659,0.0415474458071128,9.17776457821813e-05,-0.00275783508916064,-0.0129591087288844,0.0901415529398129
262.246291047787,-0.00950869746011951,-0.0109046104477342,-0.00204368208861711,0.041239857566258,8.87279568683766e-05,-0.00273754028055748,-0.0127839164614711,0.0895450295711372
264.065007997846,-0.00944567697317626,-0.0107579648008105,-0.00198440294676127,0.0409343765810688,8.5744994122662e-05,-0.00271738660721902,-0.0126110456143901,0.088952116897884
265.896338019882,-0.00938253229595754,-0.0106128787019028,-0.00192637100554334,0.0406309952207,8.28276858209453e-05,-0.00269737344400549,-0.0124404667770318,0.0883627999984413
267.740368587419,-0.00931927338473943,-0.010469344097725,-0.00186956649666608,0.0403297057335995,7.99749711000895e-05,-0.00267750016109914,-0.012272150874621,0.0877770638638079
269.597187780627,-0.00925591012983621,-0.0103273528499856,-0.00181396985156375,0.040030500250224,7.71857999416446e-05,-0.00265776612412946,-0.0121060691653512,0.0871948934015709
271.466884290521,-0.00919245235335135,-0.0101868967360972,-0.00175956170115036,0.0397333707857423,7.44591331549871e-05,-0.00263817069429817,-0.0119421932375172,0.0866162734398029
273.349547423206,-0.00912890980695015,-0.0100479674499547,-0.00170632287555318,0.0394383092427268,7.17939423598458e-05,-0.00261871322850382,-0.0117804950066462,0.0860411887308805
275.245267104134,-0.00906529216965606,-0.00991055660277903,-0.00165423440383063,0.0391453074138338,6.91892099681704e-05,-0.00259939307946615,-0.011620946712629,0.0854696239552244
277.154133882404,-0.00900160904567289,-0.0097746557240269,-0.00160327751367432,0.0388543569844708,6.66439291653188e-05,-0.00258020959585011,-0.0114635209168512,0.0849015637249634
279.07623893509,-0.00893786996223489,-0.00964025626236565,-0.0015534336310948,0.0385654495354538,6.41571038905262e-05,-0.00256116212238964,-0.011308190499326,0.0843369925875228
281.011674071587,-0.00887408436748666,-0.00950734958671089,-0.00150468438009046,0.0382785765456521,6.17277488166289e-05,-0.00254225000001114,-0.0111549286558297,0.0837758950291384
282.960531738006,-0.00881026162839488,-0.00937592698732684,-0.00145701158229921,0.0379937293946226,5.93548893290044e-05,-0.00252347256595658,-0.0110037088950396,0.0832182554782966
284.922905021585,-0.00874641102869366,-0.00924597967698761,-0.00141039725663255,0.0377108993652315,5.70375615037073e-05,-0.00250482915390644,-0.010854505035676,0.0826640583091039
286.898887655133,-0.00868254176686549,-0.00911749879219826,-0.0013648236188915,0.0374300776462664,5.4774812084761e-05,-0.00248631909410225,-0.0107072912036491,0.0821132878445835
288.888574021513,-0.00861866295415945,-0.00899047539447421,-0.00132027308136403,0.037151255335035,5.25656984605853e-05,-0.00246794171346883,-0.0105620418292107,0.0815659283599036
290.892059158146,-0.00855478361264843,-0.00886490047167755,-0.00127672825240367,0.0368744234399536,5.04092886395238e-05,-0.00244969633573629,-0.0104187316441117,0.0810219640855358
292.909438761552,-0.00849091267332712,-0.00874076493940895,-0.00123417193598875,0.0365995728831234,4.83046612244488e-05,-0.00243158228156157,-0.0102773356787673,0.0804813792103466
294.940809191919,-0.00842705897425222,-0.00861805964245331,-0.00119258713126198,0.0363266945028953,4.62509053864147e-05,-0.00241359886864976,-0.0101378292594283,0.0799441578846212
296.986267477709,-0.00836323125872657,-0.00849677535627793,-0.0011519570320501,0.0360557790564219,4.42471208373364e-05,-0.00239574541187501,-0.0100001880053608,0.0794102842230225
299.045911320291,-0.00829943817352866,-0.00837690278858136,-0.00111226502636306,0.0357868172221985,4.22924178016649e-05,-0.00237802122340104,-0.00986438782603441,0.0788797423074857
301.119839098607,-0.0082356882671888,-0.00825843258089126,-0.00107349469587256,0.0355197996025907,4.03859169870415e-05,-0.00236042561280132,-0.00973040491831964,0.0783525161900483
303.208149873869,-0.00817198998831351,-0.00814135531020965,-0.0010356298153696,0.0352547167263495,3.85267495539039e-05,-0.00234295788717881,-0.00959821576369436,0.0778285898956189
305.310943394298,-0.00810835168395927,-0.00802566149070379,-0.000998654352200732,0.0349915590511136,3.67140570840261e-05,-0.00232561735128527,-0.00946779712546095,0.0773079474246832
307.428320099879,-0.00804478159805697,-0.00791134157544081,-0.000962552465682761,0.0347303169658983,3.4946991547972e-05,-0.00230840330764012,-0.00933912604597374,0.076790572755951
309.560381127168,-0.00798128786988802,-0.00779838595816441,-0.000927308506495665,0.0344709807935706,3.32247152714439e-05,-0.00229131505664886,-0.00921217984387767,0.0762764498489418
311.707228314113,-0.00791787853261346,-0.00768678497511168,-0.000892907016053477,0.0342135407933106,3.15464009005081e-05,-0.00227435189672092,-0.0090869361113585,0.0757655626465145
313.868964204927,-0.00785456151185689,-0.00757652890686822,-0.000859332725852959,0.0339579871630583,2.99112313656848e-05,-0.0022575131243871,-0.00896337271140495,0.0752578950773364
316.045692054981,-0.00779134462434222,-0.00746760798025967,-0.000826570556799876,0.0337043100419456,2.83183998448856e-05,-0.00224079803441638,-0.00884146777508341,0.0747534310582986
318.237515835737,-0.00772823557658708,-0.00736001237027767,-0.00079460561851271,0.0334524995127136,2.67671097251852e-05,-0.00222420591993216,-0.0087211996988253,0.0742521544968738
320.444540239715,-0.00766524196365281,-0.00725373220203844,-0.000763423208603696,0.0332025456041137,2.52565745634205e-05,-0.00220773607252796,-0.00860254714172778,0.0737540492934202
322.666870685493,-0.00760237126795155,-0.00714875755277192,-0.000733008811937067,0.0329544382932933,2.37860180456016e-05,-0.00219138778238245,-0.00848548902286795,0.0732590993434315
324.904613322743,-0.00753963085811124,-0.00704507845383952,-0.000703348099864424,0.0327081675081643,2.23546739451301e-05,-0.0021751603383738,-0.00837000451863106,0.0727672885397341
327.1578750373,-0.00747702798789914,-0.0069426848927786,-0.000674426929437176,0.0324637231297558,2.09617860798173e-05,-0.00215905302819344,-0.00825607306005289,0.0722786007746322
329.426763456268,-0.00741456979520413,-0.00684156681537158,-0.000646231342596048,0.0322210949945483,1.96066082676971e-05,-0.002143065138459,-0.00814367433017681,0.0717930199420019
331.711386953162,-0.00735226330107859,-0.00674171412773785,-0.000618747565337579,0.0319802728967909,1.82884042816273e-05,-0.00212719595482656,-0.00803278826142564,0.0713105299393354
334.011854653082,-0.00729011540883991,-0.0066431166984463,-0.000591962006857726,0.0317412465907998,1.7006447802682e-05,-0.00211144476210214,-0.00792339503298872,0.0708311146697353
336.328276437929,-0.0072281329032321,-0.00654576436064671,-0.00056586125867253,0.0315040057932378,1.576002237233e-05,-0.00209581084435234,-0.00781547506822446,0.0703547580438612
338.660762951648,-0.00716632244964772,-0.00644964691421787,-0.000540432093715991,0.0312685401853755,1.45484213434033e-05,-0.00208029348501417,-0.00770900903207852,0.0698814439818279
341.009425605519,-0.00710469059341017,-0.00635475412793052,-0.000515661465415173,0.0310348394153313,1.33709478298535e-05,-0.00206489196700404,-0.00760397782851797,0.0694111564150575
343.374376583475,-0.00704324375911653,-0.00626107574162313,-0.000491536506742747,0.0308028931002923,1.22269146553078e-05,-0.00204960557282581,-0.00750036259798167,0.0689438792880851
345.75572884746,-0.00698198825004104,-0.00616860146838868,-0.000468044529247019,0.0305726908287142,1.11156443004196e-05,-0.00203443358467791,-0.00739814471484698,0.0684795965603197
348.153596142828,-0.00692093024759889,-0.00607732099677026,-0.000445173022059718,0.0303442221624995,1.00364688490308e-05,-0.00201937528455955,-0.0072973057849131,0.0680182922077604
350.568093003772,-0.00686007581087061,-0.00598722399296393,-0.000422909650881646,0.0301174766391544,8.98872993314607e-06,-0.00200442995437592,-0.00719782764290127,0.0675599502246696
352.999334758797,-0.00679943087618656,-0.00589830010302661,-0.000401242256946474,0.0298924437739234,7.97177867673351e-06,-0.00198959687604231,-0.00709969234997182,0.0671045546252026
355.44743753623,-0.00673900125677136,-0.00581053895508732,-0.000380158855962891,0.0296691130619015,6.9849756383603e-06,-0.00197487533158731,-0.00700288219125849,0.0666520894449963
357.912518269762,-0.00667879264244813,-0.00572393016155991,-0.000359647637035401,0.0294474739801227,6.02769075267774e-06,-0.00196026460325478,-0.00690737967342001,0.0662025387427156
360.39469470404,-0.00661881059940197,-0.00563846332135531,-0.000339696961564011,0.029227515989625,5.0993032707669e-06,-0.00194576397360484,-0.0068131675222091,0.0657558866015598
362.894085400285,-0.00655906057000232,-0.0055541280220918,-0.000320295362123176,0.0290092285374918,4.19920169936289e-06,-0.00193137272561364,-0.0067202286800592,0.0653121171307299
365.410809741959,-0.0064995478726838,-0.00547091384230115,-0.000301431541320299,0.0287926010588685,3.32678373897173e-06,-0.00191709014277201,-0.00662854630368871,0.0648712144668552
367.944987940466,-0.00644027770188498,-0.0053888103536292,-0.000283094370634121,0.0285776229789537,2.48145622089806e-06,-0.00190291550918289,-0.00653810376172329,0.0644331627753833
370.496741040893,-0.00638125512804434,-0.00530780712302907,-0.000265272889233436,0.0283642837149655,1.66263504320385e-06,-0.00188884810965755,-0.006448884632336,0.0639979462519316
373.066190927794,-0.0063224850976531,-0.00522789371494532,-0.000247956302776455,0.0281525726780823,8.69745105615711e-07,-0.00187488722981057,-0.00636087270090548,0.0635655491236022
375.653460331008,-0.00626397243336387,-0.00514905969348743,-0.000231133982191262,0.0279424792753561,1.02220243403112e-07,-0.00186103215615356,-0.00627405195769231,0.0631359556502602
378.258672831527,-0.00620572183415467,-0.00507129462459105,-0.000214795462437809,0.027733992911601,-6.40496839749105e-07,-0.00184728217618751,-0.0061884065955336,0.0627091501257768
380.881952867393,-0.00614773787554748,-0.00499458807816543,-0.000198930441251847,0.0275271029912527,-1.35895463985417e-06,-0.00183363657849392,-0.00610392100755588,0.0622851168792376
383.523425739646,-0.00609002500988029,-0.00491892963022553,-0.000183528777871305,0.0273217989202025,-2.05369292169495e-06,-0.00182009465282452,-0.00602057978490631,0.0618638402761166
386.183217618305,-0.0060325875666322,-0.00484430886500736,-0.000168580491745559,0.0271180701076023,-2.72524278883136e-06,-0.00180665569018964,-0.00593836771450237,0.061445304719416
388.861455548399,-0.00597542975280015,-0.00477071537706502,-0.000154075761228107,0.0269159059676421,-3.37412675451574e-06,-0.00179331898294518,-0.00585726977679996,0.061029494650774
391.558267456034,-0.00591855565332685,-0.00469813877334826,-0.000140004922253149,0.0267152959212988,-4.00085881349074e-06,-0.00178008382487822,-0.00577727114358011,0.0606163945515399
394.273782154498,-0.00586196923157851,-0.004626568675259,-0.000126358466996592,0.026516229398057,-4.60594451464106e-06,-0.00176694951129109,-0.00569835717575417,0.0602059889438171
397.008129350424,-0.00580567432987168,-0.00455599472068565,-0.000113127042522011,0.0263186958376,-5.18988103447206e-06,-0.00175391533908415,-0.0056205134211876,0.0597982623914756
399.761439649975,-0.00574967467004786,-0.00448640656601395,-0.000100301449412108,0.0261226846914719,-5.75315725138436e-06,-0.00174098060683693,-0.00554372561254236,0.059393199501134
402.533844565089,-0.00569397385409509,-0.0044177938881131,-8.78726403862429e-05,0.0259281854247108,-6.29625382071679e-06,-0.00172814461488795,-0.00546797966513797,0.0589907849231107
405.325476519761,-0.00563857536481521,-0.00435014638629604,-7.58317189045684e-05,0.025735187517451,-6.81964325052574e-06,-0.00171540666541292,-0.00539326167483115,0.0585910033523468
408.136468856361,-0.00558348256653577,-0.00428345378425288,-6.41699377593782e-05,0.0255436804664966,-7.32378997807067e-06,-0.00170276606250147,-0.00531955791591412,0.0581938395293001
410.966955842014,-0.00552869870586534,-0.00421770583195618,-5.28786976542149e-05,0.0253536537868643,-7.80915044697536e-06,-0.0016902221122324,-0.00524685483903153,0.0577992782408103
413.817072675003,-0.00547422691249121,-0.00415289230753733,-4.19495457713603e-05,0.0251650970132956,-8.27617318503124e-06,-0.00167777412274732,-0.00517513906911606,0.0574073043209368
416.686955491232,-0.00542007020001804,-0.00408900301913294,-3.13741743282734e-05,0.0249779997017397,-8.7252988826129e-06,-0.00166542140432276,-0.0051043974033426,0.0570179026517701
419.576741370729,-0.00536623146684655,-0.00402602780670029,-2.11444191236003e-05,0.0247923514308041,-9.1569604716708e-06,-0.00165316326944075,-0.00503461680910102,0.0566310581642154
422.486568344193,-0.00531271349709073,-0.00396395654380108,-1.12522580733424e-05,0.0246081418031764,-9.57158320527107e-06,-0.00164099903285779,-0.00496578442198756,0.0562467558387514
425.416575399583,-0.00525951896153248,-0.00390277913935264,-1.68980973781589e-06,0.0244253604470135,-9.96958473764649e-06,-0.00162892801167229,-0.00489788754381478,0.0558649807061625
428.366902488763,-0.00520665041861248,-0.00384248553934576,7.55066816002627e-06,0.024243997017301,-1.03513752047283e-05,-0.00161694952539036,-0.00483091364063998,0.0554857178482471
431.337690534184,-0.00515411031545587,-0.00378306572852851,1.64767802242442e-05,0.0240640411971814,-1.0717357305123e-05,-0.00160506289599009,-0.00476485034081217,0.0551089523985001
434.329081435613,-0.0051019009889315,-0.00372450973205536,2.50959948829513e-05,0.0238854826992509,-1.10679263815014e-05,-0.00159326744798414,-0.00469968543303742,0.0547346695427729
437.341218076915,-0.00505002466674366,-0.00366680761710091,3.34156458921277e-05,0.023708311266826,-1.1403470502367e-05,-0.00158156250848086,-0.00463540686446268,0.0543628545199083
440.374244332875,-0.00499848346855471,-0.0036099494944378,4.14429338455764e-05,0.0235325166751779,-1.17243705441699e-05,-0.00156994740724363,-0.00457200273877792,0.0539934926223538
443.428305076071,-0.00494727940713754,-0.00355392551997811,4.91849276904087e-05,0.0233580887327368,-1.20310002737306e-05,-0.00155842147674882,-0.00450946131433658,0.0536265691967514
446.503546183793,-0.00489641438955646,-0.00349872589627792,5.66485662474628e-05,0.0231850172822649,-1.2323726430944e-05,-0.00154698405224191,-0.00444777100229423,0.0532620696445057
449.600114545014,-0.00484589021837532,-0.00344434087400447,6.3840659736024e-05,0.023013292201998,-1.26029088117259e-05,-0.00153563447179221,-0.00438692036476551,0.0528999794223301
452.718158067401,-0.00479570859289147,-0.00339076075336557,7.07678913022488e-05,0.0228429034067573,-1.28689003511718e-05,-0.00152437207634587,-0.00432689811299908,0.052540284042772
455.857825684385,-0.00474587111039431,-0.00333797588550105,7.7436818550681e-05,0.0226738408490291,-1.31220472068941e-05,-0.00151319620977728,-0.00426769310557071,0.0521829690747173
459.01926736227,-0.00469637926744725,-0.00328597667383568,8.38538750782786e-05,0.0225060945200147,-1.33626888425027e-05,-0.00150210621893898,-0.00420929434659435,0.0518280201438746
462.202634107401,-0.00464723446119161,-0.00323475357539356,9.00253720103248e-05,0.0223396544506491,-1.35911581112004e-05,-0.00149110145370983,-0.00415169098395107,0.0514754229332389
465.408077973374,-0.00459843799067137,-0.00318429710207362,9.5957499537668e-05,0.0221745107125901,-1.38077813394564e-05,-0.00148018126704175,-0.0040948723075359,0.0511251631835369
468.635752068297,-0.00454999105817745,-0.00313459782188615,0.000101656328454682,0.0220106534191758,-1.4012878410729e-05,-0.00146934501500477,-0.00403882774752238,0.0507772266936523
471.885810562108,-0.00450189477061022,-0.00308564636015006,0.00010712781169738,0.0218480727263532,-1.42067628492042e-05,-0.00145859205683055,-0.00398354687264484,0.050431599321033
475.158408693936,-0.00445415014085911,-0.00303743340065104,0.000112377785881116,0.0216867588335763,-1.43897419035191e-05,-0.00144792175495435,-0.00392901938849826,0.0500882669820797
478.453702779515,-0.00440675808919798,-0.00298994968676033,0.000117411972837306,0.0215267019846741,-1.45621166304396e-05,-0.00143733347505543,-0.00387523513585564,0.0497472156525171
481.771850218653,-0.00435971944469518,-0.0029431860225142,0.000122235981148618,0.0213678924686898,-1.47241819784617e-05,-0.00142682658609589,-0.00382218408900278,0.0494084313677468
485.113009502749,-0.00431303494663691,-0.00289713327365412,0.000126855307682081,0.0212103206206899,-1.48762268713057e-05,-0.00141640046035803,-0.00376985635409046,0.0490719002231843
488.477340222363,-0.00426670524596295,-0.00285178236862771,0.000131275339119601,0.0210539768225452,-1.50185342912756e-05,-0.00140605447348015,-0.00371824216750379,0.0487376083745784
491.865003074839,-0.00422073090671335,-0.00280712429955054,0.00013550135348531,0.0208988515036816,-1.51513813624521e-05,-0.00139578800449084,-0.00366733189424873,0.0484055420383141
495.276159871982,-0.00417511240748514,-0.0027631501231289,0.00013953852166929,0.0207449351418037,-1.52750394336932e-05,-0.00138560043584177,-0.00361711602635568,0.0480756874917005
498.710973547785,-0.00412985014289779,-0.00271985096154367,0.000143391908947124,0.0205922182635889,-1.53897741614126e-05,-0.00137549115343907,-0.00356758518130002,0.047748031073242
502.169608166212,-0.00408494442506636,-0.00267721800329563,0.000147066476494793,0.0204406914453549,-1.54958455921096e-05,-0.00136545954667314,-0.00351873010043949,0.0474225591828949
505.652228929035,-0.00404039548508133,-0.00263524250401212,0.000150567082898436,0.0202903453136979,-1.55935082446241e-05,-0.00135550500844708,-0.0034705416474683,0.047099258282309
509.159002183727,-0.0039962034744939,-0.00259391578721566,0.000153898485658504,0.0201411705461045,-1.56830111920882e-05,-0.00134562693520363,-0.00342301080688796,0.0467781148950539
512.690095431402,-0.00395236846680585,-0.00255322924505457,0.000157065342687833,0.0199931578715364,-1.57645981435524e-05,-0.00133582472695079,-0.00337612868249457,0.0464591156068322
516.245677334823,-0.00390889045896285,-0.00251317433899591,0.000160072213803195,0.0198462980709879,-1.58385075252586e-05,-0.0013260977872859,-0.00332988649588258,0.0461422470656776
519.825917726449,-0.00386576937285025,-0.00247374260048118,0.000162923562209896,0.0197005819780175,-1.5904972561537e-05,-0.00131644552341848,-0.00328427558496491,0.0458274959821404
523.430987616559,-0.00382300505679039,-0.00243492563154505,0.000165623755978976,0.0195560004792532,-1.59642213553032e-05,-0.00130686734619156,-0.0032392874025092,0.0455148491294585
527.061059201407,-0.00378059728704047,-0.00239671510539748,0.000168177069516622,0.0194125445148719,-1.60164769681322e-05,-0.00129736267010178,-0.00319491351469029,0.0452042933437168
530.716305871459,-0.00373854576929001,-0.00235910276696974,0.000170587685025361,0.0192702050790542,-1.60619574998874e-05,-0.00128793091331813,-0.00315114559965856,0.0448958155239925
534.396902219665,-0.00369685014015705,-0.00232208043342455,0.000172859693956686,0.0191289732204135,-1.6100876167883e-05,-0.00127857149769933,-0.00310797544612428,0.0445894026324892
538.103024049808,-0.00365550996868219,-0.00228563999463103,0.000174997098454692,0.0189888400424008,-1.61334413855593e-05,-0.00126928384880998,-0.00306539495195761,0.0442850416946581
541.834848384891,-0.00361452475781959,-0.00224977341360474,0.000177003812790403,0.0188497967036854,-1.61598568406494e-05,-0.00126006739593542,-0.00302339612280436,0.0439827197993075
545.592553475602,-0.00357389394592416,-0.00221447272691325,0.000178883664786403,0.0187118344185118,-1.61803215728199e-05,-0.00125092157209537,-0.00298197107071723,0.0436824240987011
549.376318808822,-0.00353361690823404,-0.00217973004504802,0.000180640397231459,0.018574944457033,-1.61950300507654e-05,-0.00124184581405627,-0.00294111201280246,0.0433841418086449
553.1863251162,-0.00349369295834769,-0.00214553755276274,0.000182277669284799,0.0184391181456212,-1.62041722487386e-05,-0.00123283956234247,-0.00290081126988183,0.0430878602085627
557.022754382788,-0.00345412134969477,-0.00211188750937883,0.000183799057869733,0.0183043468671554,-1.62079337225006e-05,-0.00122390226124628,-0.0028610612651698,0.0427935666415612
560.885789855729,-0.0034149012770001,-0.00207877224905875,0.000185208059056322,0.0181706220612875,-1.62064956846719e-05,-0.00121503335883674,-0.00282185452296576,0.0425012485144851
564.775616053012,-0.00337603187774001,-0.00204618418104737,0.000186508089432811,0.0180379352246857,-1.6200035079471e-05,-0.00120623230696736,-0.0027831836673612,0.042210893297961
568.692418772287,-0.00333751223359034,-0.00201411578988231,0.000187702487465537,0.0179062779112576,-1.61887246568229e-05,-0.00119749856128267,-0.00274504142096171,0.0419224885264322
572.636385099737,-0.00329934137186553,-0.00198255963557351,0.000188794514847074,0.0177756417323516,-1.61727330458257e-05,-0.0011888315812237,-0.00270742060362366,0.0416360217981831
576.607703419018,-0.00326151826694813,-0.00195150835375288,0.000189787357832353,0.0176460183569384,-1.61522248275585e-05,-0.00118023083003241,-0.00267031413120556,0.0413514807753549
580.606563420252,-0.00322404184170807,-0.00192095465579439,0.000190684128562517,0.0175173995117716,-1.61273606072201e-05,-0.00117169577475504,-0.00263371501433377,0.0410688531839514
584.633156109091,-0.00318691096891117,-0.00189089132890538,0.000191487866376305,0.0173897769815298,-1.60982970855846e-05,-0.00116322588624442,-0.00259761635718263,0.0407881268138362
588.687673815838,-0.00315012447261643,-0.00186131123618963,0.000192201539108731,0.0172631426089383,-1.60651871297624e-05,-0.00115482063916131,-0.00256201135626878,0.040509289518721
592.77031020464,-0.00311368112956129,-0.00183220731668273,0.000192828044376885,0.0171374882948729,-1.60281798432558e-05,-0.00114647951197472,-0.0025268932992596,0.0402323292161452
596.881260282727,-0.00307757967053468,-0.00180357258536052,0.000193370210852647,0.0170128059984448,-1.59874206352989e-05,-0.00113820198696134,-0.00249225556379556,0.0399572338874476
601.020720409738,-0.00304181878173719,-0.00177540013312106,0.000193830799522155,0.0168890877370677,-1.59430512894717e-05,-0.00112998755020391,-0.00245809161632656,0.0396839915777298
605.188888307094,-0.00300639710612792,-0.00174768312674096,0.000194212504931851,0.0167663255865077,-1.58952100315792e-05,-0.00112183569158882,-0.00242439501096185,0.0394125903958113
609.385963067442,-0.00297131324475765,-0.00172041480880639,0.000194517956420967,0.0166445116809154,-1.58440315967878e-05,-0.0011137459048027,-0.00239115938833366,0.0391430185141778
613.612145164168,-0.00293656575808784,-0.00169358849761979,0.000194749719340303,0.0165236382128422,-1.57896472960102e-05,-0.0011057176873282,-0.00235837847447428,0.0388752641689212
617.867636460969,-0.00290215316729509,-0.00166719758708259,0.000194910296257169,0.0164036974332396,-1.57321850815329e-05,-0.00109775054043893,-0.00232604607970651,0.0386093156596729
622.152640221499,-0.00286807395556079,-0.0016412355465547,0.000195002128146374,0.0162846816514432,-1.5671769611878e-05,-0.00108984396919354,-0.00229415609754731,0.0383451613495295
626.467361119072,-0.00283432656934545,-0.00161569592069144,0.000195027595567153,0.0161665832351407,-1.56085223158945e-05,-0.00108199748242905,-0.00226270250362468,0.0380827896649723
630.812005246445,-0.00280090941964752,-0.00159057232925852,0.000194989019825953,0.0160493946103258,-1.55425614560747e-05,-0.00107421059275331,-0.0022316793546074,0.0378221890957793
635.186780125658,-0.00276782088324639,-0.00156585846692561,0.000194888664124953,0.0159331082612368,-1.54740021910876e-05,-0.00106648281653685,-0.00220108078714771,0.0375633481949314
639.591894717946,-0.00273505930392918,-0.00154154810303926,0.000194728734696291,0.0158177167302813,-1.54029566375284e-05,-0.00105881367390381,-0.00217090101683677,0.0373062555785122
644.027559433723,-0.00270262299370122,-0.00151763508137575,0.000194511381921893,0.0157032126179467,-1.53295339308796e-05,-0.00105120268872236,-0.00214113433717267,0.0370508999256009
648.493986142629,-0.00267051023397989,-0.00149411331987445,0.000194238701438873,0.0155895885826984,-1.52538402856786e-05,-0.00104364938859424,-0.00211177511854102,0.0367972699781601
652.991388183652,-0.00263871927677155,-0.00147097681035239,0.000193912735230442,0.015476837340864,-1.51759790548916e-05,-0.00103615330484379,-0.00208281780720786,0.0365453545409177
657.519980375318,-0.00260724834583154,-0.00144821961820056,0.000193535472702301,0.0153649516665054,-1.50960507884911e-05,-0.00102871397250618,-0.00205425692432491,0.0362951424812425
662.07997902595,-0.00257609563780688,-0.00142583588206269,0.000193108851744477,0.0152539243912785,-1.50141532912339e-05,-0.00102133093031519,-0.00202608706494689,0.0360466227290152
666.671601944003,-0.00254525932336159,-0.00140381981349696,0.0001926347597786,0.0151437484042817,-1.49303816796405e-05,-0.00101400372069021,-0.00199830289706092,0.0357997842764934
671.295068448464,-0.00251473754828452,-0.00138216569662139,0.000192115034790591,0.0150344166518921,-1.48448284381742e-05,-0.00100673188972275,-0.00197089916062774,0.0355546161781718
675.950599379332,-0.00248452843457951,-0.00136086788774336,0.000191551466348778,0.0149259221375915,-1.47575834746195e-05,-0.000999514987162424,-0.00194387066663483,0.0353111075506377
680.638417108163,-0.00245463008153777,-0.00133992081497397,0.000190945796607421,0.0148182579217815,-1.46687341746612e-05,-0.000992352566402243,-0.0019172122961611,0.0350692475724208
685.358745548692,-0.00242504056679242,-0.00131931897782784,0.000190299721295691,0.0147114171215878,-1.45783654556632e-05,-0.000985244184463547,-0.00189091899945315,0.034829025483839
690.11181016753,-0.00239575794735509,-0.00129905694680872,0.000189614890692098,0.0146053929106556,-1.44865598196498e-05,-0.000978189401980329,-0.00186498579501296,0.0345904305868396
694.897837994932,-0.00236678026063455,-0.00127912936298178,0.000188892910584403,0.0145001785189346,-1.43933974054898e-05,-0.000971187783183109,-0.00183940776869691,0.0343534522448358
699.717057635642,-0.00233810552543722,-0.00125953093753294,0.000188135343215067,0.0143957672324553,-1.42989560402867e-05,-0.00096423889588234,-0.00181418007282591,0.0341180798825393
704.569699279812,-0.00230973174294971,-0.00124025645131575,0.000187343708212241,0.0142921523930961,-1.42033112899747e-05,-0.000957342311451361,-0.00178929792530672,0.0338843029857885
709.455994713995,-0.00228165689770319,-0.00122130075438666,0.000186519483506394,0.014189327398342,-1.4106536509127e-05,-0.000950497604808923,-0.00176475660876413,0.0336521111013724
714.376177332221,-0.00225387895851971,-0.00120265876552884,0.000185664106232595,0.0140872857010356,-1.40087028899752e-05,-0.000943704354401306,-0.00174055146968402,0.0334214938368516
719.33048214714,-0.00222639587944035,-0.00118432547176535,0.000184778973618527,0.0139860208091194,-1.3909879510647e-05,-0.000936962142184039,-0.00171667791756715,0.0331924408603746
724.31914580125,-0.00219920560063542,-0.00116629592786209,0.000183865443858302,0.0138855262853712,-1.38101333826231e-05,-0.000930270553603249,-0.00169313142409354,0.0329649419004912
729.342406578201,-0.00217230604929653,-0.001148565255821,0.000182924836972146,0.0137857957471326,-1.37095294974186e-05,-0.000923629177576651,-0.00166990752229738,0.0327389867459615
734.400504414174,-0.00214569514051069,-0.00113112864436415,0.000181958435652029,0.0136868228660294,-1.36081308724928e-05,-0.000917037606474189,-0.00164700180575227,0.0325145652455626
739.493680909344,-0.00211937077811652,-0.00111398134840901,0.000180967486093332,0.0135886013676869,-1.35059985963925e-05,-0.000910495436098364,-0.00162440992776678,0.0322916673078915
744.622179339418,-0.00209333085554249,-0.00109711868853559,0.000179953198812629,0.013491125031438,-1.34031918731328e-05,-0.000904002265664249,-0.00160212760059017,0.0320702829011646
749.786244667259,-0.00206757325662751,-0.00108053605044579,0.000178916749451686,0.0133943876900255,-1.32997680658213e-05,-0.000897557697779206,-0.00158015059462812,0.0318504020530149
754.98612355458,-0.00204209585642369,-0.00106422888441548,0.000177859279567774,0.0132983832292992,-1.31957827395303e-05,-0.000891161338422338,-0.0015584747376684,0.0316320148502855
760.222064373731,-0.00201689652198154,-0.00104819270473977,0.000176781897410387,0.0132031055879068,-1.30912897034241e-05,-0.000884812796923666,-0.00153709591411643,0.0314151114388208
765.494317219563,-0.00199197311311767,-0.0010324230891719,0.000175685678684487,0.0131085487569804,-1.29863410521448e-05,-0.000878511685943071,-0.00151601006424046,0.0311996820232551
770.803133921369,-0.00196732348316512,-0.00101691567835616,0.000174571667300373,0.0130147067798176,-1.28809872064651e-05,-0.000872257621448997,-0.00149521318342646,0.0309857168667979
776.148768054917,-0.00194294547970637,-0.00100166617525537,0.000173440876110296,0.0129215737515587,-1.27752769532133e-05,-0.000866050222696943,-0.00147470132144243,0.0307732062910176
781.531474954562,-0.00191883694528926,-0.000986670344573203,0.00017229428763193,0.0128291438188589,-1.26692574844757e-05,-0.000859889112207745,-0.00145447058171212,0.0305621406756218
786.951511725437,-0.00189499571812588,-0.000971924012171829,0.000171132854758822,0.0127374111795568,-1.25629744360865e-05,-0.000853773915745673,-0.00143451712059813,0.0303525104582367
792.40913725574,-0.00187141963277466,-0.000957423064485329,0.000169957501457951,0.012646370082339,-1.24564719254072e-05,-0.000847704262296349,-0.00141483714669403,0.0301443061341823
797.904612229097,-0.00184810652080565,-0.000943163447929144,0.000168769123454504,0.0125560148264013,-1.23497925884072e-05,-0.000841679784044506,-0.0013954269201257,0.0299375182562478
803.438199137013,-0.00182505421144937,-0.000929141168306046,0.000167568588904023,0.0124663397611061,-1.22429776160493e-05,-0.000835700116351588,-0.00137628275186158,0.0297321374344628
809.01016229141,-0.00180226053222921,-0.000915352290208938,0.000166356739052027,0.0123773392856373,-1.21360667899889e-05,-0.000829764897733222,-0.00135740100303179,0.0295281543358681
814.620767837254,-0.00177972330957761,-0.000901792936420874,0.000165134388881269,0.012289007848652,-1.20290985175939e-05,-0.000823873769836559,-0.00133877808425605,0.0293255596842839
820.270283765263,-0.00175744036943627,-0.000888459287312632,0.000163902327746739,0.0122013399479293,-1.19221098662929e-05,-0.000818026377417498,-0.00132041045498024,0.0291243442600762
825.958979924714,-0.0017354095378404,-0.000875347580238186,0.000162661319998569,0.0121143301300173,-1.18151365972594e-05,-0.000812222368317814,-0.00130229462282153,0.0289244988999222
831.687128036326,-0.00171362864148736,-0.000862454108928404,0.000161412105592974,0.0120279729898774,-1.17082131984387e-05,-0.000806461393442187,-0.00128442714292199,0.028726014496573
837.455001705243,-0.00169209550828977,-0.000849775222883296,0.000160155400691359,0.0119422631705263,-1.16013729169273e-05,-0.000800743106735156,-0.00126680461731056,0.0285288819986158
843.262876434102,-0.00167080796791337,-0.000837307326763125,0.000158891898247759,0.0118571953626772,-1.14946477907105e-05,-0.000795067165158001,-0.0012494236942733,0.0283330924102338
849.111029636188,-0.0016497638522997,-0.00082504687977867,0.000157622268584727,0.0117727643043779,-1.13880686797676e-05,-0.000789433228665562,-0.00123228106773177,0.0281386367909653
854.999740648693,-0.00162896099617397,-0.000812990395080959,0.000156347159957838,0.0116889647806488,-1.1281665296552e-05,-0.000783840960183009,-0.00121537347662955,0.0279455062554616
860.92929074605,-0.0016083972375381,-0.000801134439150725,0.000155067199108944,0.0116057916231188,-1.11754662358549e-05,-0.000778290025582578,-0.0011986977043267,0.0277536919732425
866.899963153375,-0.00158807041814936,-0.000789475631187882,0.000153782991808327,0.0115232397096602,-1.10694990040596e-05,-0.000772780093660265,-0.00118225057800213,0.0275631851684524
872.91204305999,-0.00156797838398471,-0.000778010642501281,0.000152495123385904,0.011441303964023,-1.09637900477962e-05,-0.000767310836112504,-0.00116602896806369,0.0273739771196135
878.965817633049,-0.00154811898569096,-0.000766736195898998,0.000151204159251624,0.0113599793554679,-1.08583647820031e-05,-0.000761881927512833,-0.00115002978756608,0.0271860591593795
885.061576031251,-0.00152849007902114,-0.000755649065079402,0.000149910645405218,0.0112792608983993,-1.07532476174052e-05,-0.00075649304528855,-0.00113424999163626,0.0269994226742872
891.199609418655,-0.00150908952525722,-0.000744746074023254,0.000148615108935434,0.0111991436519973,-1.06484619874155e-05,-0.000751143869697377,-0.00111868657690642,0.0268140591045076
897.380210978585,-0.00148991519161925,-0.000734024096387052,0.000147318058508922,0.0111196227198496,-1.05440303744699e-05,-0.00074583408380413,-0.00110333658095436,0.0266299599435966
903.603675927636,-0.00147096495166143,-0.000723480054897856,0.000146019984848918,0.0110406932495834,-1.04399743358022e-05,-0.000740563373457415,-0.00108819708175121,0.0264471167382438
909.870301529772,-0.00145223668565504,-0.000713110920749802,0.000144721361203864,0.0109623504324968,-1.03363145286683e-05,-0.000735331427266342,-0.00107326519711643,0.0262655210880218
916.18038711053,-0.0014337282809586,-0.000702913713002516,0.000143422643806122,0.0108845895031909,-1.02330707350277e-05,-0.000730137936577281,-0.00105853808417985,0.0260851646451337
922.534234071309,-0.00141543763237544,-0.000692885497981618,0.000142124272320946,0.0108074057392015,-1.01302618856904e-05,-0.00072498259545065,-0.00104401293885096,0.0259060391141609
928.932145903777,-0.00139736264249892,-0.000683023388681522,0.000140826670285827,0.010730794460632,-1.00279060839376e-05,-0.000719865100637755,-0.00102968699529498,0.0257281362518099
935.374428204358,-0.00137950122204549,-0.000673324544170692,0.000139530245540395,0.0106547510297856,-9.92602062862505e-06,-0.000714785151557685,-0.00101555752541603,0.0255514478666582
941.861388688833,-0.00136185129017574,-0.000663786168999558,0.000138235390647011,0.0105792708507991,-9.82462203677569e-06,-0.000709742450274256,-0.00100162183834691,0.0253759658189009
948.39333720704,-0.00134441077480387,-0.000654405512611232,0.000136942483302191,0.0105043493692772,-9.72372606567163e-06,-0.000704736701473038,-0.000987877279945799,0.0252016820200951
954.970585757668,-0.00132717761289555,-0.000645179868755208,0.000135651886739031,0.0104299820719272,-9.62334773445226e-06,-0.000699767612438436,-0.000974321232299451,0.0250285884329058
961.593448503166,-0.00131014975075452,-0.000636106574904179,0.000134363950120748,0.010356164486195,-9.5235013452274e-06,-0.000694834893030854,-0.00096095111323304,0.0248566770708502
968.262241784745,-0.00129332514429813,-0.000627183011674145,0.000133079008925525,0.0102828921799021,-9.42420050371317e-06,-0.000689938255663947,-0.000947764375826455,0.0246859399980423
974.977284137491,-0.00127670175932206,-0.00061840660224792,0.00013179738532276,0.0102101607608834,-9.32545813939879e-06,-0.000685077415281949,-0.000934758507937,0.024516369328937
981.738896305574,-0.00126027757175433,-0.000609774811802194,0.000130519388540905,0.0101379658766267,-9.22728652525228e-06,-0.0006802520893371,-0.000921931031728415,0.0243479572280739
988.547401257578,-0.00124405056789895,-0.000601285146938276,0.000129245315227009,0.0100663032139128,-9.12969729697307e-06,-0.000675461997767167,-0.000909279503206147,0.0241806959098217
995.403124201917,-0.0012280187446693,-0.000592935155116624,0.000127975449798122,0.00999516849845781,-9.03270147179915e-06,-0.000670706862973064,-0.000896801511758773,0.0240145776381213
1002.30639260238,-0.00121218010981157,-0.000584722424095295,0.000126710064784703,0.00992455749455643,-8.93630946687708e-06,-0.000665986409796581,-0.00088449467970552,0.0238495947262302
1009.25753619375,-0.00119653268211836,-0.000576644581372408,0.000125449421166163,0.00985446600472659,-8.84053111720206e-06,-0.000661300365498214,-0.000872356661849797,0.0236857395364653
1016.2568869976,-0.00118107449163268,-0.000568699293632727,0.000124193768698694,0.00978488986935611,-8.7453756931362e-06,-0.000656648459735119,-0.000860385145038643,0.0235230044799472
1023.30477933808,-0.00116580357984266,-0.000560884266198484,0.000122943346235513,0.0097158249663509,-8.65085191751262e-06,-0.000652030424539173,-0.000848577847728075,0.0233613820163437
1030.40154985798,-0.00115071799986698,-0.000553197242484474,0.000121698382039661,0.0096472672107847,-8.55696798233253e-06,-0.000647445994295157,-0.000836932519554164,0.0232008646536136
1037.5475375347,-0.00113581581663138,-0.000545636003457591,0.000120459094089502,0.00957921255455103,-8.46373156506336e-06,-0.000642894905719066,-0.000825446940909893,0.0230414449477505
1044.74308369654,-0.00112109510703642,-0.0005381983671008,0.000119225690377041,0.00951165698601652,-8.37114984454498e-06,-0.000638376897836535,-0.000814118922527587,0.0228831155025268
1051.98853203895,-0.00110655396011664,-0.000530882187881698,0.000117998369199205,0.00944459652967663,-8.27922951651175e-06,-0.000633891711961413,-0.00080294630506697,0.0227258689692384
1059.28422864097,-0.0010921904771913,-0.000523685356225664,0.000116777319442217,0.00937802724581301,-8.18797680873701e-06,-0.000629439091674442,-0.000791926958708675,0.0225696980464484
1066.63052198171,-0.0010780027720071,-0.000516605797993728,0.000115562720859193,0.00931194523015311,-8.09739749580825e-06,-0.000625018782802099,-0.000781058782753222,0.0224145954797324
1074.02776295709,-0.00106398897087269,-0.000509641473965162,0.000114354744341088,0.00924634661353169,-8.0074969135389e-06,-0.00062063053339555,-0.000770339705225312,0.0222605540614231
1081.4763048965,-0.0010501472127856,-0.0005027903793249,0.00011315355218113,0.00918122756155464,-7.91827997302499e-06,-0.000616274093709764,-0.000759767682483456,0.022107566630356
1088.97650357974,-0.00103647564955142,-0.000496050543155796,0.000111959298332848,0.00911658427426482,-7.8297511743525e-06,-0.000611949216182751,-0.000749340698834786,0.0219556260716143
1096.52871725401,-0.00102297244589563,-0.000489420027935798,0.00011077212866184,0.00905241298581019,-7.74191461996336e-06,-0.000607655655414957,-0.000739056766155054,0.0218047253162756
1104.13330665098,-0.00100963577956813,-0.000482896929040064,0.000109592181191396,0.00898870996411417,-7.6547740276859e-06,-0.000603393168148795,-0.000728913923513696,0.0216548573411579
1111.79063500406,-0.000996463841440833,-0.000476479374248069,0.000108419586342085,0.00892547151054831,-7.56833274343741e-06,-0.000599161513248332,-0.00071891023680394,0.0215060151685663
1119.50106806575,-0.000983454835598258,-0.000470165523255724,0.000107254467165455,0.00886269395960717,-7.48259375360451e-06,-0.000594960451679111,-0.000709043798377853,0.0213581918660405
1127.26497412507,-0.000970606979421497,-0.000463953567192568,0.000106096939571935,0.00880037367858578,-7.39755969710893e-06,-0.000590789746488143,-0.000699312726686308,0.021211380546102
1135.0827240252,-0.000957918503665616,-0.000457841728144008,0.000104947112553068,0.00873850706725916,-7.31323287716386e-06,-0.000586649162784029,-0.00068971516592375,0.021065574366003
1142.95469118117,-0.00094538765253076,-0.000451828258678706,0.000103805088398205,0.00867709055756458,-7.2296152727286e-06,-0.000582538467717256,-0.000680249285677772,0.0209207665274742
1150.8812515977,-0.000933012683727008,-0.000445911441381047,0.000102670962905742,0.00861612061328596,-7.14670854966669e-06,-0.000578457430460626,-0.000670913280583357,0.0207769502764748
1158.86278388715,-0.00092079186853327,-0.000440089588388788,0.000101544825589042,0.00855559372974097,-7.06451407161447e-06,-0.000574405822189862,-0.000661705369981807,0.0206341189029416
1166.89966928762,-0.000908723491850282,-0.000434361040935833,0.000100426759877136,0.00849550643347037,-6.98303291056555e-06,-0.000570383416064349,-0.000652623797584215,0.02049226574054
1174.99229168114,-0.000896805852247962,-0.000428724168900201,9.93168433103219e-05,0.00843585528193009,-6.9022658571779e-06,-0.000566389987208053,-0.000643666831139516,0.0203513841664143
1183.14103761204,-0.000885037262007172,-0.000423177370357147,9.82151477307522e-05,0.00837663686318556,-6.82221343080866e-06,-0.000562425312690574,-0.000634832762106946,0.0202114676009397
1191.34629630538,-0.000873416047156174,-0.000417719071137481,9.71217394681424e-05,0.00831784779560884,-6.7428758892833e-06,-0.000558489171508384,-0.000626119905332973,0.0200725095074743
1199.60845968555,-0.000861940547501797,-0.000412347724391059,9.60366795206784e-05,0.008259484727578,-6.66425323840426e-06,-0.000554581344566198,-0.000617526598732519,0.0199345033921118
1207.92792239501,-0.000850609116655592,-0.000407061810155463,9.49600237312431e-05,0.00820154433717932,-6.58634524120522e-06,-0.000550701614658527,-0.000609051202974534,0.0197974428034356
1216.3050818131,-0.00083942012205501,-0.000401859834929854,9.38918229590523e-05,0.00814402333191186,-6.50915142695599e-06,-0.000546849766451371,-0.000600692101171763,0.0196613213322722
1224.74033807505,-0.000828371944979861,-0.000396740331254007,9.28321232468092e-05,0.00808691844839473,-6.43267109992425e-06,-0.000543025586464091,-0.000592447698574729,0.0195261326114466
1233.23409409112,-0.000817462980564076,-0.000391701857292502,9.17809659834623e-05,0.00803022645207681,-6.35690334789863e-06,-0.000539228863051424,-0.000584316422269822,0.0193918703155379
1241.78675556577,-0.000806691637803046,-0.000386742996424084,9.0738388062679e-05,0.00797394413694921,-6.28184705047933e-06,-0.000535459386385673,-0.000576296720881482,0.0192585281606357
1250.39873101711,-0.000796056339556537,-0.00038186235683615,8.97044220371134e-05,0.00791806832526012,-6.20750088714073e-06,-0.000531716948439043,-0.000568387064278386,0.0191260999040968
1259.07043179635,-0.000785555522547451,-0.000377058571124387,8.86790962685741e-05,0.0078625958672325,-6.13386334507172e-06,-0.000528001342966155,-0.000560585943283619,0.0189945793443036
1267.80227210752,-0.000775187637356443,-0.0003723302958975,8.76624350741743e-05,0.00780752364078414,-6.06093272679818e-06,-0.000524312365486703,-0.000552891869388746,0.0188639603204227
1276.5946690272,-0.000764951148412625,-0.000367676211387053,8.66544588685604e-05,0.0077528485512504,-5.98870715759322e-06,-0.000520649813268283,-0.000545303374471759,0.0187342367121639
1285.44804252445,-0.000754844533980432,-0.000363095021062377,8.56551843023046e-05,0.00769856753110961,-5.91718459267954e-06,-0.00051701348530938,-0.000537819010518841,0.018605402439541
1294.36281548089,-0.000744866286142761,-0.000358585451250527,8.46646243965465e-05,0.00764467753971095,-5.84636282422877e-06,-0.000513403182322508,-0.000530437349349872,0.0184774514626325
1303.33941371088,-0.000735014910780575,-0.000354146250761284,8.36827886739738e-05,0.00759117556300502,-5.77623948816272e-06,-0.000509818706717524,-0.000523156982347685,0.018350377781344
1312.37826598188,-0.000725288927549,-0.000349776190517136,8.27096832862204e-05,0.00753805861327685,-5.70681207076092e-06,-0.000506259862585078,-0.000515976520190942,0.0182241754351703
1321.47980403488,-0.000715686869850124,-0.000345474063188264,8.17453111377691e-05,0.00748532372888176,-5.63807791507901e-06,-0.000502726455680253,-0.000508894592590671,0.0180988385029596
1330.6444626051,-0.000706207284802534,-0.000341238682832457,8.07896720064351e-05,0.00743296797398342,-5.57003422718253e-06,-0.000499218293406331,-0.00050190984803033,0.0179743611026776
1339.87267944269,-0.000696848733207773,-0.00033706888453996,7.98427626605131e-05,0.00738098843829489,-5.5026780822003e-06,-0.000495735184798743,-0.000495020953509431,0.0178507373911729
1349.16489533366,-0.000687609789513756,-0.000332963524083203,7.89045769726626e-05,0.00732938223682185,-5.43600643020173e-06,-0.000492276940509158,-0.0004882265942906,0.0177279615639435
1358.52155412096,-0.00067848904177534,-0.000328921477571396,7.79751060306122e-05,0.00727814650960869,-5.37001610190245e-06,-0.000488843372789741,-0.000481525473650103,0.0176060278549037
1367.94310272563,-0.000669485091612058,-0.000324941641109939,7.70543382447511e-05,0.00722727842148689,-5.304703814202e-06,-0.000485434295477557,-0.000474916312631717,0.017484930536152
1377.42999116818,-0.000660596554163204,-0.000321022930464633,7.61422594526889e-05,0.00717677516182617,-5.24006617555793e-06,-0.000482049523979139,-0.000468397849803975,0.0173646639177405
1386.98267259009,-0.000651822058040311,-0.000317164280730634,7.52388530208484e-05,0.00712663394428795,-5.17609969120013e-06,-0.000478688875255204,-0.000461968841020672,0.0172452223474442
1396.60160327544,-0.000643160245277164,-0.000313364646006142,7.43440999431696e-05,0.00707685200658152,-5.11280076818931e-06,-0.000475352167805529,-0.000455628059184649,0.0171266002105323
1406.2872426727,-0.0006346097712774,-0.000309622999070754,7.34579789369841e-05,0.0070274266102225,-5.05016572032333e-06,-0.000472039221653967,-0.000449374294014756,0.0170087919295395
1416.04005341668,-0.000626169304759851,-0.000305938331068476,7.25804665361421e-05,0.00697835504029405,-4.98819077289544e-06,-0.000468749858333638,-0.000443206351816004,0.0168917919640389
1425.86050135065,-0.000617837527701638,-0.000302309651195331,7.17115371814412e-05,0.00692963460521028,-4.92687206730751e-06,-0.000465483900872245,-0.000437123055252817,0.0167755948104157
1435.74905554856,-0.000609613135279206,-0.000298735986391537,7.08511633084388e-05,0.00688126263648237,-4.86620566554245e-06,-0.000462241173777561,-0.000431123243125385,0.0166601950016416
1445.70618833745,-0.000601494835807284,-0.000295216381038211,6.9999315432699e-05,0.00683323648848691,-4.8061875544989e-06,-0.000459021503023051,-0.000425205770149026,0.0165455871070502
1455.73237532004,-0.000593481350675958,-0.000291749896658557,6.91559622325472e-05,0.00678555353823692,-4.74681365019187e-06,-0.000455824716033657,-0.000419369506736583,0.016431765732114
1465.8280953974,-0.000585571414285841,-0.000288335611623494,6.83210706293833e-05,0.00673821118515504,-4.68807980182243e-06,-0.00045265064167171,-0.000413613338783742,0.0163187255182212
1475.99383079187,-0.00057776377398152,-0.000284972620861693,6.74946058656239e-05,0.00669120685084935,-4.62998179572017e-06,-0.000449499110223014,-0.000407936167457303,0.0162064611424549
1486.23006707006,-0.000570057189983259,-0.000281660035573966,6.66765315803238e-05,0.00664453797889137,-4.57251535916111e-06,-0.000446369953383051,-0.000402336908986296,0.0160949673173717
1496.53729316606,-0.000562450435317143,-0.000278396982951977,6.58668098825419e-05,0.00659820203459667,-4.51567616406486e-06,-0.000443263004243352,-0.000396814494455969,0.015984238790783
1506.9160014048,-0.000554942295743627,-0.000275182605901219,6.50654014224986e-05,0.00655219650480751,-4.45945983057338e-06,-0.000440178097277989,-0.000391367869604553,0.0158742703455357
1517.36668752555,-0.000547531569684668,-0.00027201606276823,6.42722654605923e-05,0.00650651889767822,-4.40386193051516e-06,-0.000437115068330232,-0.000385995994622814,0.0157650567992951
1527.88985070559,-0.000540217068149427,-0.000268896527071983,6.3487359934316e-05,0.00646116674246252,-4.34887799075706e-06,-0.000434073754599328,-0.00038069784395631,0.0156565930043279
1538.4859935841,-0.000532997614658682,-0.000265823187239426,6.27106415231386e-05,0.00641613758930342,-4.29450349644733e-06,-0.000431053994627434,-0.000375472406110367,0.0155488738472871
1549.15562228612,-0.000525872045167944,-0.00026279524634511,6.19420657113922e-05,0.0063714290090252,-4.24073389415208e-06,-0.000428055628286682,-0.000370318683457678,0.015441894248997
1559.89924644673,-0.000518839207989434,-0.000259811921854881,6.1181586849227e-05,0.00632703859292787,-4.18756459488851e-06,-0.000425078496766382,-0.000365235692048556,0.0153356491642398
1570.71737923542,-0.000511897963712885,-0.00025687244537356,6.0429158211671e-05,0.00628296395258367,-4.13499097705714e-06,-0.000422122442560361,-0.000360222461423736,0.0152301335815431
1581.61053738059,-0.000505047185125333,-0.000253976062396606,5.96847320558562e-05,0.00623920271963595,-4.0830083892761e-06,-0.000419187309454448,-0.00035527803442976,0.0151253425229685
1592.57924119422,-0.00049828575712986,-0.000251122032065673,5.8948259676447e-05,0.00619575254560013,-4.03161215311971e-06,-0.000416272942514071,-0.000350401467036851,0.0150212710439007
1603.62401459674,-0.000491612576663441,-0.000248309626928056,5.8219691459326e-05,0.00615261110166704,-3.98079756576426e-06,-0.000413379188072015,-0.000345591828159286,0.0149179142328382
1614.74538514202,-0.00048502655261387,-0.000245538132699949,5.74989769335761e-05,0.00610977607850819,-3.93055990254307e-06,-0.000410505893716286,-0.000340848199478202,0.014815267211185
1625.94388404263,-0.000478526605735895,-0.000242806848033494,5.6786064821809e-05,0.00606724518608344,-3.88089441941368e-06,-0.000407652908278128,-0.000336169675266838,0.0147133251330429
1637.22004619516,-0.000472111668566544,-0.000240115084287552,5.60809030888782e-05,0.00602501615345059,-3.83179635533914e-06,-0.000404820081820151,-0.00033155536221813,0.0146120831850055
1648.57441020578,-0.000465780685339774,-0.000237462165302171,5.53834389890232e-05,0.00598308672857727,-3.78326093458602e-06,-0.000402007265624601,-0.000327004379274689,0.014511536585952
1660.00751841599,-0.000459532611900414,-0.000234847427176697,5.46936191114827e-05,0.00594145467815474,-3.73528336894123e-06,-0.000399214312181747,-0.000322515857461069,0.0144116805868439
1671.51991692849,-0.000453366415617522,-0.000232270218051479,5.40113894246216e-05,0.00590011778741397,-3.68785885985002e-06,-0.000396441075178409,-0.000318088939718347,0.0143125104705208
1683.11215563331,-0.000447281075297152,-0.000229729897893126,5.33366953186061e-05,0.00585907385994354,-3.640982600477e-06,-0.000393687409486584,-0.000313722780740932,0.0142140215514984
1694.78478823403,-0.000441275581094616,-0.000227225838283275,5.2669481646671e-05,0.00581832071750983,-3.59464977769283e-06,-0.000390953171152231,-0.000309416546815633,0.0141162091757675
1706.53837227424,-0.00043534893442626,-0.000224757422210821,5.20096927650123e-05,0.00577785619987899,-3.54885557398799e-06,-0.000388238217384144,-0.000305169415662892,0.0140190687205934
1718.37346916419,-0.000429500147880816,-0.000222324043867558,5.13572725713464e-05,0.00573767816464112,-3.5035951693163e-06,-0.000385542406542974,-0.000300980576280205,0.0139225955943169
1730.2906442076,-0.000423728245130361,-0.0002199251084472,5.07121645421667e-05,0.00569778448703618,-3.45886374286952e-06,-0.000382865598130347,-0.000296849228787666,0.013826785236156
1742.29046662864,-0.000418032260840938,-0.000217560031947726,5.00743117687395e-05,0.00565817305978216,-3.4146564747856e-06,-0.000380207652778124,-0.000292774584275629,0.0137316331160088
1754.37350959913,-0.000412411240582859,-0.000215228240977005,4.9443656991867e-05,0.00561884179290487,-3.37096854779179e-06,-0.000377568432237759,-0.000288755864654446,0.0136371347342576
1766.54035026596,-0.000406864240740753,-0.000212929172561665,4.88201426354549e-05,0.00557978861356987,-3.32779514878499e-06,-0.000374947799369782,-0.000284792302506249,0.0135432856215736
1778.79156977856,-0.000401390328423388,-0.000210662273959159,4.82037108389181e-05,0.00554101146591623,-3.2851314703509e-06,-0.000372345618133403,-0.000280883140938775,0.0134500813387228
1791.12775331676,-0.000395988581373283,-0.000208427002472972,4.75943034884514e-05,0.00550250831089211,-3.24297271222357e-06,-0.000369761753576213,-0.000277027633441159,0.0133575174763734
1803.54949011869,-0.000390658087876186,-0.000206222825270949,4.69918622472039e-05,0.00546427712609228,-3.20131408268737e-06,-0.000367196071824016,-0.000273225043741731,0.0132655896549033
1816.05737350894,-0.000385397946670413,-0.000204049219206672,4.63963285843807e-05,0.00542631590559741,-3.16015079992273e-06,-0.000364648440070761,-0.000269474645667717,0.0131742935242095
1828.65200092687,-0.000380207266856115,-0.000201905670643877,4.58076438033067e-05,0.00538862265981523,-3.11947809329756e-06,-0.000362118726568587,-0.000265775723006893,0.0130836247635183
1841.33397395519,-0.000375085167804467,-0.000199791675283831,4.52257490684773e-05,0.00535119541532345,-3.07929120460561e-06,-0.00035960680061798,-0.0002621275693711,0.0129935790811958
1854.10389834867,-0.000370030779066859,-0.00019770673799566,4.46505854316302e-05,0.00531403221471444,-3.03958538925367e-06,-0.000357112532558032,-0.000258529488061643,0.012904152214561
1866.9623840631,-0.000365043240284063,-0.000195650372649563,4.4082093856858e-05,0.00527713111644173,-3.0003559173987e-06,-0.000354635793756816,-0.00025498079193652,0.0128153399296979
1879.91004528435,-0.000360121701095459,-0.000193622101952883,4.35202152447969e-05,0.0052404901946682,-2.96159807503685e-06,-0.000352176456601854,-0.000251480803279467,0.0127271380212706
1892.94750045783,-0.000355265321048301,-0.000191621457288983,4.29648904559113e-05,0.00520410753911597,-2.92330716504528e-06,-0.000349734394490701,-0.000248028853670793,0.0126395423123379
1906.0753723179,-0.000350473269507093,-0.000189647978558904,4.24160603329045e-05,0.00516798125491807,-2.88547850817859e-06,-0.000347309481821627,-0.000244624283859983,0.0125525486541698
1919.29428791772,-0.000345744725563061,-0.000187701214025737,4.18736657222772e-05,0.00513210946247168,-2.84810744402094e-06,-0.000344901593984399,-0.000241266443640037,0.012466152926065
1932.60487865912,-0.000341078877943774,-0.000185780720161698,4.13376474950612e-05,0.00509649029729313,-2.81118933189541e-06,-0.000342510607351169,-0.000237954691723536,0.0123803510351686
1946.00778032282,-0.000336474924922928,-0.000183886061497838,4.08079465667492e-05,0.00506112190987445,-2.7747195517317e-06,-0.000340136399267458,-0.000234688395620387,0.0122951389162916
1959.50363309877,-0.000331932074230319,-0.00018201681047638,4.02845039164472e-05,0.00502600246554166,-2.73869350489353e-06,-0.00033777884804324,-0.00023146693151726,0.0122105125317317
1973.09308161673,-0.000327449542962017,-0.000180172547305606,3.97672606052687e-05,0.0049911301443145,-2.7031066149669e-06,-0.000335437832944122,-0.000228289684158654,0.0121264678710938
1986.77677497706,-0.000323026557490785,-0.000178352859817294,3.92561577939962e-05,0.00495650314076794,-2.66795432851061e-06,-0.000333113234182625,-0.000225156046729605,0.012043000951113
2000.55536678172,-0.000318662353376734,-0.000176557343326628,3.87511367600278e-05,0.00492211966389504,-2.63323211576977e-06,-0.000330804932909552,-0.000222065420739985,0.0119601078154774
2014.42951516552,-0.000314356175278267,-0.000174785600494584,3.82521389136344e-05,0.0048879779369716,-2.59893547135399e-06,-0.000328512811205462,-0.000219017215910398,0.011877784534653
2028.39988282751,-0.000310107276863293,-0.000173037241192712,3.77591058135436e-05,0.00485407619742207,-2.56505991488089e-06,-0.000326236752072223,-0.000216010850059619,0.0117960272057083
2042.46713706267,-0.000305914920720777,-0.000171311882370311,3.72719791818728e-05,0.00482041269668724,-2.53160099158626e-06,-0.000323976639424668,-0.000213045748993593,0.0117148319521415
2056.63194979376,-0.000301778378272587,-0.000169609147923942,3.67907009184302e-05,0.0047869857000932,-2.49855427290183e-06,-0.000321732358082337,-0.00021012134639593,0.0116341949237071
2070.89499760343,-0.000297696929685714,-0.000167928668569244,3.63152131144041e-05,0.00475379348672193,-2.46591535700173e-06,-0.000319503793761313,-0.000207237083719925,0.0115541122962446
2085.25696176653,-0.000293669863784823,-0.000166270081715021,3.58454580654542e-05,0.00472083434928323,-2.43367986931849e-06,-0.000317290833066138,-0.000204392410082027,0.0114745802715078
2099.71852828265,-0.00028969647796521,-0.000164633031339571,3.53813782842306e-05,0.00468810659398824,-2.40184346302981e-06,-0.000315093363481827,-0.000201586782156789,0.0113955950769949
2114.2803879089,-0.000285776078106119,-0.000163017167869193,3.49229165123292e-05,0.00465560854042417,-2.37040181951671e-06,-0.000312911273365961,-0.00019881966407324,0.01131715296578
2128.94323619287,-0.000281907978484492,-0.000161422148058883,3.44700157317097e-05,0.00462333852143066,-2.33935064879432e-06,-0.000310744451940873,-0.000196090527312685,0.0112392502163455
2143.7077735059,-0.00027809150168911,-0.000159847634875136,3.40226191755831e-05,0.00459129488297735,-2.30868568991587e-06,-0.00030859278928591,-0.0001933988506079,0.0111618831324147
2158.57470507649,-0.000274325978535191,-0.000158293297380858,3.35806703387948e-05,0.00455947598404297,-2.27840271135112e-06,-0.000306456176329785,-0.000190744119843704,0.011085048042787
2173.54474102402,-0.000270610747979405,-0.00015675881062233,3.31441129877096e-05,0.00452788019649561,-2.24849751133957e-06,-0.000304334504843008,-0.000188125827958895,0.0110087413011723
2188.61859639264,-0.000266945157035372,-0.000155243855518207,3.27128911696225e-05,0.00449650590497453,-2.21896591821996e-06,-0.000302227667430407,-0.000185543474849533,0.0109329592860275
2203.79699118545,-0.000263328560689599,-0.000153748118750501,3.22869492217031e-05,0.0044653515067731,-2.18980379073607e-06,-0.00030013555752371,-0.000182996567273534,0.0108576984003937
2219.08065039887,-0.000259760321817916,-0.00015227129265754,3.1866231779493e-05,0.00443441541172321,-2.16100701832037e-06,-0.000298058069374235,-0.000180484618756587,0.0107829550717343
2234.47030405729,-0.000256239811102381,-0.000150813075128842,3.14506837849677e-05,0.00440369604208083,-2.13257152135563e-06,-0.000295995098045627,-0.000178007149499342,0.0107087257517737
2249.9666872479,-0.0002527664069487,-0.000149373169501903,3.10402504941787e-05,0.00437319183241294,-2.10449325141567e-06,-0.000293946539406706,-0.000175563686285884,0.0106350069163379
2265.57054015586,-0.000249339495404131,-0.000147951284460833,3.06348774844863e-05,0.00434290122948567,-2.07676819148573e-06,-0.000291912290124359,-0.000173153762393448,0.0105617950651952
2281.28260809959,-0.000245958470075924,-0.000146547133936849,3.02345106614004e-05,0.00431282269215372,-2.04939235616333e-06,-0.000289892247656535,-0.00017077691750338,0.0104890867218979
2297.10364156645,-0.000242622732050264,-0.000145160437010557,2.98390962650371e-05,0.0042829546912509,-2.02236179184003e-06,-0.000287886310245299,-0.000168432697613308,0.0104168784336255
2313.0343962485,-0.00023933168981176,-0.000143790917816021,2.94485808762083e-05,0.00425329570948207,-1.99567257686511e-06,-0.000285894376909965,-0.000166120654950528,0.0103451667710285
2329.07563307866,-0.000236084759163456,-0.000142438305446565,2.90629114221517e-05,0.00422384424131607,-1.9693208216915e-06,-0.000283916347440299,-0.00016384034788656,0.010273948328073
2345.22811826701,-0.000232881363147401,-0.000141102333862308,2.86820351819172e-05,0.00419459879287999,-1.94330266900475e-06,-0.000281952122389804,-0.00016159134085289,0.0102032197218866
2361.49262333744,-0.000229720931965752,-0.00013978274179937,2.8305899791417e-05,0.00416555788185449,-1.91761429383558e-06,-0.000280001603069062,-0.000159373204257857,0.0101329775926046
2377.86992516445,-0.000226602902902451,-0.000138479272680752,2.79344532481546e-05,0.00413672003737037,-1.89225190365667e-06,-0.000278064691539159,-0.00015718551440468,0.0100632186032181
2394.36080601029,-0.000223526720245448,-0.000137191674528836,2.75676439156392e-05,0.00410808379990617,-1.86721173846411e-06,-0.00027614129060517,-0.000155027853410609,0.00999393943942228
2410.96605356231,-0.000220491835209498,-0.000135919699879493,2.72054205274995e-05,0.00407964772118702,-1.84249007084429e-06,-0.000274231303809722,-0.000152899809127184,0.00992513680946554
2427.6864609706,-0.000217497705859531,-0.000134663105697768,2.6847732191305e-05,0.00405141036408444,-1.81808320602655e-06,-0.000272334635426613,-0.000150800975061582,0.00985680744400016
2444.52282688584,-0.000214543797034593,-0.000133421653295113,2.64945283921058e-05,0.00402337030251741,-1.79398748192228e-06,-0.000270451190454514,-0.00014873095029905,0.0097889480959334
2461.4759554975,-0.000211629580272366,-0.000132195108248139,2.61457589956991e-05,0.00399552612135437,-1.77019926915083e-06,-0.00026858087461072,-0.000146689339426393,0.00972155554027963
2478.54665657221,-0.000208754533734277,-0.000130983240318874,2.58013742516338e-05,0.00396787641631633,-1.74671497105291e-06,-0.00026672359432498,-0.00014467575245651,0.00965462657401335
2495.73574549243,-0.000205918142131191,-0.00012978582337648,2.54613247959604e-05,0.00394041979388115,-1.72353102369178e-06,-0.000264879256733383,-0.000142689804753972,0.0095881580159233
2513.04404329547,-0.00020311989664969,-0.000128602635320424,2.51255616537359e-05,0.00391315487118863,-1.70064389584275e-06,-0.000263047769672313,-0.000140731116961611,0.00952214670646705
2530.47237671259,-0.000200359294878953,-0.000127433458005066,2.47940362412927e-05,0.00388608027594686,-1.67805008897162e-06,-0.000261229041672466,-0.000138799314928122,0.00945658950762703
2548.02157820863,-0.000197635840738216,-0.000126278077165641,2.4466700368278e-05,0.00385919464633938,-1.65574613720209e-06,-0.000259422981952924,-0.000136894029636647,0.00939148330276687
2565.69248602162,-0.000194949044404852,-0.000125136282345617,2.41435062394747e-05,0.00383249663093353,-1.63372860727311e-06,-0.000257629500415301,-0.000135014897134353,0.0093268249964892
2583.48594420295,-0.000192298422243026,-0.000124007866825393,2.38244064564088e-05,0.00380598488858961,-1.61199409848603e-06,-0.000255848507637936,-0.000133161558462956,0.00926261151449381
2601.4028026576,-0.000189683496732969,-0.000122892627552331,2.35093540187529e-05,0.00377965808837119,-1.59053924264247e-06,-0.000254079914870162,-0.000131333659590218,0.0091988398034371
2619.4439171848,-0.000187103796400838,-0.00012179036507208,2.31983023255318e-05,0.00375351490945618,-1.56936070397281e-06,-0.000252323634026618,-0.000129530851342362,0.00913550683079213
2637.61014951883,-0.000184558855749197,-0.00012070088346118,2.28912051761392e-05,0.00372755404104908,-1.5484551790561e-06,-0.000250579577681632,-0.000127752789337433,0.00907260958470972
2655.90236737027,-0.000182048215188083,-0.000119623990260921,2.25880167711703e-05,0.00370177418229393,-1.52781939673147e-06,-0.000248847659063655,-0.000125999133919554,0.00901014507388023
2674.32144446737,-0.000179571420966693,-0.000118559496412442,2.22886917130791e-05,0.00367617404218842,-1.50745011800156e-06,-0.000247127792049754,-0.000124269550094098,0.00894811032739648
2692.86826059784,-0.000177128025105664,-0.000117507216193026,2.19931850066654e-05,0.00365075233949869,-1.48734413592823e-06,-0.000245419891160162,-0.000122563707463738,0.00888650239461715
2711.54370165082,-0.000174717585329963,-0.000116466967153603,2.17014520593991e-05,0.00362550780267525,-1.4674982755209e-06,-0.000243723871552881,-0.000120881280165383,0.00882531834503145
2730.34865965925,-0.000172339665002383,-0.000115438570057406,2.14134486815876e-05,0.00360043916976957,-1.44790939361786e-06,-0.000242039649018347,-0.000119221946807966,0.00876455526812425
2749.28403284242,-0.000169993833057644,-0.000114421848819786,2.11291310863919e-05,0.00357554518835176,-1.42857437876094e-06,-0.000240367139974136,-0.0001175853904111,0.0087042102732424
2768.35072564895,-0.000167679663937089,-0.000113416630449146,2.08484558896979e-05,0.00355082461542895,-1.40949015106358e-06,-0.000238706261459741,-0.000115971298344562,0.00864428048946158
2787.54964879989,-0.000165396737524002,-0.000112422744988989,2.05713801098484e-05,0.00352627621736467,-1.39065366207301e-06,-0.000237056931131384,-0.000114379362268615,0.00858476306545429
2806.88171933232,-0.000163144639079507,-0.000111440025461049,2.02978611672412e-05,0.00350189876979889,-1.3720618946264e-06,-0.000235419067256896,-0.000112809278075138,0.00852565516935835
2826.34786064308,-0.00016092295917909,-0.000110468307809493,2.00278568837984e-05,0.00347769105756917,-1.3537118627016e-06,-0.000233792588710639,-0.000111260745829581,0.00846695398864659
2845.94900253294,-0.000158731293649705,-0.000109507430846164,1.97613254823131e-05,0.00345365187463229,-1.33560061126249e-06,-0.000232177414968479,-0.000109733469713693,0.00840865672999698
2865.68608125093,-0.000156569243507491,-0.000108557236196869,1.9498225585677e-05,0.00342978002398707,-1.31772521609941e-06,-0.000230573466102818,-0.000108227157969055,0.00835076061916394
2885.56003953913,-0.000154436414896077,-0.000107617568248659,1.92385162159952e-05,0.00340607431759763,-1.30008278366468e-06,-0.000228980662777664,-0.000106741522841373,0.00829326290085017
2905.57182667768,-0.000152332419025495,-0.000106688274098118,1.89821567935924e-05,0.00338253357631775,-1.28267045090372e-06,-0.000227398926243761,-0.000105276280525547,0.00823616083857958
2925.72239853012,-0.000150256872111676,-0.000105769203500619,1.87291071359143e-05,0.00335915662981581,-1.26548538508182e-06,-0.000225828178333758,-0.00010383115111148,0.00817945171457066
2946.01271758903,-0.000148209395316548,-0.000104860208820536,1.84793274563309e-05,0.00333594231650061,-1.24852478360685e-06,-0.000224268341457435,-0.000102405858530643,0.0081231328296111
2966.44375302203,-0.000146189614688717,-0.0001039611449824,1.82327783628422e-05,0.00331288948344787,-1.23178587384811e-06,-0.000222719338596969,-0.000101000130503361,0.00806720150293278
2987.01648071805,-0.000144197161104747,-0.000103071869422979,1.79894208566958e-05,0.00328999698632761,-1.21526591295162e-06,-0.000221181093302249,-9.96136984868333e-05,0.0080116550720879
3007.73188333398,-0.000142231670211012,-0.000102192242044256,1.77492163309146e-05,0.00326726368933213,-1.19896218765189e-06,-0.000219653529686243,-9.82462976238546e-05,0.00795649089282563
3028.59095034155,-0.000140292782366146,-0.000101322125167302,1.75121265687433e-05,0.00324468846510487,-1.18287201408059e-06,-0.000218136572420399,-9.68976666922499e-05,0.00790170633896981
3049.59467807464,-0.000138380142584064,-0.000100461383487025,1.72781137420145e-05,0.00322227019466983,-1.16699273757206e-06,-0.000216630146730102,-9.55675480549949e-05,0.00784729880229715
3070.74406977686,-0.000136493400477572,-9.96098840277672e-05,1.70471404094404e-05,0.00320000776736186,-1.15132173246608e-06,-0.000215134178390171,-9.42556876110264e-05,0.00779326569241649
3092.04013564946,-0.000134632210202541,-9.87674960997522e-05,1.68191695148306e-05,0.0031779000807576,-1.13585640190798e-06,-0.000213648593720399,-9.29618347467219e-05,0.00773960443664858
3113.48389289956,-0.000132796230402665,-9.79340912563522e-05,1.65941643852438e-05,0.00315594604060709,-1.12059417764621e-06,-0.000212173319581138,-9.16857422880493e-05,0.00768631247990686
3135.07636578881,-0.000130985124154784,-9.71095432521682e-05,1.63720887290715e-05,0.0031341445607661,-1.10553251982765e-06,-0.000210708283368927,-9.04271664533687e-05,0.00763338728457879
3156.8185856822,-0.000129198558914779,-9.62937280019065e-05,1.61529066340623e-05,0.00311249456312916,-1.09066891679074e-06,-0.000209253413012165,-8.91858668068859e-05,0.00758082633040818
3178.71159109747,-0.000127436206464024,-9.54865235400341e-05,1.5936582565285e-05,0.0030909949775632,-1.07600088485664e-06,-0.000207808636966816,-8.79616062127387e-05,0.00752862711437801
3200.75642775457,-0.000125697742856408,-9.46878099812029e-05,1.57230813630386e-05,0.00306964474184198,-1.06152596811856e-06,-0.000206373884212171,-8.67541507897191e-05,0.00747678715059426
3222.9541486257,-0.000123982848365909,-9.38974694814241e-05,1.55123682407061e-05,0.00304844280158097,-1.04724173822935e-06,-0.000204949084246636,-8.55632698666106e-05,0.00742530397017029
3245.30581398558,-0.000122291207434729,-9.31153861999835e-05,1.53044087825617e-05,0.00302738811017311,-1.03314579418763e-06,-0.000203534167083571,-8.43887359381434e-05,0.00737417512111213
3267.81249146208,-0.000120622508621971,-9.23414462620786e-05,1.50991689415279e-05,0.00300647962872507,-1.01923576212239e-06,-0.000202129063247163,-8.32303246215484e-05,0.00732339816820433
3290.47525608724,-0.000118976444552878,-9.15755377221701e-05,1.489661503689e-05,0.00298571632599414,-1.00550929507646e-06,-0.00020073370376834,-8.20878146137125e-05,0.00727297069289679
3313.29519034861,-0.0001173527118686,-9.08175505280281e-05,1.46967137519672e-05,0.00296509717832581,-9.91964072788662e-07,-0.000199348020180725,-8.09609876489161e-05,0.00722289029319201
3336.27338424092,-0.00011575101117652,-9.00673764854669e-05,1.44994321317454e-05,0.00294462116959195,-9.78597801475106e-07,-0.00019797194451663,-7.98496284571555e-05,0.00717315458353344
3359.41093531822,-0.000114171047001105,-8.93249092237481e-05,1.43047375804715e-05,0.00292428729112954,-9.65408213609431e-07,-0.000196605409303079,-7.87535247230321e-05,0.00712376119469417
3382.70894874623,-0.000112612527735295,-8.85900441616477e-05,1.4112597859214e-05,0.00290409454168012,-9.52393067702352e-07,-0.000195248347557886,-7.76724670452101e-05,0.00707470777366669
3406.16853735517,-0.000111075165592422,-8.7862678474166e-05,1.39229810833905e-05,0.00288404192732964,-9.39550148080461e-07,-0.00019390069278575,-7.66062488964255e-05,0.00702599198355308
3429.7908216929,-0.00010955867655866,-8.7142711059877e-05,1.3735855720265e-05,0.00286412846144916,-9.2687726466451e-07,-0.000192562378974401,-7.5554666584049e-05,0.00697761150345617
3453.57693007845,-0.000108062780345991,-8.64300425088977e-05,1.35511905864169e-05,0.00284435316463589,-9.14372252747151e-07,-0.000191233340590779,-7.45175192111844e-05,0.00692956402837116
3477.5279986559,-0.000106587200345693,-8.57245750714711e-05,1.33689548451836e-05,0.00282471506465491,-9.02032972770356e-07,-0.000189913512577243,-7.34946086383043e-05,0.00688184726907813
3501.64517144866,-0.000105131663582347,-8.50262126271491e-05,1.3189118004079e-05,0.00280521319638151,-8.8985731010254e-07,-0.000188602830347826,-7.24857394454122e-05,0.00683445895203524
3525.92960041413,-0.000103695900668352,-8.43348606545628e-05,1.30116499121893e-05,0.00278584660174394,-8.77843174815469e-07,-0.000187301229784512,-7.14907188947196e-05,0.00678739681927243
3550.38244549867,-0.000102279645758947,-8.36504262017731e-05,1.28365207575488e-05,0.00276661432966686,-8.65988501461112e-07,-0.000186008647233563,-7.05093568938411e-05,0.00674065862828614
3575.00487469309,-0.000100882636507735,-8.2972817857185e-05,1.26637010644957e-05,0.00274751543601522,-8.54291248848419e-07,-0.000184725019501865,-6.95414659594882e-05,0.00669424215193437
3599.79806408833,-9.95046140227182e-05,-8.23019457210219e-05,1.24931616910125e-05,0.00272854898353878,-8.42749399820226e-07,-0.000183450283853318,-6.85868611816668e-05,0.00664814517833274
3624.76319793175,-9.81453228228115e-05,-8.16377213773414e-05,1.2324873826049e-05,0.00270971404181707,-8.31360961030235e-07,-0.000182184378005255,-6.76453601883608e-05,0.00660236551075096
3649.9014686836,-9.68045107948635e-05,-8.0980057866591e-05,1.2158808986833e-05,0.00269100968720495,-8.20123962720275e-07,-0.000180927240124896,-6.67167831107048e-05,0.00655690096751022
3675.21407707406,-9.54819291511545e-05,-8.03288696586842e-05,1.19949390161674e-05,0.00267243500277863,-8.09036458497786e-07,-0.000179678808825833,-6.580095254863e-05,0.00651174938188104
3700.7022321605,-9.41773323873869e-05,-7.9684072626597e-05,1.18332360797174e-05,0.00265398907828225,-7.9809652511372e-07,-0.000178439023164551,-6.48976935369861e-05,0.00646690860198196
3726.36715138533,-9.28904782411476e-05,-7.90455840204652e-05,1.16736726632871e-05,0.00263567101007492,-7.87302262240812e-07,-0.000177207822636971,-6.40068335121233e-05,0.00642237649067875
3752.21006063407,-9.16211276508534e-05,-7.84133224421819e-05,1.15162215700888e-05,0.00261747990107833,-7.76651792252385e-07,-0.000175985147175042,-6.31282022789374e-05,0.00637815092548445
3778.23219429398,-9.03690447151618e-05,-7.77872078204774e-05,1.13608559180052e-05,0.00259941486072475,-7.66143260001655e-07,-0.000174770937143343,-6.2261631978362e-05,0.00633422979845985
3804.43479531291,-8.91339966528556e-05,-7.71671613864811e-05,1.12075491368459e-05,0.00258147500490568,-7.55774832601687e-07,-0.000173565133335735,-6.14069570553124e-05,0.00629061101611489
3830.81911525882,-8.79157537631852e-05,-7.65531056497465e-05,1.10562749655995e-05,0.00256365945592074,-7.4554469920596e-07,-0.000172367676972029,-6.0564014227063e-05,0.00624729249931042
3857.3864143794,-8.6714089386676e-05,-7.59449643747406e-05,1.09070074496828e-05,0.00254596734242733,-7.35451070789706e-07,-0.000171178509694695,-5.97326424520648e-05,0.00620427218316088
3884.13796166242,-8.55287798663864e-05,-7.53426625577792e-05,1.07597209381875e-05,0.0025283977993905,-7.2549217993195e-07,-0.000169997573565591,-5.89126828991852e-05,0.00616154801693739
3911.07503489621,-8.43596045096221e-05,-7.47461264044084e-05,1.06143900811265e-05,0.00251094996803348,-7.15666280598416e-07,-0.000168824811062731,-5.81039789173743e-05,0.00611911796397168
3938.19892073078,-8.32063455500926e-05,-7.41552833072163e-05,1.04709898266793e-05,0.00249362299578851,-7.05971647925252e-07,-0.000167660165077073,-5.73063760057436e-05,0.00607698000156045
3965.51091473924,-8.20687881105164e-05,-7.35700618240724e-05,1.03294954184395e-05,0.00247641603624829,-6.96406578003695e-07,-0.000166503578909344,-5.6519721784059e-05,0.00603513212087059
3993.0123214797,-8.094672016566e-05,-7.29903916567822e-05,1.01898823926634e-05,0.00245932824911773,-6.86969387665642e-07,-0.000165354996266889,-5.57438659636345e-05,0.00599357232684481
4020.70445455755,-7.98399325058176e-05,-7.2416203630153e-05,1.00521265755225e-05,0.00244235880016623,-6.77658414270249e-07,-0.000164214361260545,-5.49786603186295e-05,0.00595229863810804
4048.58863668828,-7.87482187007161e-05,-7.18474296714588e-05,9.9162040803583e-06,0.00242550686118037,-6.68472015491514e-07,-0.000163081618401551,-5.42239586577359e-05,0.00591130908687438
4076.66619976054,-7.76713750638531e-05,-7.12840027903019e-05,9.78209130494357e-06,0.00240877160991709,-6.59408569106954e-07,-0.00016195671259848,-5.34796167962573e-05,0.00587060171885469
4104.93848489989,-7.6609200617252e-05,-7.07258570588566e-05,9.64976492874746e-06,0.00239215223005716,-6.50466472787346e-07,-0.000160839589154197,-5.27454925285681e-05,0.00583017459316479
4133.40684253274,-7.55614970566419e-05,-7.0172927592496e-05,9.51920191020799e-06,0.00237564791115927,-6.41644143887633e-07,-0.00015973019376285,-5.20214456009534e-05,0.00579002578223428
4162.07263245095,-7.45280687170462e-05,-6.96251505307866e-05,9.39037948401058e-06,0.00235925784861433,-6.32940019238943e-07,-0.000158628472506878,-5.13073376848185e-05,0.00575015337171589
4190.93722387671,-7.3508722538789e-05,-6.90824630188501e-05,9.26327515837521e-06,0.0023429812436004,-6.24352554941848e-07,-0.00015753437185406,-5.06030323502695e-05,0.00571055546039562
4220.00199552799,-7.25032680339012e-05,-6.854480318908e-05,9.13786671235103e-06,0.00232681730303782,-6.15880226160786e-07,-0.000156447838654571,-4.99083950400526e-05,0.00567123016010318
4249.26833568435,-7.15115172529361e-05,-6.80121101432111e-05,9.0141321931208e-06,0.00231076523954491,-6.07521526919773e-07,-0.00015536882013808,-4.92232930438546e-05,0.00563217559562334
4278.73764225332,-7.05332847521781e-05,-6.74843239347307e-05,8.89204991331418e-06,0.00229482427139396,-5.99274969899345e-07,-0.000154297263910865,-4.8547595472953e-05,0.00559338990460762
4308.41132283705,-6.95683875612516e-05,-6.69613855516287e-05,8.77159844833208e-06,0.00227899362246772,-5.91139086234825e-07,-0.000153233117952958,-4.78811732352164e-05,0.00555487123748678
4338.2907947997,-6.8616645151116e-05,-6.64432368994762e-05,8.65275663368096e-06,0.00226327252221613,-5.83112425315864e-07,-0.000152176330615307,-4.72238990104456e-05,0.00551661775738364
4368.37748533501,-6.76778794024523e-05,-6.59298207848314e-05,8.53550356231928e-06,0.00224766020561365,-5.75193554587356e-07,-0.000151126850616974,-4.65756472260558e-05,0.00547862764002675
4398.67283153455,-6.67519145744283e-05,-6.54210808989599e-05,8.41981858201512e-06,0.00223215591311672,-5.67381059351669e-07,-0.000150084627042346,-4.59362940330893e-05,0.00544089907366443
4429.17828045629,-6.58385772738476e-05,-6.49169618018704e-05,8.30568129271668e-06,0.00221675889062183,-5.59673542572285e-07,-0.00014904960933838,-4.53057172825603e-05,0.00540343025897952
4459.89528919383,-6.49376964246693e-05,-6.44174089066531e-05,8.19307154393513e-06,0.00220146838942381,-5.52069624678782e-07,-0.000148021747311862,-4.46837965021222e-05,0.00536621940900456
4490.82532494586,-6.40491032379037e-05,-6.3922368464121e-05,8.08196943214121e-06,0.00218628366617459,-5.4456794337327e-07,-0.000147000991126699,-4.40704128730567e-05,0.0053292647490377
4521.96986508636,-6.31726311818711e-05,-6.34317875477431e-05,7.97235529817494e-06,0.0021712039828422,-5.37167153438197e-07,-0.000145987291301228,-4.34654492075764e-05,0.00529256451655902
4553.33039723509,-6.2308115952829e-05,-6.29456140388673e-05,7.86420972467001e-06,0.0021562286066703,-5.29865926545634e-07,-0.00014498059870555,-4.28687899264424e-05,0.00525611696114751
4584.90841932869,-6.14553954459545e-05,-6.24637966122257e-05,7.75751353349212e-06,0.00214135681013791,-5.22662951067959e-07,-0.000143980864558887,-4.22803210368844e-05,0.00521992034439854
4616.7054396922,-6.06143097266872e-05,-6.19862847217181e-05,7.65224778319243e-06,0.00212658787091961,-5.15556931890031e-07,-0.000142988040426963,-4.16999301108289e-05,0.00518397293984197
4648.72297711114,-5.97847010024211e-05,-6.1513028586466e-05,7.548393766476e-06,0.00211192107184598,-5.08546590222812e-07,-0.000142002078219403,-4.11275062634214e-05,0.00514827303286063
4680.96256090399,-5.89664135945479e-05,-6.10439791771358e-05,7.44593300768592e-06,0.00209735570086451,-5.01630663418474e-07,-0.000141022930187158,-4.05629401318469e-05,0.0051128189206096
4713.42573099534,-5.81592939108427e-05,-6.05790882025211e-05,7.34484726030289e-06,0.00208289105100077,-4.94807904786978e-07,-0.000140050548919953,-4.00061238544389e-05,0.00507760891193579
4746.11403798933,-5.73631904181936e-05,-6.01183080963835e-05,7.24511850446122e-06,0.00206852642031991,-4.88077083414167e-07,-0.00013908488734375,-3.94569510500766e-05,0.00504264132729822
4779.02904324382,-5.65779536156658e-05,-5.96615920045439e-05,7.14672894448081e-06,0.00205426111188853,-4.8143698398133e-07,-0.00013812589871824,-3.89153167978627e-05,0.00500791449868871
4812.17231894485,-5.58034360079032e-05,-5.92088937722217e-05,7.049661006416e-06,0.0020400944337369,-4.74886406586295e-07,-0.000137173536634353,-3.83811176170832e-05,0.00497342676955325
4845.54544818188,-5.50394920788566e-05,-5.8760167931614e-05,6.95389733562102e-06,0.00202602569882145,-4.68424166566018e-07,-0.000136227755011787,-3.7854251447439e-05,0.00493917649471375
4879.1500250233,-5.42859782658412e-05,-5.83153696897142e-05,6.85942079433258e-06,0.00201205422498762,-4.62049094320694e-07,-0.00013528850809656,-3.73346176295507e-05,0.00490516204029036
4912.98765459257,-5.3542752933917e-05,-5.78744549163621e-05,6.76621445926972e-06,0.00199817933493303,-4.55760035139384e-07,-0.000134355750458583,-3.6822116885731e-05,0.00487138178362441
4947.05995314498,-5.28096763505866e-05,-5.74373801325219e-05,6.67426161925088e-06,0.00198440035617095,-4.4955584902716e-07,-0.000133429436989254,-3.63166513010193e-05,0.00483783411320169
4981.36854814472,-5.20866106608122e-05,-5.70041024987854e-05,6.58354577282892e-06,0.00197071662099408,-4.43435410533786e-07,-0.000132509522899066,-3.58181243044791e-05,0.00480451742857643
5015.91507834275,-5.13734198623419e-05,-5.6574579804092e-05,6.49405062594348e-06,0.00195712746643868,-4.37397608583906e-07,-0.000131595963715245,-3.53264406507491e-05,0.00477143014029559
5050.70119385496,-5.06699697813483e-05,-5.61487704546669e-05,6.4057600895917e-06,0.00194363223424898,-4.31441346308782e-07,-0.000130688715279397,-3.48415064018505e-05,0.00473857066982389
5085.72855624109,-4.99761280483693e-05,-5.57266334631675e-05,6.31865827751644e-06,0.00193023027084186,-4.25565540879534e-07,-0.000129787733745182,-3.4363228909241e-05,0.0047059374494691
5120.998838584,-4.92917640745545e-05,-5.53081284380386e-05,6.23272950391338e-06,0.0019169209272719,-4.19769123341938e-07,-0.000128892975576009,-3.38915167961184e-05,0.00467352892230806
5156.51372556965,-4.86167490282072e-05,-5.48932155730686e-05,6.14795828115565e-06,0.00190370355919664,-4.14051038452715e-07,-0.000128004397542736,-3.34262799399633e-05,0.00464134354211302
5192.27491356752,-4.79509558116248e-05,-5.44818556371469e-05,6.06432931753747e-06,0.00189057752684224,-4.08410244517383e-07,-0.00012712195672141,-3.29674294553249e-05,0.00460937977327858
5228.28411071172,-4.7294259038228e-05,-5.40740099642134e-05,5.98182751503585e-06,0.00187754219496935,-4.028457132296e-07,-0.000126245610491007,-3.25148776768403e-05,0.00457763609074906
5264.54303698245,-4.66465350099825e-05,-5.36696404434022e-05,5.90043796709111e-06,0.00186459693283928,-3.97356429512056e-07,-0.000125375316531202,-3.20685381424888e-05,0.00454611097994643
5301.0534242883,-4.60076616951024e-05,-5.32687095093699e-05,5.82014595640586e-06,0.00185174111418047,-3.91941391358862e-07,-0.000124511032820151,-3.16283255770748e-05,0.00451480293669861
5337.81701654885,-4.53775187060392e-05,-5.28711801328104e-05,5.74093695276285e-06,0.00183897411715527,-3.86599609679479e-07,-0.000123652717632296,-3.11941558759379e-05,0.00448371046716843
5374.83556977805,-4.47559872777466e-05,-5.24770158111477e-05,5.66279661086128e-06,0.0018262953243269,-3.81330108144133e-07,-0.000122800329536183,-3.07659460888862e-05,0.00445283208778284
5412.11085216805,-4.41429502462243e-05,-5.20861805594069e-05,5.58571076817232e-06,0.00181370412262683,-3.76131923030765e-07,-0.000121953827392305,-3.0343614404351e-05,0.00442216632516282
5449.64464417369,-4.35382920273309e-05,-5.16986389012578e-05,5.50966544281298e-06,0.00180119990332231,-3.71004103073466e-07,-0.000121113170350952,-2.99270801337574e-05,0.00439171171605359
5487.43873859751,-4.29418985958697e-05,-5.1314355860229e-05,5.43464683143926e-06,0.00178878206198421,-3.65945709312427e-07,-0.000120278317850087,-2.95162636961113e-05,0.00436146680725544
5525.49494067543,-4.23536574649378e-05,-5.09332969510873e-05,5.36064130715781e-06,0.00177644999845515,-3.60955814945368e-07,-0.000119449229613241,-2.91110866027958e-05,0.00433143015555485
5563.81506816292,-4.17734576655412e-05,-5.05554281713828e-05,5.2876354174568e-06,0.00176420311681789,-3.56033505180482e-07,-0.000118625865647412,-2.87114714425786e-05,0.00430160032765627
5602.40095142188,-4.12011897264667e-05,-5.01807159931511e-05,5.21561588215529e-06,0.00175204082536393,-3.51177877090824e-07,-0.000117808186240997,-2.83173418668228e-05,0.00427197590011419
5641.254433508,-4.06367456544147e-05,-4.98091273547759e-05,5.14456959137193e-06,0.00173996253656247,-3.46388039470226e-07,-0.000116996151961731,-2.7928622574903e-05,0.00424255545926581
5680.37737025889,-4.00800189143826e-05,-4.94406296530024e-05,5.07448360351206e-06,0.00172796766702947,-3.41663112690639e-07,-0.000116189723654645,-2.75452392998192e-05,0.00421333760116402
5719.77163038263,-3.95309044103022e-05,-4.90751907351045e-05,5.00534514327411e-06,0.00171605563749717,-3.37002228560974e-07,-0.000115388862440041,-2.71671187940103e-05,0.00418432093151099
5759.43909554709,-3.89892984659226e-05,-4.87127788911976e-05,4.93714159967443e-06,0.00170422587278366,-3.32404530187378e-07,-0.000114593529711481,-2.67941888153604e-05,0.00415550406559204
5799.38166046975,-3.84550988059409e-05,-4.83533628466985e-05,4.86986052409122e-06,0.00169247780176286,-3.27869171834977e-07,-0.000113803687133796,-2.64263781133993e-05,0.00412688562821016
5839.60123300829,-3.79282045373726e-05,-4.79969117549266e-05,4.80348962832706e-06,0.00168081085733462,-3.23395318791049e-07,-0.000113019296641109,-2.60636164156896e-05,0.00409846425362074
5880.09973425162,-3.7408516131164e-05,-4.76433951898448e-05,4.73801678269023e-06,0.00166922447639514,-3.18982147229652e-07,-0.000112240320434872,-2.57058344144038e-05,0.00407023858546694
5920.87909861173,-3.68959354040388e-05,-4.72927831389372e-05,4.67343001409466e-06,0.00165771809980762,-3.14628844077653e-07,-0.000111466720981921,-2.53529637530827e-05,0.00404220727671536
5961.94127391598,-3.63903655005804e-05,-4.69450459962218e-05,4.6097175041786e-06,0.00164629117237315,-3.1033460688221e-07,-0.000110698461012545,-2.50049370135778e-05,0.00401436898959226
6003.28822150028,-3.58917108755438e-05,-4.66001545553929e-05,4.54686758744171e-06,0.00163494314280178,-3.06098643679633e-07,-0.000109935503518575,-2.46616877031713e-05,0.00398672239552012
6044.92191630263,-3.53998772763967e-05,-4.62580800030945e-05,4.4848687494009e-06,0.00162367346368393,-3.01920172865679e-07,-0.000109177811751477,-2.43231502418742e-05,0.00395926617505465
6086.84434695757,-3.49147717260847e-05,-4.5918793912319e-05,4.42370962476433e-06,0.00161248159146193,-2.97798423067216e-07,-0.000108425349220475,-2.39892599498972e-05,0.00393199901782225
6129.05751589107,-3.44363025060216e-05,-4.558226823593e-05,4.36337899562404e-06,0.00160136698640185,-2.93732633015294e-07,-0.000107678079690679,-2.36599530352954e-05,0.00390491962245792
6171.56343941625,-3.39643791392966e-05,-4.52484753003071e-05,4.30386578966675e-06,0.00159032911256555,-2.89722051419577e-07,-0.000106935967181225,-2.33351665817808e-05,0.00387802669654348
6214.36414782964,-3.34989123741021e-05,-4.49173877991097e-05,4.24515907840298e-06,0.00157936743778292,-2.85765936844157e-07,-0.000106198975963443,-2.30148385367036e-05,0.00385131895654635
6257.46168550822,-3.30398141673735e-05,-4.45889787871569e-05,4.18724807541413e-06,0.00156848143362439,-2.81863557584713e-07,-0.000105467070559026,-2.26989076991969e-05,0.00382479512775863
6300.85811100697,-3.25869976686434e-05,-4.42632216744241e-05,4.13012213461803e-06,0.00155767057537365,-2.78014191547037e-07,-0.000104740215738219,-2.23873137084859e-05,0.00379845394423667
6344.55549715731,-3.21403772041036e-05,-4.39400902201491e-05,4.07377074855192e-06,0.00154693434200055,-2.74217126126881e-07,-0.000104018376518024,-2.20799970323557e-05,0.00377229414874098
6388.55593116599,-3.16998682608759e-05,-4.36195585270513e-05,4.01818354667388e-06,0.00153627221613424,-2.7047165809115e-07,-0.000103301518160416,-2.17768989557791e-05,0.00374631449267666
6432.86151471492,-3.12653874714852e-05,-4.3301601035656e-05,3.9633502936816e-06,0.00152568368403657,-2.66777093460408e-07,-0.000102589606170571,-2.14779615696989e-05,0.00372051373603405
6477.47436406142,-3.08368525985372e-05,-4.29861925187277e-05,3.90926088784921e-06,0.00151516823557565,-2.63132747392697e-07,-0.000101882606295117,-2.11831277599656e-05,0.00369489064733001
6522.39661013943,-3.04141825195931e-05,-4.26733080758041e-05,3.85590535938143e-06,0.00150472536419959,-2.59537944068658e-07,-0.000101180484520386,-2.08923411964257e-05,0.00366944400354938
6567.63039866118,-2.99972972122436e-05,-4.23629231278351e-05,3.80327386878549e-06,0.00149435456691055,-2.55992016577945e-07,-0.00010048320707069,-2.06055463221609e-05,0.00364417259008704
6613.17789021977,-2.95861177393756e-05,-4.20550134119184e-05,3.75135670526017e-06,0.0014840553442389,-2.52494306806914e-07,-9.97907404066055e-05,-2.03226883428738e-05,0.00361907520069014
6659.0412603923,-2.9180566234633e-05,-4.17495549761363e-05,3.70014428510243e-06,0.00147382720021762,-2.49044165327593e-07,-9.91030512232718e-05,-2.00437132164207e-05,0.00359415063740096
6705.22269984387,-2.87805658880657e-05,-4.14465241744851e-05,3.64962715013095e-06,0.00146366964235694,-2.45640951287899e-07,-9.8420106448703e-05,-1.97685676424863e-05,0.00356939771049998
6751.7244144321,-2.83860409319679e-05,-4.11458976619021e-05,3.59979596612702e-06,0.00145358218161911,-2.42284032303128e-07,-9.77418732421145e-05,-1.94971990524019e-05,0.00354481523844941
6798.54862531261,-2.79969166268998e-05,-4.08476523893816e-05,3.55064152129214e-06,0.00144356433239342,-2.38972784348658e-07,-9.70683189922592e-05,-1.92295555991022e-05,0.00352040204783708
6845.69756904508,-2.76131192478934e-05,-4.05517655991838e-05,3.50215472472267e-06,0.00143361561247138,-2.35706591653904e-07,-9.63994113157795e-05,-1.89655861472202e-05,0.00349615697332076
6893.17349769999,-2.72345760708395e-05,-4.02582148201316e-05,3.45432660490116e-06,0.00142373554302216,-2.32484846597486e-07,-9.57351180555714e-05,-1.87052402633186e-05,0.0034720788575728
6940.97867896634,-2.68612153590509e-05,-3.99669778629933e-05,3.40714830820422e-06,0.00141392364856811,-2.29306949603603e-07,-9.50754072791594e-05,-1.84484682062539e-05,0.00344816655122513
6989.11539625983,-2.64929663500048e-05,-3.96780328159532e-05,3.36061109742705e-06,0.00140417945696062,-2.26172309039609e-07,-9.44202472770869e-05,-1.8195220917675e-05,0.00342441891281477
7037.58594883204,-2.61297592422562e-05,-3.93913580401628e-05,3.31470635032418e-06,0.00139450249935602,-2.23080341114782e-07,-9.37696065613157e-05,-1.79454500126494e-05,0.00340083480872951
7086.39265188015,-2.5771525182526e-05,-3.91069321653765e-05,3.26942555816669e-06,0.00138489231019178,-2.20030469780262e-07,-9.31234538636412e-05,-1.76991077704208e-05,0.00337741311315412
7135.53783665763,-2.54181962529559e-05,-3.88247340856658e-05,3.22476032431534e-06,0.00137534842716283,-2.17022126630164e-07,-9.24817581341167e-05,-1.74561471252916e-05,0.00335415270801684
7185.02385058548,-2.50697054585338e-05,-3.85447429552142e-05,3.18070236280993e-06,0.00136587039119812,-2.14054750803849e-07,-9.1844488539492e-05,-1.72165216576315e-05,0.0033310524829363
7234.85305736446,-2.47259867146818e-05,-3.82669381841875e-05,3.13724349697437e-06,0.00135645774643727,-2.11127788889334e-07,-9.12116144616622e-05,-1.69801855850089e-05,0.00330811133516872
7285.02783708791,-2.43869748350103e-05,-3.79912994346818e-05,3.09437565803772e-06,0.00134711004020752,-2.0824069482785e-07,-9.05831054961303e-05,-1.67470937534452e-05,0.00328532816955554
7335.55058635552,-2.40526055192308e-05,-3.7717806616744e-05,3.0520908837707e-06,0.00133782682300079,-2.05392929819511e-07,-8.99589314504792e-05,-1.65172016287873e-05,0.00326270189847137
7386.42371838768,-2.37228153412307e-05,-3.74464398844667e-05,3.01038131713782e-06,0.00132860764845089,-2.02583962230116e-07,-8.9339062342858e-05,-1.62904652882004e-05,0.0032402314417723
7437.64966314091,-2.33975417373025e-05,-3.71771796321535e-05,2.9692392049649e-06,0.001319452073311,-1.99813267499041e-07,-8.87234684004769e-05,-1.6066841411776e-05,0.00321791572674456
7489.23086742376,-2.30767229945311e-05,-3.69100064905555e-05,2.92865689662183e-06,0.00131035965743122,-1.97080328048232e-07,-8.81121200581167e-05,-1.58462872742564e-05,0.00319575368805358
7541.16979501382,-2.27602982393322e-05,-3.6644901323175e-05,2.88862684272049e-06,0.00130132996373636,-1.94384633192286e-07,-8.75049879566463e-05,-1.56287607368718e-05,0.00317374426769328
7593.46892677528,-2.24482074261438e-05,-3.63818452226382e-05,2.84914159382764e-06,0.0012923625582039,-1.91725679049592e-07,-8.6902042941555e-05,-1.54142202392902e-05,0.00315188641493583
7646.13076077758,-2.21403913262656e-05,-3.61208195071328e-05,2.81019379919278e-06,0.00128345700984208,-1.89102968454556e-07,-8.63032560614919e-05,-1.52026247916768e-05,0.00313017908628168
7699.15781241454,-2.18367915168477e-05,-3.5861805716911e-05,2.77177620549067e-06,0.0012746128906682,-1.86516010870858e-07,-8.57085985668208e-05,-1.49939339668636e-05,0.00310862124540996
7752.55261452471,-2.15373503700231e-05,-3.56047856108557e-05,2.73388165557853e-06,0.00126582977568702,-1.83964322305763e-07,-8.51180419081821e-05,-1.47881078926256e-05,0.00308721186312918
7806.31771751215,-2.12420110421862e-05,-3.53497411631096e-05,2.69650308726774e-06,0.00125710724286944,-1.81447425225467e-07,-8.45315577350679e-05,-1.45851072440634e-05,0.00306594991732836
7860.45568946846,-2.09507174634113e-05,-3.50966545597642e-05,2.65963353210982e-06,0.00124844487313125,-1.78964848471453e-07,-8.39491178944071e-05,-1.43848932360903e-05,0.00304483439292834
7914.96911629522,-2.06634143270128e-05,-3.48455081956104e-05,2.62326611419685e-06,0.00123984225031204,-1.76516127177871e-07,-8.33706944291611e-05,-1.41874276160223e-05,0.00302386428183358
7969.86060182773,-2.03800470792428e-05,-3.45962846709463e-05,2.58739404897566e-06,0.00123129896115433,-1.74100802689912e-07,-8.27962595769304e-05,-1.39926726562702e-05,0.00300303858288418
8025.13276795918,-2.01005619091262e-05,-3.43489667884434e-05,2.55201064207641e-06,0.00122281459528284,-1.71718422483177e-07,-8.22257857685714e-05,-1.38005911471317e-05,0.00298235630180829
8080.78825476607,-1.98249057384301e-05,-3.41035375500691e-05,2.51710928815463e-06,0.00121438874518388,-1.69368540084024e-07,-8.16592456268233e-05,-1.36111463896825e-05,0.00296181645117479
8136.82972063413,-1.95530262117669e-05,-3.38599801540651e-05,2.48268346974727e-06,0.00120602100618492,-1.67050714990893e-07,-8.10966119649467e-05,-1.34243021887651e-05,0.00294141805034635
8193.25984238548,-1.9284871686828e-05,-3.36182779919789e-05,2.44872675614215e-06,0.00119771097643434,-1.6476451259658e-07,-8.05378577853698e-05,-1.32400228460736e-05,0.00292116012543277
8250.08131540631,-1.90203912247488e-05,-3.33784146457502e-05,2.41523280226097e-06,0.00118945825688132,-1.62509504111476e-07,-7.99829562783482e-05,-1.30582731533339e-05,0.00290104170924466
8307.29685377578,-1.87595345806e-05,-3.3140373884848e-05,2.38219534755558e-06,0.00118126245125585,-1.6028526648774e-07,-7.9431880820631e-05,-1.28790183855767e-05,0.0028810618412474
8364.90919039556,-1.8502252194007e-05,-3.29041396634602e-05,2.34960821491757e-06,0.00117312316604892,-1.58091382344402e-07,-7.88846049741403e-05,-1.27022242945036e-05,0.00286121956751552
8422.92107712043,-1.82484951798931e-05,-3.26696961177326e-05,2.31746530960076e-06,0.00116504001049287,-1.5592743989339e-07,-7.83411024846575e-05,-1.2527857101944e-05,0.00284151394068718
8481.33528488963,-1.79982153193464e-05,-3.24370275630578e-05,2.28576061815678e-06,0.00115701259654189,-1.53793032866472e-07,-7.78013472805225e-05,-1.23558834934018e-05,0.00282194401991923
8540.15460385936,-1.77513650506082e-05,-3.22061184914116e-05,2.25448820738339e-06,0.00114904053885259,-1.51687760443092e-07,-7.7265313471339e-05,-1.21862706116901e-05,0.00280250887084236
8599.38184353586,-1.75078974601819e-05,-3.1976953568738e-05,2.22364222328556e-06,0.00114112345476485,-1.4961122717911e-07,-7.67329753466937e-05,-1.20189860506549e-05,0.00278320756551665
8659.01983290984,-1.72677662740595e-05,-3.17495176323793e-05,2.19321689004895e-06,0.0011332609642827,-1.47563042936408e-07,-7.62043073748803e-05,-1.18539978489827e-05,0.00276403918238745
8719.07142059136,-1.70309258490663e-05,-3.15237956885533e-05,2.16320650902612e-06,0.00112545269005541,-1.45542822813393e-07,-7.56792842016376e-05,-1.16912744840953e-05,0.00274500280624146
8779.53947494611,-1.67973311643201e-05,-3.12997729098737e-05,2.1336054577347e-06,0.00111769825735868,-1.43550187076336e-07,-7.5157880648893e-05,-1.15307848661265e-05,0.00272609752816321
8840.42688423224,-1.65669378128051e-05,-3.10774346329153e-05,2.10440818886802e-06,0.00110999729407601,-1.41584761091592e-07,-7.46400717135185e-05,-1.13724983319831e-05,0.00270732244549182
8901.73655673848,-1.63397019930575e-05,-3.08567663558222e-05,2.07560922931766e-06,0.00110234943068015,-1.39646175258645e-07,-7.41258325660934e-05,-1.12163846394862e-05,0.00268867666177797
8963.47142092288,-1.61155805009636e-05,-3.06377537359577e-05,2.04720317920801e-06,0.00109475430021479,-1.37734064944e-07,-7.36151385496779e-05,-1.10624139615934e-05,0.00267015928674129
9025.63442555289,-1.58945307216654e-05,-3.04203825875955e-05,2.01918471094252e-06,0.00108721153827627,-1.35848070415896e-07,-7.31079651785948e-05,-1.09105568807007e-05,0.00265176943622796
9088.228539846,-1.56765106215768e-05,-3.02046388796527e-05,1.99154856826186e-06,0.00107972078299552,-1.33987836779844e-07,-7.26042881372211e-05,-1.07607843830217e-05,0.00263350623216862
9151.25675361174,-1.54614787405044e-05,-2.99905087334607e-05,1.96428956531337e-06,0.00107228167502007,-1.32153013914962e-07,-7.21040832787869e-05,-1.06130678530448e-05,0.00261536880253653
9214.72207739435,-1.52493941838755e-05,-2.97779784205765e-05,1.9374025857322e-06,0.00106489385749625,-1.30343256411117e-07,-7.16073266241856e-05,-1.04673790680662e-05,0.00259735628130613
9278.6275426167,-1.50402166150686e-05,-2.95670343606321e-05,1.91088258173361e-06,0.00105755697605145,-1.28558223506858e-07,-7.111399436079e-05,-1.03236901927974e-05,0.00257946780841174
9342.97620172496,-1.48339062478478e-05,-2.93576631192208e-05,1.88472457321658e-06,0.00105027067877662,-1.26797579028128e-07,-7.06240628412799e-05,-1.01819737740479e-05,0.00256170252970667
9407.77112833456,-1.46304238388978e-05,-2.91498514058211e-05,1.8589236468784e-06,0.00104303461620877,-1.25060991327745e-07,-7.01375085824761e-05,-1.00422027354796e-05,0.00254405959692246
9473.0154173768,-1.44297306804594e-05,-2.89435860717563e-05,1.83347495534034e-06,0.00103584844131371,-1.23348133225657e-07,-6.96543082641846e-05,-9.90435037243427e-06,0.00252653816762858
9538.71218524687,-1.42317885930628e-05,-2.87388541081894e-05,1.80837371628408e-06,0.00102871180946887,-1.2165868194994e-07,-6.91744387280478e-05,-9.76839034683118e-06,0.00250913740519228
9604.86456995261,-1.40365599183596e-05,-2.85356426441532e-05,1.78361521159887e-06,0.00102162437844622,-1.19992319078556e-07,-6.86978769764057e-05,-9.63429668213527e-06,0.00249185647873871
9671.47573126437,-1.38440075120503e-05,-2.83339389446142e-05,1.7591947865394e-06,0.00101458580839541,-1.18348730481834e-07,-6.82246001711643e-05,-9.50204375839439e-06,0.00247469456311143
9738.54885086602,-1.3654094736906e-05,-2.813373040857e-05,1.73510784889401e-06,0.00100759576182689,-1.16727606265693e-07,-6.77545856326724e-05,-9.37160630734427e-06,0.00245765083883301
9806.08713250685,-1.34667854558853e-05,-2.79350045671794e-05,1.71134986816343e-06,0.00100065390359533,-1.15128640715584e-07,-6.72878108386078e-05,-9.24295940758119e-06,0.00244072449206612
9874.09380215466,-1.32820440253421e-05,-2.77377490819248e-05,1.68791637474971e-06,0.000993759900882979,-1.13551532241138e-07,-6.68242534228692e-05,-9.11607847980044e-06,0.00242391471457464
9942.57210814976,-1.30998352883255e-05,-2.75419517428064e-05,1.66480295915528e-06,0.000986913423183329,-1.11995983321527e-07,-6.63638911744796e-05,-8.99093928210058e-06,0.00240722070368528
10011.5253213603,-1.29201245679692e-05,-2.73476004665667e-05,1.64200527119211e-06,0.000980114142284737,-1.10461700451516e-07,-6.5906702036494e-05,-8.86751790535166e-06,0.00239064166224926
10080.9567353381,-1.27428776609706e-05,-2.71546832949458e-05,1.61951901920079e-06,0.000973361732254279,-1.08948394088205e-07,-6.54526641049186e-05,-8.74579076862762e-06,0.00237417679860438
10150.8696664767,-1.25680608311558e-05,-2.69631883929669e-05,1.59733996927937e-06,0.00096665586942167,-1.07455778598455e-07,-6.50017556276346e-05,-8.62573461470074e-06,0.00235782532653729
10221.267454169,-1.23956408031334e-05,-2.677310404725e-05,1.575463944522e-06,0.000959996232363322,-1.05983572206981e-07,-6.45539550033331e-05,-8.50732650559852e-06,0.00234158646524607
10292.1534609671,-1.22255847560317e-05,-2.65844186643551e-05,1.55388682426705e-06,0.000953382501886507,-1.04531496945112e-07,-6.41092407804544e-05,-8.39054381822105e-06,0.00232545943930298
10363.5310727429,-1.20578603173213e-05,-2.63971207691537e-05,1.53260454335483e-06,0.000946814361013652,-1.03099278600206e-07,-6.36675916561382e-05,-8.27536424001902e-06,0.00230944347861755
10435.4036988501,-1.18924355567201e-05,-2.62111990032266e-05,1.51161309139464e-06,0.000940291494966728,-1.01686646665717e-07,-6.3228986475179e-05,-8.16176576473056e-06,0.00229353781839988
10507.7747722864,-1.17292789801812e-05,-2.60266421232904e-05,1.49090851204109e-06,0.00093381359115178,-1.00293334291904e-07,-6.27934042289906e-05,-8.04972668817706e-06,0.00227774169912423
10580.647749858,-1.15683595239607e-05,-2.58434389996496e-05,1.47048690227957e-06,0.000927380339143542,-9.89190782371643e-08,-6.23608240545769e-05,-7.9392256041163e-06,0.00226205436649278
10654.0261123446,-1.14096465487662e-05,-2.56615786146748e-05,1.45034441172088e-06,0.000920991430670189,-9.75636188200087e-08,-6.1931225233512e-05,-7.83024140015287e-06,0.00224647507139972
10727.9133646656,-1.12531098339839e-05,-2.54810500613068e-05,1.43047724190469e-06,0.000914646559598184,-9.62266998716391e-08,-6.15045871909252e-05,-7.72275325370434e-06,0.00223100306989554
10802.3130360475,-1.10987195719834e-05,-2.53018425415857e-05,1.41088164561193e-06,0.000908345421917247,-9.49080686891502e-08,-6.10808894944956e-05,-7.61674062802326e-06,0.00221563762315163
10877.2286801926,-1.09464463624991e-05,-2.51239453652042e-05,1.39155392618592e-06,0.000902087715725422,-9.36074759893258e-08,-6.06601118534526e-05,-7.51218326827321e-06,0.00220037799742499
10952.6638754485,-1.07962612070879e-05,-2.49473479480859e-05,1.37249043686219e-06,0.000895873141214268,-9.23246758630399e-08,-6.02422341175848e-05,-7.4090611976593e-06,0.00218522346402331
11028.6222249794,-1.06481355036609e-05,-2.4772039810986e-05,1.35368758010672e-06,0.000889701400654142,-9.10594257302396e-08,-5.98272362762543e-05,-7.30735471361125e-06,0.00217017329927027
11105.1073569377,-1.05020410410896e-05,-2.45980105781169e-05,1.33514180696283e-06,0.000883572198379605,-8.98114862955176e-08,-5.94150984574202e-05,-7.20704438401935e-06,0.00215522678447098
11182.1229246378,-1.03579499938842e-05,-2.4425249975795e-05,1.31684961640625e-06,0.000877485240774919,-8.85806215042537e-08,-5.90058009266675e-05,-7.10811104352158e-06,0.00214038320587779
11259.6726067303,-1.02158349169445e-05,-2.42537478311112e-05,1.29880755470854e-06,0.000871440236259663,-8.73665984993308e-08,-5.85993240862444e-05,-7.01053578984225e-06,0.00212564185465624
11337.7601073777,-1.00756687403805e-05,-2.4083494070622e-05,1.2810122148086e-06,0.000865436895274443,-8.61691875784063e-08,-5.81956484741048e-05,-6.91429998018032e-06,0.0021110020268513
11416.3891564316,-9.93742476440439e-06,-2.39144787190636e-05,1.26346023569234e-06,0.000859474930266716,-8.49881621517447e-08,-5.77947547629598e-05,-6.81938522764788e-06,0.0020964630233538
11495.5635096105,-9.80107665429002e-06,-2.37466918980862e-05,1.2461483017802e-06,0.000853554055676704,-8.38232987005919e-08,-5.73966237593342e-05,-6.72577339775696e-06,0.00208202414986707
11575.2869486794,-9.66659843540176e-06,-2.35801238250093e-05,1.22907314232265e-06,0.000847673987923427,-8.26743767360965e-08,-5.70012364026312e-05,-6.63344660495505e-06,0.00206768471687395
11655.5632816306,-9.53396448828955e-06,-2.34147648115971e-05,1.21223153080336e-06,0.000841834445390817,-8.15411787587607e-08,-5.66085737642021e-05,-6.54238720920777e-06,0.00205344403960379
11736.3963428651,-9.40314954385094e-06,-2.32506052628547e-05,1.19562028435015e-06,0.000836035148413958,-8.04234902184238e-08,-5.62186170464256e-05,-6.45257781262882e-06,0.00203930143799993
11817.7899933763,-9.27412867855789e-06,-2.30876356758428e-05,1.1792362631535e-06,0.000830275819265394,-7.93210994747633e-08,-5.58313475817898e-05,-6.36400125615579e-06,0.00202525623668719
11899.7481209338,-9.1468773097488e-06,-2.29258466385126e-05,1.16307636989252e-06,0.000824556182141575,-7.82337977583165e-08,-5.54467468319848e-05,-6.27664061627207e-06,0.00201130776493973
11982.2746402699,-9.02137119098342e-06,-2.27652288285587e-05,1.14713754916841e-06,0.000818875963149355,-7.71613791320032e-08,-5.50647963869985e-05,-6.19047920177324e-06,0.00199745535664902
12065.3734932659,-8.89758640746139e-06,-2.26057730122918e-05,1.13141678694519e-06,0.000813234890292636,-7.61036404531606e-08,-5.46854779642214e-05,-6.10550055057834e-06,0.00198369835029218
12149.0486491407,-8.77549937150197e-06,-2.24474700435277e-05,1.11591110999767e-06,0.000807632693459065,-7.50603813360654e-08,-5.43087734075558e-05,-6.02168842658447e-06,0.0019700360889003
12233.3041046402,-8.65508681808572e-06,-2.22903108624964e-05,1.10061758536662e-06,0.000802069104406863,-7.40314041149543e-08,-5.39346646865333e-05,-5.93902681656502e-06,0.00195646792002728
12318.1438842285,-8.53632580045575e-06,-2.21342864947665e-05,1.08553331982088e-06,0.00079654385675172,-7.30165138075215e-08,-5.35631338954365e-05,-5.85749992710995e-06,0.00194299319571856
12403.5720402798,-8.4191936857792e-06,-2.19793880501888e-05,1.07065545932663e-06,0.000791056685953809,-7.2015518078901e-08,-5.31941632524294e-05,-5.77709218160862e-06,0.00192961127248037
12489.5926532723,-8.30366815086687e-06,-2.18256067218551e-05,1.05598118852337e-06,0.00078560732930487,-7.10282272061149e-08,-5.28277350986918e-05,-5.69778821727356e-06,0.00191632151124895
12576.2098319827,-8.18972717795133e-06,-2.16729337850749e-05,1.04150773020683e-06,0.000780195525915411,-7.00544540429943e-08,-5.24638318975617e-05,-5.6195728822055e-06,0.00190312327736012
12663.427713683,-8.07734905052172e-06,-2.15213605963673e-05,1.02723234481853e-06,0.000774821016701977,-6.90940139855551e-08,-5.21024362336818e-05,-5.54243123249826e-06,0.00189001594051901
12751.2504643373,-7.96651234921548e-06,-2.13708785924694e-05,1.01315232994206e-06,0.00076948354437454,-6.8146724937833e-08,-5.17435308121549e-05,-5.46634852938387e-06,0.00187699887477001
12839.6822788018,-7.8571959477652e-06,-2.12214792893608e-05,9.99265019805807e-07,0.000764182853423939,-6.72124072781646e-08,-5.13870984577023e-05,-5.39131023641637e-06,0.00186407145846691
12928.7273810244,-7.74937900900098e-06,-2.10731542813023e-05,9.85567784792303e-07,0.00075891869010946,-6.62908838259145e-08,-5.10331221138307e-05,-5.31730201669477e-06,0.00185123307424326
13018.3900242466,-7.64304098090635e-06,-2.09258952398907e-05,9.7205803095385e-07,0.000753690802446455,-6.53819798086375e-08,-5.06815848420032e-05,-5.24430973012362e-06,0.00183848310898295
13108.6744912069,-7.5381615927283e-06,-2.07796939131282e-05,9.58733199534558e-07,0.000748498940194095,-6.44855228296766e-08,-5.03324698208177e-05,-5.17231943071168e-06,0.00182582095379093
13199.5850943454,-7.43472085113946e-06,-2.06345421245058e-05,9.45590766498557e-07,0.00074334285484317,-6.36013428361849e-08,-4.99857603451899e-05,-5.10131736390723e-06,0.00181324600396421
13291.1261760091,-7.33269903645281e-06,-2.0490431772102e-05,9.32628242064432e-07,0.000738222299604016,-6.27292720875715e-08,-4.96414398255432e-05,-5.03128996397035e-06,0.00180075765896301
13383.3021086605,-7.23207669888733e-06,-2.03473548276945e-05,9.19843170245715e-07,0.000733137029394493,-6.18691451243618e-08,-4.92994917870036e-05,-4.96222385138092e-06,0.00178835532238211
13476.1172950852,-7.13283465488463e-06,-2.02053033358864e-05,9.07233128397407e-07,0.000728086800828071,-6.10207987374701e-08,-4.89598998686005e-05,-4.89410583028243e-06,0.00177603840192241
13569.576168603,-7.03495398347542e-06,-2.00642694132454e-05,8.94795726768445e-07,0.000723071372202002,-6.01840719378787e-08,-4.86226478224738e-05,-4.82692288596087e-06,0.00176380630936271
13663.6831932795,-6.93841602269516e-06,-1.99242452474564e-05,8.8252860806001e-07,0.000718090503485556,-5.93588059267147e-08,-4.82877195130854e-05,-4.760662182358e-06,0.0017516584605316
13758.4428641392,-6.84320236604869e-06,-1.97852230964878e-05,8.70429446989679e-07,0.000713143956308369,-5.85448440657269e-08,-4.79550989164379e-05,-4.69531105961914e-06,0.00173959427527963
13853.8597073802,-6.74929485902241e-06,-1.96471952877692e-05,8.58495949861236e-07,0.000708231493948849,-5.77420318481488e-08,-4.76247701192971e-05,-4.63085703167421e-06,0.00172761317745167
13949.9382805904,-6.65667559564429e-06,-1.95101542173832e-05,8.46725854140191e-07,0.000703352881322688,-5.69502168699508e-08,-4.72967173184219e-05,-4.5672877838523e-06,0.00171571459485935
14046.6831729655,-6.56532691509013e-06,-1.93740923492681e-05,8.35116928034837e-07,0.000698507884971432,-5.61692488014709e-08,-4.69709248197979e-05,-4.50459117052873e-06,0.00170389795925385
14144.0990055278,-6.47523139833632e-06,-1.92390022144341e-05,8.23666970082854e-07,0.000693696273051156,-5.53989793594232e-08,-4.66473770378777e-05,-4.44275521280471e-06,0.00169216270629874
14242.190431347,-6.38637186485769e-06,-1.91048764101903e-05,8.12373808743305e-07,0.0006889178153212,-5.46392622792748e-08,-4.63260584948259e-05,-4.38176809621843e-06,0.00168050827554309
14340.9621357626,-6.29873136937058e-06,-1.89717075993837e-05,8.01235301994066e-07,0.000684172283133003,-5.38899532879927e-08,-4.60069538197701e-05,-4.32161816848808e-06,0.00166893411039471
14440.4188366077,-6.21229319861982e-06,-1.883948850965e-05,7.90249336934504e-07,0.000679459449418997,-5.31509100771487e-08,-4.5690047748056e-05,-4.26229393728533e-06,0.00165743965809364
14540.5652844341,-6.12704086820968e-06,-1.87082119326753e-05,7.79413829393436e-07,0.000674779088681604,-5.24219922763844e-08,-4.53753251205098e-05,-4.20378406803984e-06,0.00164602436968573
14641.4062627396,-6.04295811947758e-06,-1.85778707234689e-05,7.68726723542224e-07,0.000670130976982284,-5.17030614272264e-08,-4.50627708827034e-05,-4.14607738177353e-06,0.00163468769999651
14742.946588196,-5.96002891641065e-06,-1.84484577996471e-05,7.58185991513017e-07,0.00066551489193069,-5.09939809572516e-08,-4.47523700842268e-05,-4.08916285296487e-06,0.00162342910760514
14845.1911108798,-5.87823744260377e-06,-1.83199661407273e-05,7.4778963302199e-07,0.000660930612673871,-5.02946161545934e-08,-4.44441078779646e-05,-4.03302960744224e-06,0.00161224805481858
14948.1447145032,-5.79756809825949e-06,-1.81923887874336e-05,7.37535674997613e-07,0.000656377919885581,-4.96048341427904e-08,-4.41379695193781e-05,-3.97766692030646e-06,0.00160114400764598
15051.8123166476,-5.71800549722816e-06,-1.80657188410108e-05,7.27422171213775e-07,0.000651856595755633,-4.89245038559659e-08,-4.38339403657919e-05,-3.92306421388155e-06,0.00159011643577316
15156.1988689989,-5.63953446408892e-06,-1.79399494625509e-05,7.17447201927827e-07,0.000647366423979362,-4.82534960143416e-08,-4.35320058756865e-05,-3.86921105569395e-06,0.00157916481253734
15261.3093575835,-5.56214003126981e-06,-1.78150738723271e-05,7.07608873523356e-07,0.000642907189747133,-4.75916831000747e-08,-4.32321516079947e-05,-3.81609715647912e-06,0.001568288614902
15367.1488030065,-5.4858074362076e-06,-1.76910853491398e-05,6.97905318157736e-07,0.000638478679733943,-4.69389393334187e-08,-4.29343632214043e-05,-3.76371236821588e-06,0.00155748732343193
15473.7222606918,-5.41052211854574e-06,-1.75679772296701e-05,6.88334693414318e-07,0.000634080682089085,-4.62951406492003e-08,-4.26386264736641e-05,-3.71204668218734e-06,0.00154676042226843
15581.0348211234,-5.33626971737092e-06,-1.74457429078445e-05,6.78895181959255e-07,0.000629712986425901,-4.56601646736127e-08,-4.2344927220897e-05,-3.66109022706883e-06,0.00153610739910475
15689.0916100885,-5.26303606848681e-06,-1.73243758342077e-05,6.69584991202847e-07,0.00062537538381158,-4.50338907013149e-08,-4.20532514169154e-05,-3.61083326704174e-06,0.00152552774516159
15797.8977889225,-5.1908072017253e-06,-1.72038695153046e-05,6.60402352965427e-07,0.000621067666757066,-4.44161996728408e-08,-4.17635851125438e-05,-3.56126619993355e-06,0.00151502095516284
15907.4585547554,-5.11956933829393e-06,-1.70842175130721e-05,6.51345523147628e-07,0.000616789629206998,-4.38069741523058e-08,-4.14759144549442e-05,-3.51237955538309e-06,0.0015045865273115
16017.7791407599,-5.04930888815982e-06,-1.69654134442382e-05,6.4241278140508e-07,0.000612541066529755,-4.32060983054146e-08,-4.11902256869479e-05,-3.46416399303131e-06,0.0014942239632657
16128.8648164017,-4.98001244746891e-06,-1.68474509797312e-05,6.33602430827389e-07,0.000608321775507548,-4.26134578777608e-08,-4.09065051463908e-05,-3.41661030073657e-06,0.00148393276811494
16240.720887691,-4.91166679600056e-06,-1.67303238440962e-05,6.24912797621426e-07,0.000604131554326597,-4.20289401734178e-08,-4.06247392654543e-05,-3.36970939281469e-06,0.00147371245035649
16353.352697436,-4.84425889465661e-06,-1.66140258149206e-05,6.16342230798771e-07,0.000599970202567364,-4.14524340338149e-08,-4.03449145700097e-05,-3.32345230830296e-06,0.00146356252187191
16466.765625498,-4.7777758829849e-06,-1.64985507222675e-05,6.07889101867393e-07,0.000595837521194873,-4.08838298168976e-08,-4.0067017678969e-05,-3.27783020924815e-06,0.00145348249790376
16580.9650890484,-4.71220507673616e-06,-1.63838924481172e-05,5.99551804527351e-07,0.000591733312549077,-4.03230193765644e-08,-3.97910353036379e-05,-3.23283437901783e-06,0.0014434718970325
16695.9565428276,-4.64753396545463e-06,-1.62700449258164e-05,5.91328754370626e-07,0.000587657380335316,-3.97698960423823e-08,-3.9516954247076e-05,-3.1884562206351e-06,0.00143353024115349
16811.7454794054,-4.58375021010103e-06,-1.61570021395354e-05,5.83218388584887e-07,0.000583609529614818,-3.92243545995698e-08,-3.92447614034589e-05,-3.14468725513594e-06,0.00142365705545417
16928.3374294433,-4.52084164070832e-06,-1.60447581237329e-05,5.75219165661259e-07,0.000579589566795291,-3.86862912692524e-08,-3.89744437574473e-05,-3.10151911994932e-06,0.00141385186839144
17045.737961959,-4.45879625406912e-06,-1.59333069626279e-05,5.67329565105942e-07,0.000575597299621561,-3.81556036889789e-08,-3.87059883835582e-05,-3.05894356729937e-06,0.00140411421166911
17163.9526845917,-4.39760221145488e-06,-1.58226427896796e-05,5.59548087155729e-07,0.000571632537166297,-3.7632190893502e-08,-3.84393824455422e-05,-3.01695246262966e-06,0.00139444362021559
17282.9872438709,-4.33724783636584e-06,-1.57127597870737e-05,5.5187325249726e-07,0.000567695089820775,-3.71159532958143e-08,-3.81746131957644e-05,-2.9755377830489e-06,0.00138483963216167
17402.8473254854,-4.27772161231204e-06,-1.56036521852167e-05,5.44303601990085e-07,0.000563784769285734,-3.66067926684404e-08,-3.79116679745904e-05,-2.93469161579819e-06,0.00137530178881851
17523.5386545551,-4.21901218062418e-06,-1.54953142622366e-05,5.36837696393375e-07,0.000559901388562278,-3.61046121249789e-08,-3.76505342097748e-05,-2.89440615673915e-06,0.00136582963465572
17645.0669959044,-4.16110833829467e-06,-1.53877403434903e-05,5.29474116096333e-07,0.000556044761942853,-3.56093161018931e-08,-3.73911994158567e-05,-2.8546737088629e-06,0.00135642271727963
17767.4381543379,-4.10399903584786e-06,-1.52809248010785e-05,5.22211460852159e-07,0.000552214705002278,-3.51208103405453e-08,-3.7133651193557e-05,-2.81548668081943e-06,0.00134708058741172
17890.6579749169,-4.04767337523951e-06,-1.51748620533664e-05,5.15048349515619e-07,0.000548411034588851,-3.46390018694737e-08,-3.68778772291817e-05,-2.77683758546728e-06,0.00133780279886713
18014.7323432395,-3.99212060778467e-06,-1.50695465645115e-05,5.07983419784086e-07,0.000544633568815502,-3.41637989869055e-08,-3.66238652940276e-05,-2.73871903844292e-06,0.00132858890853344
18139.667185721,-3.93733013211416e-06,-1.49649728439974e-05,5.01015327942084e-07,0.00054088212705103,-3.36951112435077e-08,-3.63716032437943e-05,-2.70112375675005e-06,0.00131943847634945
18265.4684698776,-3.88329149215851e-06,-1.48611354461742e-05,4.94142748609212e-07,0.000537156529911376,-3.32328494253667e-08,-3.61210790179987e-05,-2.66404455736795e-06,0.00131035106528422
18392.1422046107,-3.8299943751598e-06,-1.4758028969805e-05,4.87364374491482e-07,0.00053345659925098,-3.27769255372001e-08,-3.58722806393941e-05,-2.62747435587925e-06,0.0013013262413162
18519.6944404947,-3.77742860971029e-06,-1.46556480576182e-05,4.80678916135957e-07,0.000529782158154182,-3.23272527857913e-08,-3.56251962133933e-05,-2.59140616511624e-06,0.00129236357341251
18648.1312700654,-3.72558416381808e-06,-1.45539873958664e-05,4.74085101688703e-07,0.000526133030926699,-3.18837455636493e-08,-3.53798139274966e-05,-2.55583309382602e-06,0.00128346263350838
18777.4588281112,-3.67445114299892e-06,-1.44530417138904e-05,4.67581676655966e-07,0.000522509043087145,-3.14463194328871e-08,-3.51361220507218e-05,-2.52074834535378e-06,0.00127462299648673
18907.6832919665,-3.62401978839427e-06,-1.43528057836897e-05,4.61167403668562e-07,0.000518910021358627,-3.10148911093177e-08,-3.48941089330407e-05,-2.48614521634426e-06,0.00126584424015783
19038.810881806,-3.57428047491493e-06,-1.42532744194983e-05,4.54841062249432e-07,0.000515335793660389,-3.05893784467645e-08,-3.46537630048176e-05,-2.45201709546101e-06,0.00125712594523921
19170.8478609426,-3.52522370940995e-06,-1.4154442477366e-05,4.486014485843e-07,0.000511786189099515,-3.01697004215823e-08,-3.44150727762526e-05,-2.4183574621232e-06,0.00124846769533561
19303.8005361258,-3.47684012886074e-06,-1.40563048547456e-05,4.4244737529543e-07,0.0005082610379627,-2.9755777117388e-08,-3.41780268368286e-05,-2.38515988525987e-06,0.00123986907691912
19437.6752578439,-3.42912049859956e-06,-1.39588564900851e-05,4.36377671218402e-07,0.000504760171708067,-2.93475297099955e-08,-3.39426138547624e-05,-2.35241802208109e-06,0.00123132967930945
19572.4784206263,-3.38205571055257e-06,-1.38620923624255e-05,4.30391181181907e-07,0.000501283422957051,-2.89448804525557e-08,-3.37088225764592e-05,-2.32012561686623e-06,0.0012228490946543
19708.2164633496,-3.33563678150667e-06,-1.37660074910037e-05,4.24486765790476e-07,0.000497830625486329,-2.85477526608953e-08,-3.34766418259713e-05,-2.28827649976863e-06,0.00121442691790991
19844.8958695448,-3.28985485140021e-06,-1.36705969348604e-05,4.18663301210156e-07,0.000494401614219822,-2.8156070699054e-08,-3.32460605044607e-05,-2.25686458563691e-06,0.00120606274682176
19982.5231677076,-3.24470118163678e-06,-1.35758557924534e-05,4.12919678957042e-07,0.000490996225220736,-2.77697599650169e-08,-3.30170675896645e-05,-2.22588387285219e-06,0.00119775618190529
20121.1049316092,-3.20016715342229e-06,-1.34817792012757e-05,4.07254805688676e-07,0.000487614295683675,-2.73887468766391e-08,-3.27896521353656e-05,-2.19532844218158e-06,0.00118950682642691
20260.6477806113,-3.15624426612458e-06,-1.33883623374781e-05,4.01667602998233e-07,0.000484255663926793,-2.70129588577607e-08,-3.25638032708657e-05,-2.16519245564709e-06,0.00118131428638501
20401.1583799816,-3.11292413565551e-06,-1.32956004154977e-05,3.96157007211495e-07,0.00048092016938402,-2.66423243245092e-08,-3.2339510200463e-05,-2.13547015541038e-06,0.0011731781704912
20542.6434412127,-3.07019849287508e-06,-1.32034886876897e-05,3.90721969186532e-07,0.000477607652597319,-2.62767726717861e-08,-3.21167622029324e-05,-2.10615586267253e-06,0.00116509809015159
20685.1097223421,-3.02805918201749e-06,-1.31120224439651e-05,3.85361454116116e-07,0.000474317955209024,-2.5916234259938e-08,-3.18955486310109e-05,-2.07724397658913e-06,0.00115707365944825
20828.5640282755,-2.98649815913848e-06,-1.30211970114322e-05,3.80074441332758e-07,0.000471050919954206,-2.55606404016049e-08,-3.1675858910885e-05,-2.04872897320014e-06,0.0011491044951208
20973.0132111114,-2.94550749058415e-06,-1.29310077540429e-05,3.74859924116402e-07,0.000467806390653114,-2.52099233487492e-08,-3.14576825416828e-05,-2.02060540437453e-06,0.00114119021654814
21118.464170469,-2.90507935148039e-06,-1.28414500722436e-05,3.69716909504687e-07,0.000464584212203653,-2.48640162798579e-08,-3.12410090949691e-05,-1.99286789676928e-06,0.0011333304457302
21264.923853817,-2.86520602424329e-06,-1.27525194026301e-05,3.64644418105787e-07,0.000461384230573924,-2.4522853287319e-08,-3.10258282142443e-05,-1.96551115080282e-06,0.00112552480726998
21412.3992568061,-2.82587989710957e-06,-1.26642112176068e-05,3.59641483913757e-07,0.000458206292794811,-2.41863693649676e-08,-3.08121296144464e-05,-1.93852993964242e-06,0.0011177729283556
21560.8974236026,-2.78709346268735e-06,-1.25765210250507e-05,3.54707154126383e-07,0.000455050246952625,-2.3854500395802e-08,-3.05999030814574e-05,-1.91191910820564e-06,0.00111007443874249
21710.4254472254,-2.74883931652655e-06,-1.24894443679788e-05,3.4984048896547e-07,0.000451915942181793,-2.35271831398638e-08,-3.03891384716115e-05,-1.88567357217529e-06,0.00110242897073572
21860.9904698845,-2.71111015570897e-06,-1.24029768242203e-05,3.45040561499586e-07,0.000448803228657607,-2.32043552222849e-08,-3.01798257112087e-05,-1.85978831702812e-06,0.00109483615917246
22012.599683322,-2.67389877745749e-06,-1.23171140060919e-05,3.40306457469159e-07,0.000445711957589011,-2.28859551214926e-08,-2.99719547960302e-05,-1.83425839707663e-06,0.00108729564140455
22165.260329156,-2.63719807776444e-06,-1.22318515600782e-05,3.35637275113971e-07,0.000442641981211455,-2.25719221575783e-08,-2.97655157908582e-05,-1.80907893452427e-06,0.00107980705728118
22318.9796992262,-2.60100105003852e-06,-1.21471851665152e-05,3.31032125002953e-07,0.000439593152779778,-2.22621964808201e-08,-2.95604988289982e-05,-1.78424511853338e-06,0.00107237004913167
22473.7651359423,-2.56530078377049e-06,-1.20631105392777e-05,3.26490129866301e-07,0.000436565326561168,-2.19567190603637e-08,-2.93568941118058e-05,-1.75975220430609e-06,0.00106498426174845
22629.6240326348,-2.53009046321675e-06,-1.19796234254707e-05,3.22010424429841e-07,0.000433558357828137,-2.16554316730547e-08,-2.91546919082151e-05,-1.73559551217774e-06,0.00105764934237006
22786.5638339077,-2.49536336610129e-06,-1.18967196051249e-05,3.17592155251646e-07,0.000430572102851584,-2.13582768924233e-08,-2.89538825542725e-05,-1.7117704267228e-06,0.00105036494066433
22944.592035995,-2.46111286233506e-06,-1.18143948908947e-05,3.13234480560852e-07,0.000427606418893868,-2.10651980778174e-08,-2.87544564526716e-05,-1.68827239587304e-06,0.00104313070871164
23103.7161871177,-2.42733241275311e-06,-1.17326451277611e-05,3.08936570098658e-07,0.00042466116420196,-2.07761393636838e-08,-2.85564040722932e-05,-1.66509693004781e-06,0.00103594630098832
23263.9438878451,-2.39401556786878e-06,-1.1651466192737e-05,3.04697604961472e-07,0.000421736198000625,-2.04910456489939e-08,-2.83597159477467e-05,-1.64223960129623e-06,0.00102881137435017
23425.2827914574,-2.36115596664509e-06,-1.15708539945774e-05,3.00516777446183e-07,0.000418831380485659,-2.02098625868137e-08,-2.8164382678917e-05,-1.61969604245123e-06,0.00102172558801604
23587.7406043117,-2.32874733528283e-06,-1.14908044734911e-05,2.96393290897517e-07,0.000415946572817169,-1.9932536574014e-08,-2.79703949305118e-05,-1.59746194629512e-06,0.00101468860355159
23751.3250862094,-2.29678348602533e-06,-1.14113136008579e-05,2.9232635955747e-07,0.000413081637112905,-1.96590147411213e-08,-2.77777434316147e-05,-1.57553306473666e-06,0.00100770008485312
23916.0440507678,-2.2652583159794e-06,-1.13323773789475e-05,2.88315208416766e-07,0.000410236436441634,-1.93892449423058e-08,-2.75864189752392e-05,-1.5539052079994e-06,0.00100075969813154
24081.9053657923,-2.23416580595258e-06,-1.12539918406424e-05,2.84359073068337e-07,0.000407410834816563,-1.9123175745505e-08,-2.73964124178874e-05,-1.53257424382123e-06,0.000993867111896416
24248.9169536531,-2.2035000193062e-06,-1.11761530491639e-05,2.80457199562773e-07,0.000404604697188803,-1.8860756422682e-08,-2.7207714679111e-05,-1.51153609666478e-06,0.000987021996940142
24417.0867916629,-2.17325510082414e-06,-1.10988570978016e-05,2.76608844265748e-07,0.000401817889440891,-1.86019369402154e-08,-2.70203167410756e-05,-1.49078674693884e-06,0.000980224026322242
24586.4229124585,-2.14342527559706e-06,-1.10221001096453e-05,2.72813273717352e-07,0.000399050278380337,-1.83466679494197e-08,-2.68342096481276e-05,-1.47032223023029e-06,0.00097347287535374
24756.933404384,-2.11400484792191e-06,-1.09458782373207e-05,2.69069764493357e-07,0.000396301731733236,-1.80949007771951e-08,-2.66493845063649e-05,-1.4501386365467e-06,0.00096676822158168
24928.6264118777,-2.0849882002165e-06,-1.08701876627278e-05,2.65377603068328e-07,0.000393572118137915,-1.78465874168028e-08,-2.64658324832099e-05,-1.43023210956928e-06,0.000960109744773707
25101.5101358603,-2.05636979194888e-06,-1.07950245967821e-05,2.6173608568063e-07,0.000390861307138621,-1.76016805187674e-08,-2.62835448069859e-05,-1.41059884591609e-06,0.000953497126902797
25275.5928341276,-2.02814415858142e-06,-1.07203852791596e-05,2.58144518199223e-07,0.000388169169179261,-1.73601333819008e-08,-2.6102512766496e-05,-1.39123509441532e-06,0.000946930052132059
25450.882821744,-2.00030591052931e-06,-1.06462659780433e-05,2.54602215992295e-07,0.000385495575597182,-1.71218999444505e-08,-2.59227277106056e-05,-1.37213715538866e-06,0.000940408206799672
25627.3884714405,-1.97284973213326e-06,-1.05726629898741e-05,2.51108503797653e-07,0.000382840398616991,-1.68869347753653e-08,-2.5744181047827e-05,-1.35330137994435e-06,0.000933931279403887
25805.1182140139,-1.94577038064641e-06,-1.04995726391034e-05,2.47662715594893e-07,0.000380203511344427,-1.66551930656823e-08,-2.55668642459074e-05,-1.33472416928012e-06,0.000927498960588177
25984.08053873,-1.91906268523491e-06,-1.04269912779487e-05,2.44264194479278e-07,0.000377584787760263,-1.64266306200293e-08,-2.53907688314198e-05,-1.3164019739955e-06,0.000921110943126451
26164.2839937291,-1.8927215459923e-06,-1.03549152861524e-05,2.40912292537348e-07,0.000374984102714261,-1.62012038482427e-08,-2.52158863893566e-05,-1.29833129341371e-06,0.000914766921908388
26345.7371864336,-1.86674193296739e-06,-1.02833410707432e-05,2.37606370724215e-07,0.000372401331919168,-1.59788697571013e-08,-2.50422085627257e-05,-1.28050867491286e-06,0.000908466593924879
26528.4487839603,-1.84111888520532e-06,-1.0212265065799e-05,2.34345798742503e-07,0.000369836351944745,-1.5759585942169e-08,-2.486972705215e-05,-1.26293071326618e-06,0.000902209658253545
26712.4275135331,-1.8158475098019e-06,-1.01416837322146e-05,2.31129954922963e-07,0.000367289040211852,-1.55433105797522e-08,-2.46984336154697e-05,-1.24559404999155e-06,0.000895995816044381
26897.6821629011,-1.79092298097078e-06,-1.00715935574696e-05,2.27958226106674e-07,0.000364759274986556,-1.53300024189636e-08,-2.45283200673462e-05,-1.22849537270968e-06,0.000889824770505479
27084.2215807571,-1.76634053912346e-06,-1.00019910554008e-05,2.24830007528877e-07,0.0003622469353743,-1.51196207738957e-08,-2.43593782788706e-05,-1.21163141451139e-06,0.000883696226888863
27272.0546771616,-1.74209548996178e-06,-9.93287276597579e-06,2.21744702704355e-07,0.000359751901314094,-1.49121255158997e-08,-2.41916001771733e-05,-1.19499895333328e-06,0.000877609892476408
27461.1904239671,-1.71818320358305e-06,-9.8642352550696e-06,2.18701723314392e-07,0.000357274053572764,-1.47074770659707e-08,-2.40249777450373e-05,-1.17859481134226e-06,0.000871565476565873
27651.6378552475,-1.69459911359716e-06,-9.79607511424376e-06,2.15700489095254e-07,0.000354813273739221,-1.45056363872346e-08,-2.38595030205135e-05,-1.16241585432827e-06,0.000865562690457011
27843.4060677294,-1.67133871625598e-06,-9.72838896052766e-06,2.12740427728196e-07,0.000352369444218791,-1.43065649775393e-08,-2.36951680965395e-05,-1.14645899110555e-06,0.000859601247437795
28036.5042212264,-1.64839756959459e-06,-9.6611734362021e-06,2.0982097473095e-07,0.000349942448227567,-1.41102248621451e-08,-2.35319651205601e-05,-1.13072117292197e-06,0.000853680862770714
28230.9415390768,-1.62577129258431e-06,-9.59442520858559e-06,2.069415733507e-07,0.000347532169786814,-1.39165785865157e-08,-2.33698862941511e-05,-1.11519939287655e-06,0.000847801253679192
28426.7273085842,-1.60345556429724e-06,-9.52814096982248e-06,2.041016744585e-07,0.000345138493717398,-1.37255892092064e-08,-2.32089238726455e-05,-1.09989068534496e-06,0.000841962139334075
28623.8708814609,-1.58144612308237e-06,-9.46231743667372e-06,2.01300736445139e-07,0.000342761305634271,-1.35372202948502e-08,-2.30490701647624e-05,-1.08479212541292e-06,0.000836163240840228
28822.3816742749,-1.55973876575286e-06,-9.39695135030958e-06,1.98538225118409e-07,0.00034040049194098,-1.33514359072382e-08,-2.2890317532238e-05,-1.06990082831732e-06,0.000830404281223211
29022.2691688993,-1.53832934678451e-06,-9.33203947610482e-06,1.95813613601782e-07,0.00033805593982422,-1.31682006024951e-08,-2.27326583894601e-05,-1.05521394889511e-06,0.000824684985416066
29223.5429129655,-1.51721377752514e-06,-9.26757860343575e-06,1.93126382234451e-07,0.000335727537248426,-1.29874794223472e-08,-2.25760852031042e-05,-1.04072868103963e-06,0.000819005080246165
29426.2125203191,-1.49638802541492e-06,-9.20356554547971e-06,1.90476018472744e-07,0.000333415172950402,-1.28092378874826e-08,-2.24205904917724e-05,-1.02644225716455e-06,0.000813364294422187
29630.2876714792,-1.47584811321723e-06,-9.13999713901637e-06,1.87862016792871e-07,0.000331118736433981,-1.26334419910009e-08,-2.22661668256352e-05,-1.01235194767502e-06,0.000807762358521141
29835.7781141006,-1.45559011826014e-06,-9.07687024423141e-06,1.85283878594992e-07,0.000328838117964735,-1.24600581919531e-08,-2.21128068260754e-05,-9.98455060446185e-07,0.000802199004975524
30042.6936634399,-1.43561017168827e-06,-9.01418174452194e-06,1.82741112108597e-07,0.000326573208564708,-1.22890534089691e-08,-2.19605031653345e-05,-9.84748940308828e-07,0.000796673968060525
30251.0442028234,-1.41590445772488e-06,-8.95192854630425e-06,1.80233232299169e-07,0.000324323900007194,-1.21203950139718e-08,-2.18092485661616e-05,-9.71230968542059e-07,0.00079118698388135
30460.8396841202,-1.39646921294406e-06,-8.89010757882325e-06,1.77759760776113e-07,0.00032209008481155,-1.19540508259773e-08,-2.16590358014647e-05,-9.5789856237297e-07,0.000785737790360612
30672.0901282168,-1.37730072555293e-06,-8.82871579396415e-06,1.7532022570195e-07,0.000319871656238042,-1.17899891049796e-08,-2.15098576939646e-05,-9.44749174483189e-07,0.000780326127225824
30884.8056254963,-1.35839533468358e-06,-8.76775016606581e-06,1.72914161702736e-07,0.000317668508282729,-1.1628178545918e-08,-2.13617071158512e-05,-9.31780292522158e-07,0.000774951735996961
31098.9963363199,-1.33974942969486e-06,-8.7072076917363e-06,1.70541109779702e-07,0.000315480535672385,-1.14685882727275e-08,-2.12145769884414e-05,-9.18989438627149e-07,0.000769614359974132
31314.6724915125,-1.32135944948355e-06,-8.64708538967004e-06,1.68200617222101e-07,0.000313307633859449,-1.13111878324697e-08,-2.10684602818409e-05,-9.0637416894981e-07,0.000764313744225304
31531.8443928511,-1.30322188180511e-06,-8.58738030046707e-06,1.65892237521239e-07,0.00031114969901702,-1.11559471895446e-08,-2.09233500146068e-05,-8.93932073189271e-07,0.000759049635574145
31750.5224135575,-1.28533326260369e-06,-8.52808948645392e-06,1.63615530285677e-07,0.000309006628033875,-1.10028367199799e-08,-2.07792392534133e-05,-8.81660774131592e-07,0.000753821782587921
31970.7169987928,-1.26769017535128e-06,-8.46921003150651e-06,1.61370061157588e-07,0.000306878318509533,-1.08518272057997e-08,-2.063612111272e-05,-8.6955792719561e-07,0.000748629935565502
32192.4386661572,-1.25028925039596e-06,-8.41073904087461e-06,1.5915540173025e-07,0.000304764668749345,-1.07028898294689e-08,-2.04939887544416e-05,-8.57621219984937e-07,0.000743473846525426
32415.6980061919,-1.23312716431907e-06,-8.35267364100832e-06,1.56971129466673e-07,0.000302665577759624,-1.05559961684139e-08,-2.0352835387621e-05,-8.4584837184619e-07,0.000738353269194068
32640.5056828852,-1.21620063930117e-06,-8.29501097938598e-06,1.54816827619317e-07,0.000300580945242801,-1.0411118189618e-08,-2.02126542681032e-05,-8.3423713343321e-07,0.000733267958993871
32866.8724341813,-1.1995064424967e-06,-8.23774822434415e-06,1.52692085150926e-07,0.000298510671592628,-1.02682282442903e-08,-2.00734386982133e-05,-8.22785286277329e-07,0.000728217673031676
33094.8090724944,-1.18304138541718e-06,-8.18088256490892e-06,1.50596496656415e-07,0.000296454657889394,-1.01272990626074e-08,-1.99351820264349e-05,-8.11490642363481e-07,0.000723202170087111
33324.3264852235,-1.16680232332296e-06,-8.12441121062922e-06,1.48529662285849e-07,0.000294412805895198,-9.98830374852705e-09,-1.97978776470925e-05,-8.00351043712175e-07,0.000718221210601085
33555.4356352742,-1.15078615462311e-06,-8.06833139141147e-06,1.46491187668449e-07,0.000292385018049235,-9.85121577467242e-09,-1.96615190000341e-05,-7.89364361967173e-07,0.000713274556664337
33788.1475615808,-1.13498982028377e-06,-8.0126403573562e-06,1.44480683837644e-07,0.000290371197463124,-9.71600897728614e-09,-1.95260995703181e-05,-7.78528497988858e-07,0.000708361972006086
34022.4733796346,-1.11941030324441e-06,-7.95733537859586e-06,1.42497767157146e-07,0.000288371247916267,-9.58265755125313e-09,-1.93916128879006e-05,-7.67841381453151e-07,0.000703483221982735
34258.4242820144,-1.10404462784219e-06,-7.90241374513469e-06,1.40542059248027e-07,0.000286385073851243,-9.45113604519165e-09,-1.92580525273261e-05,-7.57300970455971e-07,0.000698638073566681
34496.0115389212,-1.08888985924419e-06,-7.84787276668966e-06,1.38613186916796e-07,0.000284412580369225,-9.32141935661107e-09,-1.91254121074195e-05,-7.46905251123086e-07,0.000693826295335172
34735.2464987164,-1.07394310288741e-06,-7.79370977253342e-06,1.36710782084452e-07,0.000282453673225441,-9.19348272713591e-09,-1.8993685290981e-05,-7.36652237225357e-07,0.000689047657459268
34976.1405884643,-1.05920150392646e-06,-7.73992211133839e-06,1.34834481716505e-07,0.000280508258824654,-9.06730173779485e-09,-1.88628657844822e-05,-7.26539969799229e-07,0.000684301931692858
35218.7053144771,-1.04466224668878e-06,-7.68650715102264e-06,1.32983927753958e-07,0.000278576244216685,-8.94285230437447e-09,-1.87329473377654e-05,-7.16566516772464e-07,0.000679588891361765
35462.9522628655,-1.03032255413738e-06,-7.63346227859701e-06,1.31158767045217e-07,0.000276657537091956,-8.8201106728359e-09,-1.86039237437437e-05,-7.06729972594979e-07,0.000674908311352915
35708.8931000911,-1.01617968734089e-06,-7.58078490001396e-06,1.29358651278947e-07,0.000274752045777075,-8.69905341479458e-09,-1.84757888381046e-05,-6.97028457874788e-07,0.000670259968103596
35956.5395735246,-1.00223094495094e-06,-7.5284724400176e-06,1.27583236917825e-07,0.00027285967923044,-8.57965742306124e-09,-1.83485364990142e-05,-6.87460119018901e-07,0.000665643639590771
36205.9035120061,-9.88473662686609e-07,-7.47652234199539e-06,1.25832185133216e-07,0.000270980347037886,-8.4618999072443e-09,-1.82221606468247e-05,-6.78023127879192e-07,0.000661059105320488
36456.9968264106,-9.74905212826037e-07,-7.42493206783105e-06,1.24105161740722e-07,0.00026911395940835,-8.34575838941179e-09,-1.80966552437832e-05,-6.68715681403098e-07,0.000656506146317337
36709.831510217,-9.61523003704929e-07,-7.37369909775897e-06,1.22401837136625e-07,0.000267260427169571,-8.2312106998129e-09,-1.79720142937425e-05,-6.59536001289123e-07,0.000651984545114
36964.4196400802,-9.48324479221987e-07,-7.32282093022008e-06,1.20721886235188e-07,0.000265419661763828,-8.11823497265802e-09,-1.78482318418746e-05,-6.50482333647089e-07,0.00064749408574087
37220.7733764093,-9.35307118351073e-07,-7.27229508171881e-06,1.19064988406819e-07,0.000263591575243688,-8.00680964195593e-09,-1.77253019743851e-05,-6.41552948663012e-07,0.000643034553715723
37478.9049639467,-9.2246843466011e-07,-7.22211908668172e-06,1.17430827417071e-07,0.000261776080267809,-7.89691343740849e-09,-1.76032188182308e-05,-6.32746140268624e-07,0.000638605736033495
37738.8267323548,-9.09805975836519e-07,-7.17229049731718e-06,1.15819091366478e-07,0.000259973090096745,-7.78852538036092e-09,-1.74819765408377e-05,-6.24060225815384e-07,0.000634207421156089
38000.5510968034,-8.97317323219224e-07,-7.12280688347658e-06,1.14229472631218e-07,0.000258182518588803,-7.68162477980778e-09,-1.7361569349823e-05,-6.15493545753011e-07,0.000629839399002292
38264.0905585636,-8.85000091337008e-07,-7.07366583251661e-06,1.12661667804575e-07,0.000256404280195913,-7.57619122845315e-09,-1.7241991492717e-05,-6.07044463312389e-07,0.000625501460937725
38529.4577056047,-8.72851927453261e-07,-7.02486494916307e-06,1.11115377639211e-07,0.000254638289959538,-7.47220459882509e-09,-1.71232372566882e-05,-5.98711364192859e-07,0.000621193399764894
38796.6652131954,-8.60870511116904e-07,-6.9764018553757e-06,1.09590306990217e-07,0.000252884463506601,-7.36964503944275e-09,-1.70053009682697e-05,-5.90492656253771e-07,0.000616915009713285
39065.7258445091,-8.49053553719534e-07,-6.92827419021446e-06,1.08086164758949e-07,0.000251142717045452,-7.26849297103623e-09,-1.68881769930882e-05,-5.82386769210303e-07,0.000612666086429544
39336.6524512341,-8.37398798058574e-07,-6.88047960970685e-06,1.06602663837624e-07,0.000249412967361851,-7.16872908281778e-09,-1.67718597355936e-05,-5.74392154333426e-07,0.000608446426967711
39609.4579741865,-8.25904017906478e-07,-6.83301578671665e-06,1.05139521054682e-07,0.000247695131814992,-7.07033432880434e-09,-1.66563436387921e-05,-5.66507284154014e-07,0.000604255829779536
39884.1554439296,-8.14567017585776e-07,-6.78588041081365e-06,1.03696457120883e-07,0.000245989128333539,-6.9732899241899e-09,-1.65416231839794e-05,-5.58730652170985e-07,0.000600094094704844
40160.7579813948,-8.03385631550011e-07,-6.73907118814479e-06,1.02273196576149e-07,0.000244294875411707,-6.87757734176799e-09,-1.64276928904775e-05,-5.5106077256349e-07,0.000595961022961988
40439.2787985098,-7.92357723970356e-07,-6.69258584130626e-06,1.00869467737128e-07,0.000242612292105351,-6.7831783084024e-09,-1.63145473153719e-05,-5.43496179907004e-07,0.000591856417138342
40719.7311988284,-7.81481188327956e-07,-6.64642210921693e-06,9.94850026454745e-08,0.000240941298028101,-6.69007480154688e-09,-1.62021810532515e-05,-5.36035428893361e-07,0.000587780081180887
41002.1285781671,-7.70753947011813e-07,-6.60057774699279e-06,9.81195370168395e-08,0.000239281813347508,-6.59824904581181e-09,-1.60905887359495e-05,-5.28677094054594e-07,0.000583731820386835
41286.4844252437,-7.60173950922221e-07,-6.55505052582266e-06,9.6772810190553e-08,0.000237633758781228,-6.50768350957827e-09,-1.59797650322872e-05,-5.21419769490595e-07,0.000579711441394344
41572.812322323,-7.49739179079602e-07,-6.50983823284488e-06,9.54445650799958e-08,0.000235997055593225,-6.41836090165798e-09,-1.58697046478186e-05,-5.1426206860049e-07,0.00057571875217327
41861.1259458642,-7.3944763823875e-07,-6.46493867102524e-06,9.4134548123652e-08,0.000234371625590005,-6.33026416799942e-09,-1.5760402324577e-05,-5.07202623817725e-07,0.000571753562016008
42151.4390671752,-7.29297362508307e-07,-6.42034965903586e-06,9.28425092368256e-08,0.00023275739111687,-6.24337648843842e-09,-1.56518528408235e-05,-5.00240086348762e-07,0.000567815681528372
42443.7655530697,-7.19286412975521e-07,-6.37606903113529e-06,9.15682017640223e-08,0.000231154275054208,-6.1576812734938e-09,-1.55440510107976e-05,-4.93373125915389e-07,0.000563904922620565
42738.1193665299,-7.09412877336082e-07,-6.33209463704957e-06,9.03113824319751e-08,0.000229562200813798,-6.07316216120619e-09,-1.54369916844686e-05,-4.86600430500542e-07,0.000560021098498182
43034.5145673733,-6.996748695291e-07,-6.28842434185446e-06,8.90718113033211e-08,0.000227981092335146,-5.98980301402071e-09,-1.53306697472894e-05,-4.79920706097643e-07,0.000556164023653298
43332.9653129246,-6.90070529377028e-07,-6.24505602585853e-06,8.7849251730901e-08,0.000226410874081848,-5.90758791571176e-09,-1.52250801199519e-05,-4.73332676463348e-07,0.000552333513855603
43633.4858586911,-6.80598022230572e-07,-6.20198758448752e-06,8.66434703126935e-08,0.000224851471037973,-5.8265011683503e-09,-1.51202177581441e-05,-4.66835082873723e-07,0.000548529386143611
43936.0905590448,-6.71255538618425e-07,-6.1592169281695e-06,8.54542368473568e-08,0.000223302808704474,-5.74652728931222e-09,-1.50160776523084e-05,-4.60426683883732e-07,0.000544751458815912
44240.7938679069,-6.62041293901853e-07,-6.11674198222119e-06,8.42813242903853e-08,0.000221764813095625,-5.66765100832809e-09,-1.49126548274027e-05,-4.5410625509006e-07,0.000540999551422503
44547.6103394389,-6.52953527933966e-07,-6.07456068673518e-06,8.31245087108596e-08,0.000220237410735478,-5.58985726457276e-09,-1.48099443426617e-05,-4.47872588897163e-07,0.000537273484756164
44856.5546287376,-6.4399050472371e-07,-6.03267099646825e-06,8.19835692487926e-08,0.000218720528654354,-5.51313120379525e-09,-1.47079412913609e-05,-4.41724494286556e-07,0.000533573080843905
45167.641492535,-6.3515051210442e-07,-5.99107088073048e-06,8.0858288073055e-08,0.000217214094385343,-5.43745817548752e-09,-1.46066408005819e-05,-4.35660796589238e-07,0.000529898162938459
45480.8857899031,-6.26431861406965e-07,-5.94975832327552e-06,7.97484503398796e-08,0.000215718035960844,-5.36282373009232e-09,-1.45060380309794e-05,-4.29680337261274e-07,0.00052624855550985
45796.3024829641,-6.17832887137329e-07,-5.9087313221917e-06,7.86538441519295e-08,0.00021423228190912,-5.28921361624893e-09,-1.44061281765495e-05,-4.23781973662428e-07,0.000522624084237
46113.9066376045,-6.09351946658661e-07,-5.86798788979413e-06,7.75742605179298e-08,0.000212756761250877,-5.21661377807687e-09,-1.43069064644002e-05,-4.17964578837861e-07,0.000519024575999413
46433.713424195,-6.00987419877636e-07,-5.82752605251764e-06,7.6509493312847e-08,0.000211291403495871,-5.14501035249652e-09,-1.42083681545226e-05,-4.12227041302797e-07,0.000515449858868897
46755.7381183149,-5.92737708935164e-07,-5.78734385081084e-06,7.54593392386181e-08,0.000209836138639535,-5.07438966658666e-09,-1.41105085395646e-05,-4.06568264830175e-07,0.000511899762101363
47079.9961014825,-5.84601237901298e-07,-5.74743933903083e-06,7.44235977854112e-08,0.000208390897159628,-5.00473823497794e-09,-1.40133229446059e-05,-4.00987168241192e-07,0.000508374116128663
47406.5028618884,-5.76576452474369e-07,-5.70781058533905e-06,7.34020711934219e-08,0.000206955610012913,-4.93604275728223e-09,-1.39168067269339e-05,-3.95482685198738e-07,0.000504872752550497
47735.2739951367,-5.68661819684202e-07,-5.66845567159782e-06,7.23945644151863e-08,0.000205530208631853,-4.86829011555696e-09,-1.3820955275822e-05,-3.90053764003651e-07,0.000501395504126365
48066.3252049891,-5.60855827599447e-07,-5.62937269326798e-06,7.14008850784153e-08,0.000204114624921331,-4.80146737180435e-09,-1.37257640123092e-05,-3.84699367393788e-07,0.000497942204767583
48399.6723041153,-5.53156985038882e-07,-5.59055975930716e-06,7.04208434493318e-08,0.000202708791255389,-4.73556176550468e-09,-1.36312283889809e-05,-3.79418472345832e-07,0.00049451268952935
48735.331214848,-5.45563821286716e-07,-5.55201499206914e-06,6.94542523965151e-08,0.000201312640474001,-4.67056071118358e-09,-1.35373438897516e-05,-3.74210069879842e-07,0.000491106794602872
49073.317969944,-5.38074885811756e-07,-5.51373652720386e-06,6.85009273552334e-08,0.000199926105879855,-4.60645179601226e-09,-1.34441060296485e-05,-3.69073164866464e-07,0.000487724357307534
49413.6487133493,-5.30688747990465e-07,-5.47572251355846e-06,6.7560686292272e-08,0.000198549121235164,-4.54322277744103e-09,-1.33515103545978e-05,-3.64006775836813e-07,0.000484365216083137
49756.3397009709,-5.23403996833784e-07,-5.43797111307901e-06,6.6633349671235e-08,0.000197181620758498,-4.48086158086476e-09,-1.32595524412111e-05,-3.59009934794937e-07,0.000481029210482174
50101.4073014524,-5.16219240717729e-07,-5.40048050071317e-06,6.57187404183283e-08,0.00019582353912164,-4.41935629732072e-09,-1.31682278965741e-05,-3.54081687032883e-07,0.000477716181162175
50448.8679969571,-5.09133107117658e-07,-5.36324886431355e-06,6.48166838886054e-08,0.000194474811446458,-4.3586951812176e-09,-1.30775323580363e-05,-3.49221090948277e-07,0.000474425969878092
50798.7383839539,-5.02144242346209e-07,-5.32627440454206e-06,6.39270078326803e-08,0.000193135373301802,-4.2988666480959e-09,-1.29874614930029e-05,-3.44427217864429e-07,0.000471158419474742
51151.0351740109,-4.95251311294808e-07,-5.28955533477484e-06,6.30495423638909e-08,0.000191805160700427,-4.2398592724187e-09,-1.28980109987272e-05,-3.39699151852892e-07,0.000467913373879302
51505.7751945938,-4.88452997178735e-07,-5.25308988100817e-06,6.21841199259153e-08,0.000190484110095929,-4.18166178539293e-09,-1.28091766021048e-05,-3.35035989558463e-07,0.000464690678093854
51862.9753898685,-4.81748001285692e-07,-5.21687628176508e-06,6.13305752608309e-08,0.000189172158379706,-4.12426307282042e-09,-1.27209540594698e-05,-3.30436840026594e-07,0.000461490178187985
52222.6528215118,-4.75135042727803e-07,-5.18091278800269e-06,6.04887453776079e-08,0.000187869242877941,-4.06765217297818e-09,-1.26333391563913e-05,-3.25900824533151e-07,0.000458311721291431
52584.8246695256,-4.68612858197037e-07,-5.14519766302045e-06,5.96584695210383e-08,0.000186575301348606,-4.01181827452804e-09,-1.25463277074721e-05,-3.21427076416537e-07,0.000455155155586778
52949.5082330576,-4.6218020172396e-07,-5.10972918236899e-06,5.88395891410862e-08,0.000185290271978483,-3.95675071445457e-09,-1.24599155561489e-05,-3.17014740912092e-07,0.000452020330302213
53316.7209312277,-4.55835844439827e-07,-5.07450563375986e-06,5.80319478626605e-08,0.000184014093380208,-3.90243897603151e-09,-1.2374098574493e-05,-3.12662974988796e-07,0.000448907095704321
53686.4803039601,-4.49578574341908e-07,-5.03952531697589e-06,5.72353914557998e-08,0.000182746704589337,-3.84887268681589e-09,-1.22888726630135e-05,-3.08370947188181e-07,0.000445815303090931
54058.8040128205,-4.43407196062054e-07,-5.00478654378237e-06,5.64497678062659e-08,0.000181488045061433,-3.79604161666973e-09,-1.22042337504607e-05,-3.04137837465483e-07,0.000442744804784022
54433.709841861,-4.37320530638425e-07,-4.97028763783893e-06,5.56749268865399e-08,0.000180238054669163,-3.74393567580869e-09,-1.21201777936321e-05,-2.99962837032956e-07,0.00043969545412266
54811.215698468,-4.3131741529036e-07,-4.93602693461217e-06,5.49107207272162e-08,0.000178996673699433,-3.69254491287768e-09,-1.20367007771786e-05,-2.95845148205348e-07,0.000436667105456002
55191.3396142186,-4.25396703196322e-07,-4.9020027812889e-06,5.41570033887856e-08,0.000177763842850523,-3.64185951305251e-09,-1.19537987134127e-05,-2.91783984247487e-07,0.00043365961413633
55574.0997457415,-4.19557263274906e-07,-4.86821353669029e-06,5.3413630933808e-08,0.00017653950322926,-3.59186979616788e-09,-1.18714676421178e-05,-2.87778569223976e-07,0.000430672836512156
55959.5143755845,-4.1379797996883e-07,-4.83465757118645e-06,5.26804613994637e-08,0.000175323596348193,-3.5425662148707e-09,-1.17897036303591e-05,-2.83828137850928e-07,0.000427706629921347
56347.6019130871,-4.08117753031917e-07,-4.80133326661201e-06,5.1957354770482e-08,0.000174116064122807,-3.49393935279903e-09,-1.17085027722953e-05,-2.79931935349762e-07,0.00042476085268432
56738.380895261,-4.02515497318965e-07,-4.76823901618205e-06,5.12441729524389e-08,0.000172916848868735,-3.44597992278561e-09,-1.1627861188992e-05,-2.76089217302983e-07,0.000421835364097272
57131.8699876742,-3.96990142578534e-07,-4.73537322440904e-06,5.05407797454228e-08,0.000171725893299009,-3.39867876508632e-09,-1.1547775028236e-05,-2.72299249511961e-07,0.000418930024425462
57528.0879853436,-3.91540633248548e-07,-4.70273430702019e-06,4.98470408180579e-08,0.000170543140521313,-3.35202684563268e-09,-1.14682404643518e-05,-2.68561307856644e-07,0.000416044694896536
57927.053813632,-3.86165928254723e-07,-4.67032069087564e-06,4.91628236818863e-08,0.000169368534035269,-3.30601525430848e-09,-1.1389253698018e-05,-2.64874678157216e-07,0.000413179237693898
58328.7865291527,-3.80865000811736e-07,-4.63813081388717e-06,4.84879976660978e-08,0.000168202017729733,-3.26063520324976e-09,-1.13108109560859e-05,-2.61238656037635e-07,0.000410333515950127
58733.3053206791,-3.75636838227154e-07,-4.60616312493772e-06,4.78224338926098e-08,0.000167043535880112,-3.21587802516847e-09,-1.12329084913996e-05,-2.57652546791063e-07,0.000407507393740446
59140.6295100621,-3.70480441708017e-07,-4.57441608380139e-06,4.71660052514834e-08,0.000165893033145701,-3.17173517169863e-09,-1.11555425826159e-05,-2.54115665247122e-07,0.000404700736076221
59550.7785531519,-3.65394826170105e-07,-4.54288816106422e-06,4.65185863766817e-08,0.000164750454567036,-3.12819821176557e-09,-1.10787095340274e-05,-2.50627335640997e-07,0.000401913408898522
59963.7720407286,-3.603790200498e-07,-4.51157783804547e-06,4.58800536221547e-08,0.000163615745563265,-3.08525882997722e-09,-1.10024056753852e-05,-2.47186891484311e-07,0.000399145279071716
60379.6296994364,-3.55432065118545e-07,-4.48048360671971e-06,4.5250285038257e-08,0.000162488851929545,-3.04290882503765e-09,-1.09266273617237e-05,-2.43793675437794e-07,0.000396396214377108
60798.3713927276,-3.50553016299835e-07,-4.44960396963929e-06,4.46291603484839e-08,0.000161369719834441,-3.00114010818215e-09,-1.08513709731865e-05,-2.40447039185684e-07,0.000393666083506626
61220.0171218097,-3.45740941488733e-07,-4.41893743985769e-06,4.40165609265297e-08,0.000160258295817362,-2.95994470163397e-09,-1.07766329148529e-05,-2.37146343311861e-07,0.000390954756056554
61644.5870266023,-3.40994921373845e-07,-4.38848254085323e-06,4.34123697736577e-08,0.000159154526785996,-2.91931473708195e-09,-1.07024096165664e-05,-2.33890957177675e-07,0.000388262102521297
62072.1013866976,-3.36314049261755e-07,-4.35823780645359e-06,4.28164714963822e-08,0.00015805836001378,-2.87924245417935e-09,-1.06286975327644e-05,-2.30680258801465e-07,0.000385587994287201
62502.5806223305,-3.31697430903856e-07,-4.32820178076076e-06,4.22287522844544e-08,0.000156969743137374,-2.83972019906284e-09,-1.05554931423077e-05,-2.27513634739708e-07,0.000382932303626406
62936.0452953524,-3.27144184325566e-07,-4.29837301807674e-06,4.16490998891517e-08,0.000155888624154161,-2.8007404228922e-09,-1.04827929483134e-05,-2.24390479969825e-07,0.000380294903690749
63372.5161102152,-3.22653439657875e-07,-4.26875008282967e-06,4.10774036018626e-08,0.000154814951419759,-2.76229568040968e-09,-1.04105934779867e-05,-2.21310197774573e-07,0.000377675668505704
63812.0139149584,-3.1822433897122e-07,-4.23933154950069e-06,4.0513554232967e-08,0.000153748673645552,-2.72437862851938e-09,-1.03388912824557e-05,-2.18272199628049e-07,0.000375074472964365
64254.5597022062,-3.13856036111621e-07,-4.21011600255123e-06,3.99574440910034e-08,0.000152689739896241,-2.68698202488586e-09,-1.0267682936606e-05,-2.1527590508323e-07,0.00037249119282147
64700.1746101695,-3.09547696539087e-07,-4.18110203635103e-06,3.94089669621243e-08,0.000151638099587405,-2.6500987265522e-09,-1.01969650389175e-05,-2.12320741661083e-07,0.00036992570468747
65148.8799236562,-3.0529849716821e-07,-4.15228825510651e-06,3.88680180898305e-08,0.000150593702483086,-2.61372168857677e-09,-1.01267342113011e-05,-2.09406144741178e-07,0.00036737788602263
65600.697075087,-3.01107626210978e-07,-4.12367327278999e-06,3.83344941549853e-08,0.000149556498693387,-2.57784396268885e-09,-1.00569870989382e-05,-2.06531557453817e-07,0.000364847615131185
66055.6476455202,-2.96974283021719e-07,-4.09525571306916e-06,3.78082932561002e-08,0.000148526438672088,-2.54245869596258e-09,-9.98772037011949e-06,-2.03696430573629e-07,0.000362334771155516
66513.7533656814,-2.9289767794419e-07,-4.06703420923731e-06,3.72893148898935e-08,0.000147503473214273,-2.50755912950915e-09,-9.91893071608608e-06,-2.00900222414647e-07,0.00035983923407039
66975.0361170023,-2.8887703216075e-07,-4.03900740414401e-06,3.67774599321124e-08,0.000146487553453986,-2.47313859718687e-09,-9.85061485087135e-06,-1.98142398726795e-07,0.000357360884677214
67439.5179326655,-2.84911577543619e-07,-4.0111739501264e-06,3.62726306186206e-08,0.000145478630861887,-2.43919052432893e-09,-9.78276951114395e-06,-1.95422432593828e-07,0.000354899604598358
67907.2209986571,-2.81000556508157e-07,-3.98353250894087e-06,3.57747305267423e-08,0.000144476657242938,-2.40570842648861e-09,-9.71539145605165e-06,-1.9273980433265e-07,0.000352455276271484
68378.167654826,-2.77143221868177e-07,-3.95608175169549e-06,3.52836645568651e-08,0.000143481584734097,-2.37268590820171e-09,-9.64847746706663e-06,-1.90094001394026e-07,0.000350027782943944
68852.3803959518,-2.73338836693226e-07,-3.92882035878271e-06,3.47993389142917e-08,0.000142493365802031,-2.34011666176588e-09,-9.58202434783152e-06,-1.8748451826465e-07,0.000347617008667195
69329.8818728181,-2.69586674167841e-07,-3.90174701981282e-06,3.43216610913425e-08,0.000141511953240842,-2.30799446603676e-09,-9.51602892400673e-06,-1.84910856370564e-07,0.00034522283829127
69810.6948932956,-2.65886017452718e-07,-3.87486043354773e-06,3.38505398497028e-08,0.000140537300169814,-2.27631318524055e-09,-9.45048804311866e-06,-1.82372523981895e-07,0.000342845157459266
70294.8424234306,-2.62236159547803e-07,-3.84815930783543e-06,3.3385885203012e-08,0.000139569360031169,-2.24506676780294e-09,-9.38539857440915e-06,-1.7986903611891e-07,0.000340483852601894
70782.3475885425,-2.58636403157246e-07,-3.82164235954477e-06,3.29276083996911e-08,0.000138608086587845,-2.214249245194e-09,-9.3207574086857e-06,-1.77399914459348e-07,0.000338138810932048
71273.2336743282,-2.55086060556225e-07,-3.79530831450091e-06,3.24756219060064e-08,0.000137653433921282,-2.18385473078899e-09,-9.25656145817302e-06,-1.74964687247037e-07,0.00033580992043942
71767.5241279742,-2.5158445345958e-07,-3.76915590742117e-06,3.20298393893636e-08,0.000136705356429232,-2.15387741874475e-09,-9.19280765636537e-06,-1.72562889201754e-07,0.000333497069885149
72265.2425592773,-2.48130912892262e-07,-3.7431838818514e-06,3.15901757018335e-08,0.000135763808823573,-2.12431158289142e-09,-9.12949295788003e-06,-1.7019406143033e-07,0.000331200148796508
72766.4127417709,-2.44724779061556e-07,-3.71739099010284e-06,3.11565468639009e-08,0.000134828746128153,-2.09515157563959e-09,-9.06661433831183e-06,-1.67857751338974e-07,0.00032891904746163
73271.058613862,-2.41365401231054e-07,-3.69177599318944e-06,3.07288700484379e-08,0.000133900123676632,-2.06639182690208e-09,-9.00416879408846e-06,-1.65553512546795e-07,0.000326653656924265
73779.2042799737,-2.38052137596363e-07,-3.66633766076571e-06,3.03070635648962e-08,0.000132977897110353,-2.03802684303088e-09,-8.94215334232712e-06,-1.63280904800523e-07,0.000324403868978577
74290.8740116972,-2.34784355162514e-07,-3.64107477106497e-06,2.98910468437162e-08,0.000132062022376218,-2.01005120576831e-09,-8.88056502069178e-06,-1.61039493890384e-07,0.000322169576163977
74806.0922489501,-2.31561429623055e-07,-3.61598611083814e-06,2.94807404209501e-08,0.000131152455724587,-1.98245957121288e-09,-8.8194008872518e-06,-1.58828851567147e-07,0.000319950671759987
75324.8836011454,-2.28382745240805e-07,-3.59107047529295e-06,2.90760659230949e-08,0.000130249153707182,-1.95524666879906e-09,-8.75865802034114e-06,-1.56648555460297e-07,0.000317747049781146
75847.2728483651,-2.25247694730239e-07,-3.56632666803365e-06,2.8676946052135e-08,0.000129352073175013,-1.92840730029127e-09,-8.69833351841893e-06,-1.54498188997337e-07,0.00031555860497195
76373.2849425456,-2.22155679141492e-07,-3.54175350100111e-06,2.82833045707874e-08,0.000128461171276318,-1.90193633879144e-09,-8.63842449993066e-06,-1.52377341324197e-07,0.000313385232801815
76902.9450086679,-2.19106107745958e-07,-3.51734979441348e-06,2.7895066287952e-08,0.000127576405454511,-1.87582872776039e-09,-8.57892810317059e-06,-1.50285607226737e-07,0.000311226829460097
77436.2783459591,-2.16098397923441e-07,-3.49311437670719e-06,2.75121570443586e-08,0.000126697733446149,-1.85007948005244e-09,-8.51984148614488e-06,-1.48222587053321e-07,0.000309083291851123
77973.3104290997,-2.13131975050884e-07,-3.46904608447848e-06,2.71345036984129e-08,0.000125825113278915,-1.82468367696344e-09,-8.46116182643593e-06,-1.46187886638465e-07,0.000306954517589276
78514.0669094413,-2.10206272392593e-07,-3.44514376242532e-06,2.67620341122352e-08,0.00012495850326961,-1.79963646729169e-09,-8.40288632106731e-06,-1.44181117227522e-07,0.000304840404994095
79058.5736162311,-2.07320730991996e-07,-3.42140626328978e-06,2.6394677137891e-08,0.00012409786202216,-1.77493306641184e-09,-8.34501218637003e-06,-1.42201895402409e-07,0.000302740853085429
79606.8565578463,-2.04474799564864e-07,-3.39783244780085e-06,2.60323626038102e-08,0.000123243148425639,-1.75056875536143e-09,-8.28753665784933e-06,-1.40249843008346e-07,0.000300655761578603
80158.9419230357,-2.01667934394013e-07,-3.3744211846177e-06,2.56750213013928e-08,0.000122394321652306,-1.72653887994003e-09,-8.23045699005273e-06,-1.38324587081609e-07,0.000298585030879639
80714.8560821713,-1.98899599225444e-07,-3.3511713502733e-06,2.53225849717977e-08,0.000121551341155648,-1.70283884982063e-09,-8.17377045643868e-06,-1.3642575977827e-07,0.000296528562080489
81274.6255885071,-1.96169265165911e-07,-3.32808182911855e-06,2.49749862929135e-08,0.000120714166668451,-1.67946413767334e-09,-8.11747434924645e-06,-1.34552998303914e-07,0.00029448625695432
81838.2771794484,-1.93476410581891e-07,-3.30515151326677e-06,2.46321588665066e-08,0.000119882758200868,-1.65641027830096e-09,-8.06156597936656e-06,-1.32705944844325e-07,0.000292458017950813
82405.8377778279,-1.90820520999944e-07,-3.28237930253865e-06,2.42940372055471e-08,0.000119057076038512,-1.63367286778656e-09,-8.00604267621244e-06,-1.30884246497118e-07,0.000290443748191515
82977.3344931927,-1.88201089008441e-07,-3.25976410440753e-06,2.39605567217072e-08,0.000118237080740556,-1.61124756265262e-09,-7.95090178759267e-06,-1.29087555204316e-07,0.000288443351465198
83552.7946230977,-1.85617614160637e-07,-3.23730483394525e-06,2.36316537130318e-08,0.00011742273313785,-1.58913007903179e-09,-7.89614067958438e-06,-1.2731552768585e-07,0.000286456732223278
84132.2456544116,-1.83069602879075e-07,-3.21500041376819e-06,2.33072653517776e-08,0.000116613994331048,-1.56731619184897e-09,-7.84175673640729e-06,-1.25567825373964e-07,0.000284483795575239
84715.7152646274,-1.80556568361305e-07,-3.1928497739839e-06,2.29873296724195e-08,0.000115810825688751,-1.54580173401463e-09,-7.78774736029879e-06,-1.23844114348539e-07,0.000282524447284111
85303.2313231867,-1.78078030486894e-07,-3.17085185213801e-06,2.26717855598205e-08,0.000115013188845658,-1.5245825956292e-09,-7.73410997138974e-06,-1.2214406527328e-07,0.000280578593761959
85894.8218928089,-1.75633515725713e-07,-3.14900559316163e-06,2.23605727375657e-08,0.000114221045700735,-1.50365472319834e-09,-7.68084200758128e-06,-1.20467353332807e-07,0.000278646142065422
86490.5152308334,-1.73222557047481e-07,-3.12730994931901e-06,2.20536317564538e-08,0.000113434358415391,-1.48301411885901e-09,-7.6279409244223e-06,-1.1881365817058e-07,0.000276726999891267
87090.3397905676,-1.70844693832556e-07,-3.10576388015577e-06,2.17509039831486e-08,0.000112653089411677,-1.46265683961615e-09,-7.57540419498798e-06,-1.17182663827704e-07,0.000274821075571986
87694.3242226474,-1.6849947178394e-07,-3.0843663524473e-06,2.14523315889842e-08,0.00011187720137048,-1.44257899658975e-09,-7.52322930975892e-06,-1.15574058682551e-07,0.000272928278071411
88302.4973764047,-1.66186442840502e-07,-3.06311634014777e-06,2.11578575389261e-08,0.00011110665722975,-1.42277675427243e-09,-7.47141377650135e-06,-1.1398753539123e-07,0.000271048516980373
88914.8883012464,-1.63905165091387e-07,-3.04201282433931e-06,2.08674255806808e-08,0.000110341420182722,-1.40324632979695e-09,-7.41995512014794e-06,-1.12422790828855e-07,0.000269181702512378
89531.5262480405,-1.61655202691601e-07,-3.02105479318172e-06,2.05809802339572e-08,0.000109581453676159,-1.38398399221405e-09,-7.36885088267963e-06,-1.1087952603164e-07,0.000267327745499321
90152.440670515,-1.5943612577875e-07,-3.00024124186247e-06,2.02984667798741e-08,0.000108826721408606,-1.36498606177989e-09,-7.31809862300808e-06,-1.09357446139769e-07,0.000265486557387227
90777.661226663,-1.57247510390929e-07,-2.97957117254709e-06,2.00198312505128e-08,0.000108077187328657,-1.34624890925357e-09,-7.26769591685917e-06,-1.07856260341067e-07,0.000263658050232023
91407.217780161,-1.55088938385735e-07,-2.95904359432993e-06,1.97450204186138e-08,0.000107332815633228,-1.32776895520404e-09,-7.217640356657e-06,-1.0637568181543e-07,0.000261842136695331
92041.1404017939,-1.52959997360386e-07,-2.93865752318531e-06,1.94739817874142e-08,0.00010659357076585,-1.30954266932664e-09,-7.167929551409e-06,-1.0491542768003e-07,0.000260038730040306
92679.4593708925,-1.50860280572945e-07,-2.91841198191895e-06,1.92066635806242e-08,0.000105859417414967,-1.291566569769e-09,-7.11856112659158e-06,-1.03475218935263e-07,0.000258247744127484
93322.2051767786,-1.48789386864622e-07,-2.89830600011985e-06,1.89430147325424e-08,0.000105130320512254,-1.27383722246618e-09,-7.06953272403675e-06,-1.02054780411446e-07,0.000256469093410676
93969.4085202226,-1.46746920583136e-07,-2.87833861411248e-06,1.86829848783045e-08,0.000104406245230932,-1.25635124048489e-09,-7.02084200181938e-06,-1.00653840716238e-07,0.000254702692932875
94621.1003149089,-1.44732491507142e-07,-2.85850886690932e-06,1.84265243442683e-08,0.000103687156984115,-1.23910528337678e-09,-6.97248663414539e-06,-9.92721321827934e-08,0.000252948458322201
95277.3116889132,-1.42745714771679e-07,-2.83881580816373e-06,1.8173584138528e-08,0.000102973021423148,-1.22209605654054e-09,-6.9244643112405e-06,-9.79093908186135e-08,0.000251206305787872
95938.0739861886,-1.40786210794657e-07,-2.81925849412325e-06,1.79241159415612e-08,0.000102263804435972,-1.20532031059277e-09,-6.87677273924001e-06,-9.65653562551141e-08,0.000249476152116202
96603.4187680637,-1.38853605204339e-07,-2.79983598758311e-06,1.76780720970013e-08,0.000101559472145489,-1.18877484074749e-09,-6.82940964007907e-06,-9.52397716978745e-08,0.000247757914666622
97273.3778147489,-1.36947528767833e-07,-2.78054735784022e-06,1.74354056025396e-08,0.00010085999090795,-1.17245648620416e-09,-6.78237275138395e-06,-9.39323838775766e-08,0.00024605151136774
97947.983126856,-1.35067617320547e-07,-2.76139168064739e-06,1.71960701009491e-08,0.000100165327311338,-1.15636212954405e-09,-6.73565982636384e-06,-9.26429430016124e-08,0.000244356860713414
98627.2669269249,-1.3321351169663e-07,-2.74236803816795e-06,1.69600198712341e-08,9.94754481737827e-05,-1.140488696135e-09,-6.6892686337036e-06,-9.13712027063603e-08,0.000242673881758865
99311.2616609643,-1.31384857660356e-07,-2.72347551893064e-06,1.67272098198991e-08,9.87903205419644e-05,-1.12483315354419e-09,-6.64319695745706e-06,-9.01169200101118e-08,0.000241002494116806
100000,-1.29581305838458e-07,-2.70471321778493e-06,1.64975954723392e-08,9.81099116895472e-05,-1.10939251095911e-09,-6.59744259694124e-06,-8.88798552666495e-08,0.000239342617953604
