Frequency_Hz,Y11_Real,Y11_Imag,Y12_Real,Y12_Imag,Y21_Real,Y21_Imag,Y22_Real,Y22_Imag
0.1,0.440070691552836,-0.00370459463462102,-0.0857624214158034,0.000514159079135785,-0.138395232607076,0.000514175622392885,-0.546070917611907,-6.79260581728375e-05
0.100693514841637,0.440070571043969,-0.00373030819153664,-0.0857625197920207,0.000517734156128673,-0.138395348126125,0.000517751045329856,-0.546071857542177,-6.83512814146844e-05
0.10139183931163,0.440070448810509,-0.00375620052605396,-0.0857626195225661,0.00052133422097912,-0.13839546523788,0.000521351463349607,-0.546072810494995,-6.87784957946642e-05
0.102095006765465,0.440070324827137,-0.00378227288734471,-0.0857627206258735,0.000524959451020593,-0.138395583964085,0.000524977053936191,-0.546073776649945,-6.92076951527391e-05
0.102803050789954,0.440070199068141,-0.00380852653343535,-0.0857628231206222,0.000528610024900004,-0.138395704326779,0.000528627995890242,-0.546074756189063,-6.96388728711923e-05
0.103516005204838,0.440070071507418,-0.00383496273127221,-0.0857629270257392,0.00053228612258853,-0.138395826348291,0.000532304469339839,-0.546075749296871,-7.00720218629915e-05
0.104233904064403,0.440069942118459,-0.00386158275678737,-0.0857630323604027,0.000535987925392546,-0.138395950051251,0.000536006655751526,-0.54607675616041,-7.05071345596872e-05
0.104956781659108,0.44006981087435,-0.00388838789496503,-0.0857631391440456,0.00053971561596468,-0.138396075458592,0.000539734737941428,-0.546077776969273,-7.09442028991626e-05
0.105684672517218,0.440069677747758,-0.00391537943990831,-0.085763247396358,0.000543469378314963,-0.138396202593551,0.00054348890008646,-0.54607881191564,-7.13832183131431e-05
0.106417611406461,0.440069542710931,-0.00394255869490676,-0.085763357137291,0.000547249397822106,-0.138396331479676,0.000547269327735682,-0.546079861194314,-7.18241717143978e-05
0.10715563333568,0.440069405735685,-0.00396992697250436,-0.0857634683870596,0.000551055861244892,-0.138396462140829,0.000551076207821767,-0.546080925002752,-7.22670534835726e-05
0.107898773556513,0.440069266793401,-0.00399748559456796,-0.0857635811661463,0.000554888956733678,-0.13839659460119,0.000554909728672564,-0.546082003541106,-7.2711853455882e-05
0.108647067565072,0.440069125855016,-0.00402523589235648,-0.0857636954953042,0.000558748873842021,-0.138396728885259,0.000558770080022808,-0.546083097012252,-7.3158560907477e-05
0.109400551103639,0.440068982891016,-0.00405317920659052,-0.0857638113955602,0.000562635803538425,-0.138396865017865,0.000562657453025939,-0.546084205621833,-7.36071645414081e-05
0.110159260162376,0.440068837871427,-0.00408131688752262,-0.0857639288882191,0.000566549938218204,-0.138397003024166,0.000566572040266046,-0.546085329578292,-7.40576524734596e-05
0.11092323098104,0.440068690765811,-0.00410965029500805,-0.0857640479948662,0.000570491471715485,-0.138397142929653,0.000570514035769942,-0.54608646909291,-7.45100122174838e-05
0.111692500050717,0.440068541543252,-0.00413818079857625,-0.0857641687373713,0.000574460599315303,-0.138397284760156,0.000574483635019349,-0.546087624379845,-7.49642306706148e-05
0.112467104115564,0.440068390172356,-0.00416690977750279,-0.0857642911378922,0.000578457517765878,-0.13839742854185,0.000578481034963243,-0.546088795656167,-7.5420294098006e-05
0.113247080174565,0.440068236621234,-0.00419583862088194,-0.0857644152188779,0.000582482425290946,-0.138397574301254,0.000582506434030289,-0.546089983141901,-7.58781881173148e-05
0.114032465483296,0.440068080857501,-0.00422496872769989,-0.0857645410030726,0.000586535521602297,-0.13839772206524,0.000586560032141448,-0.546091187060063,-7.63378976828474e-05
0.114823297555707,0.440067922848265,-0.00425430150690852,-0.0857646685135189,0.000590617007912394,-0.138397871861035,0.000590642030722693,-0.546092407636702,-7.67994070693147e-05
0.115619614165913,0.440067762560117,-0.00428383837749979,-0.0857647977735619,0.000594727086947145,-0.138398023716228,0.000594752632717863,-0.546093645100938,-7.72626998553315e-05
0.116421453349997,0.440067599959123,-0.00431358076858079,-0.0857649288068527,0.000598865962958807,-0.138398177658771,0.000598892042601666,-0.546094899685003,-7.77277589064443e-05
0.117228853407829,0.440067435010817,-0.00434353011944933,-0.0857650616373519,0.000603033841739029,-0.138398333716985,0.000603060466392801,-0.546096171624285,-7.81945663579572e-05
0.118041852904894,0.440067267680189,-0.00437368787967032,-0.0857651962893339,0.000607230930632041,-0.138398491919567,0.000607258111667261,-0.546097461157365,-7.86631035971652e-05
0.118860490674132,0.440067097931677,-0.00440405550915258,-0.0857653327873902,0.000611457438547973,-0.138398652295591,0.000611485187571736,-0.546098768526065,-7.91333512453612e-05
0.1196848058178,0.440066925729159,-0.00443463447822645,-0.0857654711564334,0.00061571357597632,-0.138398814874514,0.00061574190483718,-0.546100093975485,-7.96052891394936e-05
0.120514837709331,0.44006675103594,-0.00446542626772201,-0.0857656114217015,0.00061999955499956,-0.138398979686182,0.000620028475792526,-0.546101437754051,-8.00788963133334e-05
0.12135062599522,0.440066573814745,-0.0044964323690479,-0.085765753608761,0.000624315589306916,-0.138399146760834,0.000624345114378559,-0.546102800113554,-8.05541509782196e-05
0.122192210596917,0.440066394027709,-0.00452765428427089,-0.0857658977435117,0.000628661894208263,-0.138399316129104,0.000628692036161916,-0.546104181309199,-8.10310305035117e-05
0.123039631712731,0.440066211636364,-0.00455909352619606,-0.0857660438521902,0.00063303868664819,-0.138399487822032,0.00063306945834927,-0.546105581599649,-8.15095113965297e-05
0.123892929819754,0.440066026601632,-0.00459075161844772,-0.085766191961374,0.000637446185220227,-0.138399661871064,0.000637477599801649,-0.546107001247069,-8.19895692820774e-05
0.124752145675793,0.440065838883812,-0.00462263009555089,-0.0857663420979857,0.000641884610181191,-0.138399838308058,0.00064191668104891,-0.54610844051717,-8.24711788816532e-05
0.125617320321316,0.440065648442571,-0.0046547305030136,-0.0857664942892972,0.000646354183465751,-0.138400017165289,0.000646386924304399,-0.546109899679261,-8.29543139919398e-05
0.126488495081411,0.440065455236931,-0.00468705439740989,-0.0857666485629336,0.000650855128701091,-0.138400198475457,0.000650888553479756,-0.546111379006294,-8.34389474631408e-05
0.127365711567764,0.44006525922526,-0.00471960334646335,-0.0857668049468775,0.000655387671221776,-0.138400382271687,0.000655421794199863,-0.546112878774909,-8.39250511767212e-05
0.128249011680643,0.440065060365258,-0.00475237892913157,-0.0857669634694732,0.000659952038084765,-0.138400568587538,0.000659986873818018,-0.546114399265484,-8.44125960226608e-05
0.129138437610901,0.440064858613949,-0.00478538273569123,-0.0857671241594311,0.000664548458084601,-0.138400757457008,0.000664584021431207,-0.546115940762188,-8.49015518762514e-05
0.130034031841991,0.440064653927664,-0.00481861636782385,-0.0857672870458321,0.000669177161768759,-0.138400948914538,0.000669213467895623,-0.546117503553024,-8.53918875743515e-05
0.130935837151994,0.440064446262033,-0.00485208143870239,-0.0857674521581314,0.000673838381453178,-0.138401142995016,0.000673875445842281,-0.546119087929883,-8.58835708913569e-05
0.131843896615665,0.440064235571973,-0.00488577957307853,-0.0857676195261636,0.000678532351237966,-0.138401339733788,0.000678570189692878,-0.546120694188594,-8.63765685142973e-05
0.132758253606487,0.440064021811671,-0.00491971240737069,-0.0857677891801465,0.000683259307023265,-0.138401539166656,0.000683297935675795,-0.546122322628974,-8.68708460177378e-05
0.133678951798747,0.440063804934576,-0.00495388158975285,-0.0857679611506861,0.000688019486525319,-0.138401741329889,0.000688058921842286,-0.546123973554883,-8.73663678379877e-05
0.134606035169616,0.440063584893383,-0.00498828878024408,-0.0857681354687807,0.000692813129292712,-0.138401946260227,0.000692853388082863,-0.546125647274273,-8.78630972468014e-05
0.135539548001256,0.440063361640019,-0.00502293565079888,-0.0857683121658257,0.000697640476722787,-0.138402153994886,0.000697681576143856,-0.546127344099245,-8.83609963244977e-05
0.136479534882933,0.440063135125635,-0.00505782388539837,-0.085768491273618,0.00070250177207827,-0.138402364571563,0.000702543729644174,-0.5461290643461,-8.88600259326619e-05
0.137426040713143,0.440062905300583,-0.00509295518014203,-0.0857686728243605,0.000707397260504046,-0.138402578028445,0.000707440094092247,-0.546130808335393,-8.93601456859669e-05
0.138379110701763,0.440062672114411,-0.00512833124334055,-0.0857688568506673,0.000712327189044182,-0.138402794404211,0.000712370916903174,-0.546132576391992,-8.98613139237933e-05
0.139338790372205,0.440062435515841,-0.00516395379560923,-0.0857690433855678,0.000717291806659089,-0.13840301373804,0.000717336447416056,-0.546134368845129,-9.03634876809126e-05
0.140305125563594,0.44006219545276,-0.00519982456996242,-0.0857692324625117,0.000722291364242932,-0.138403236069615,0.000722336936911558,-0.54613618602846,-9.08666226577814e-05
0.141278162432955,0.440061951872201,-0.00523594531190851,-0.0857694241153737,0.000727326114641203,-0.138403461439132,0.000727372638629634,-0.546138028280121,-9.13706731901012e-05
0.14225794745742,0.440061704720331,-0.005272317779546,-0.0857696183784583,0.000732396312668516,-0.138403689887304,0.000732443807787496,-0.546139895942787,-9.18755922178008e-05
0.143244527436446,0.440061453942431,-0.00530894374366026,-0.0857698152865047,0.000737502215126605,-0.138403921455365,0.000737550701597772,-0.546141789363726,-9.23813312533467e-05
0.14423794949405,0.440061199482886,-0.00534582498782127,-0.0857700148746917,0.000742644080822543,-0.138404156185082,0.000742693579286891,-0.546143708894866,-9.28878403493802e-05
0.145238261081064,0.440060941285163,-0.00538296330848197,-0.0857702171786424,0.000747822170587137,-0.138404394118754,0.000747872702113659,-0.546145654892846,-9.33950680656742e-05
0.146245509977397,0.440060679291797,-0.00542036051507781,-0.0857704222344294,0.000753036747293602,-0.138404635299223,0.000753088333388096,-0.546147627719084,-9.39029614355005e-05
0.147259744294318,0.440060413444375,-0.00545801843012688,-0.0857706300785795,0.000758288075876379,-0.13840487976988,0.000758340738490449,-0.546149627739834,-9.44114659311573e-05
0.148281012476756,0.440060143683517,-0.00549593888933116,-0.0857708407480791,0.000763576423350245,-0.138405127574668,0.00076363018489047,-0.546151655326249,-9.49205254288932e-05
0.149309363305612,0.440059869948859,-0.00553412374167838,-0.0857710542803789,0.000768902058829591,-0.138405378758092,0.000768956942166892,-0.546153710854446,-9.5430082173012e-05
0.150344845900091,0.440059592179034,-0.00557257484954515,-0.0857712707133993,0.000774265253547973,-0.138405633365225,0.000774321282027168,-0.546155794705564,-9.59400767393051e-05
0.151387509720044,0.440059310311658,-0.00561129408880066,-0.085771490085535,0.000779666280877873,-0.13840589144171,0.000779723478327419,-0.546157907265835,-9.64504479977202e-05
0.152437404568337,0.440059024283305,-0.00565028334891147,-0.0857717124356609,0.000785105416350684,-0.138406153033774,0.000785163807092627,-0.546160048926644,-9.69611330741971e-05
0.153494580593225,0.440058734029492,-0.00568954453304728,-0.0857719378031364,0.000790582937676971,-0.138406418188227,0.000790642546537089,-0.546162220084595,-9.74720673118448e-05
0.154559088290748,0.440058439484657,-0.00572907955818742,-0.0857721662278116,0.00079609912476693,-0.138406686952474,0.000796159977085092,-0.546164421141581,-9.79831842311332e-05
0.155630978507143,0.440058140582144,-0.00576889035522857,-0.0857723977500317,0.000801654259751131,-0.13840695937452,0.000801716381391855,-0.546166652504847,-9.84944154894113e-05
0.156710302441275,0.440057837254175,-0.00580897886909324,-0.0857726324106426,0.000807248627001487,-0.138407235502975,0.000807312044364719,-0.546168914587059,-9.90056908395792e-05
0.15779711164708,0.440057529431836,-0.00584934705883929,-0.0857728702509963,0.000812882513152485,-0.138407515387062,0.000812947253184596,-0.546171207806376,-9.95169380878166e-05
0.158891458036027,0.440057217045054,-0.00588999689777043,-0.0857731113129564,0.000818556207122666,-0.138407799076627,0.000818622297327674,-0.546173532586513,-0.00010002808305052
0.159993393879601,0.440056900022574,-0.0059309303735477,-0.0857733556389026,0.00082427000013638,-0.138408086622139,0.000824337468587392,-0.546175889356819,-0.000100539049510406
0.161102971811794,0.440056578291937,-0.0059721494883019,-0.0857736032717372,0.000830024185745788,-0.138408378074703,0.000830093061096678,-0.546178278552339,-0.000101049759171509
0.162220244831628,0.44005625177946,-0.00601365625874723,-0.0857738542548899,0.000835819059853148,-0.138408673486065,0.000835889371350473,-0.546180700613896,-0.000101560131613609
0.163345266305675,0.440055920410212,-0.00605545271629565,-0.0857741086323233,0.000841654920733366,-0.138408972908616,0.000841726698228523,-0.546183155988153,-0.000102070084245225
0.164478089970617,0.440055584107988,-0.00609754090717249,-0.0857743664485385,0.000847532069056807,-0.138409276395405,0.000847605343018428,-0.546185645127697,-0.000102579532256279
0.165618769935804,0.440055242795288,-0.00613992289253308,-0.0857746277485804,0.000853450807912426,-0.138409584000142,0.000853525609439039,-0.546188168491102,-0.00010308838856915
0.166767360685846,0.440054896393293,-0.00618260074858032,-0.0857748925780435,0.000859411442831139,-0.138409895777203,0.000859487803664073,-0.546190726543016,-0.000103596563789193
0.167923917083208,0.440054544821839,-0.00622557656668345,-0.085775160983077,0.000865414281809515,-0.138410211781644,0.00086549223434606,-0.546193319754225,-0.000104103966154095
0.169088494370839,0.44005418799939,-0.00626885245349779,-0.0857754330103908,0.000871459635333739,-0.138410532069203,0.000871539212640588,-0.546195948601739,-0.000104610501482139
0.170261148174801,0.440053825843015,-0.00631243053108567,-0.0857757087072611,0.000877547816403887,-0.138410856696307,0.00087762905223084,-0.546198613568864,-0.000105116073119492
0.171441934506935,0.44005345826836,-0.00635631293703829,-0.0857759881215353,0.000883679140558482,-0.138411185720082,0.000883762069352426,-0.546201315145283,-0.000105620581886408
0.172630909767531,0.440053085189621,-0.00640050182459895,-0.0857762713016384,0.000889853925899402,-0.138411519198361,0.00088993858281857,-0.546204053827131,-0.000106123926022335
0.173828130748022,0.440052706519518,-0.00644499936278715,-0.0857765582965784,0.000896072493117028,-0.138411857189686,0.000896158914045556,-0.546206830117083,-0.000106626001129935
0.1750336546337,0.440052322169263,-0.00648980773652389,-0.0857768491559516,0.000902335165515757,-0.138412199753321,0.000902423387078528,-0.546209644524426,-0.000107126700117879
0.176247539006444,0.440051932048536,-0.00653492914675828,-0.0857771439299486,0.000908642269039836,-0.138412546949257,0.000908732328617611,-0.546212497565146,-0.000107625913142666
0.177469841847474,0.440051536065453,-0.00658036581059501,-0.0857774426693599,0.000914994132299481,-0.138412898838221,0.000915086068044356,-0.546215389762008,-0.000108123527549041
0.178700621540116,0.440051134126535,-0.00662611996142332,-0.0857777454255815,0.000921391086597375,-0.138413255481681,0.00092148493744853,-0.546218321644641,-0.000108619427809396
0.179939936872594,0.44005072613668,-0.00667219384904679,-0.0857780522506207,0.000927833465955437,-0.138413616941855,0.000927929271655218,-0.546221293749622,-0.00010911349546186
0.181187847040838,0.440050311999131,-0.00671858973981466,-0.0857783631971014,0.000934321607141999,-0.138413983281718,0.000934419408252307,-0.54622430662056,-0.000109605609047193
0.182444411651309,0.440049891615443,-0.00676530991675416,-0.0857786783182705,0.000940855849699281,-0.138414354565013,0.000940955687618302,-0.546227360808182,-0.000110095644044267
0.183709690723849,0.440049464885451,-0.00681235667970405,-0.0857789976680028,0.000947436535971218,-0.138414730856252,0.000947538452950475,-0.546230456870421,-0.000110583472804585
0.184983744694544,0.440049031707236,-0.00685973234544954,-0.0857793213008073,0.000954064011131655,-0.13841511222073,0.000954168050293421,-0.546233595372504,-0.000111068964485053
0.186266634418617,0.440048591977094,-0.00690743924785824,-0.0857796492718324,0.000960738623212892,-0.138415498724528,0.000960844828567933,-0.546236776887038,-0.000111551984979731
0.187558421173328,0.440048145589498,-0.00695547973801751,-0.0857799816368721,0.000967460723134593,-0.138415890434525,0.000967569139600279,-0.546240001994102,-0.000112032396850072
0.188859166660905,0.440047692437063,-0.00700385618437304,-0.0857803184523711,0.000974230664733054,-0.138416287418402,0.000974341338151828,-0.546243271281338,-0.000112510059253869
0.190168933011491,0.440047232410511,-0.00705257097286877,-0.0857806597754309,0.000981048804790884,-0.138416689744652,0.000981161781949094,-0.546246585344037,-0.000112984827872649
0.191487782786108,0.440046765398633,-0.00710162650708793,-0.0857810056638153,0.000987915503067001,-0.138417097482587,0.000988030831714125,-0.546249944785239,-0.000113456554837688
0.192815778979652,0.440046291288254,-0.00715102520839552,-0.0857813561759562,0.000994831122327075,-0.138417510702344,0.000994948851195309,-0.54625335021582,-0.000113925088654668
0.194152985023894,0.44004580996419,-0.00720076951608213,-0.0857817113709588,0.00100179602837433,-0.138417929474898,0.00100191620719858,-0.546256802254588,-0.00011439027412654
0.195499464790516,0.44004532130921,-0.00725086188750898,-0.0857820713086077,0.00100881059008074,-0.138418353872063,0.00100893326961902,-0.546260301528378,-0.000114851952275251
0.196855282594159,0.440044825203999,-0.00730130479825436,-0.0857824360493722,0.00101587517941864,-0.138418783966506,0.00101600041147285,-0.546263848672146,-0.000115309960261524
0.198220503195496,0.440044321527114,-0.00735210074226148,-0.0857828056544118,0.00102299017149275,-0.138419219831749,0.0010231180089299,-0.54626744432907,-0.000115764131303361
0.199595191804325,0.440043810154942,-0.00740325223198759,-0.0857831801855822,0.00103015594457259,-0.138419661542182,0.00103028644134642,-0.546271089150643,-0.000116214294592749
0.200979414082682,0.440043290961656,-0.00745476179855448,-0.08578355970544,0.00103737288012532,-0.138420109173069,0.00103750609129837,-0.546274783796773,-0.000116660275210803
0.202373236147981,0.440042763819177,-0.00750663199190055,-0.0857839442772492,0.00104464136284904,-0.138420562800553,0.00104477734461515,-0.546278528935883,-0.00011710189404119
0.203776724576168,0.44004222859712,-0.00755886538093408,-0.0857843339649855,0.00105196178070647,-0.138421022501668,0.00105210059041373,-0.546282325245009,-0.000117538967681872
0.205189946404906,0.440041685162758,-0.00761146455368798,-0.0857847288333426,0.00105933452495911,-0.138421488354346,0.00105947622113325,-0.546286173409906,-0.000117971308355128
0.206612969136771,0.440041133380968,-0.00766443211747604,-0.0857851289477372,0.0010667599902018,-0.138421960437421,0.00106690463257007,-0.546290074125145,-0.000118398723815805
0.208045860742482,0.440040573114187,-0.00771777069905061,-0.0857855343743142,0.0010742385743978,-0.138422438830641,0.0010743862239133,-0.546294028094219,-0.000118821017257749
0.209488689664142,0.440040004222363,-0.00777148294476171,-0.0857859451799521,0.00108177067891424,-0.138422923614675,0.00108192139778076,-0.546298036029643,-0.000119237987218343
0.210941524818514,0.440039426562902,-0.00782557152071755,-0.085786361432268,0.00108935670855809,-0.13842341487112,0.00108951056025543,-0.546302098653066,-0.000119649427481314
0.212404435600306,0.440038839990623,-0.00788003911294682,-0.0857867831996233,0.00109699707161261,-0.138423912682507,0.00109715412092236,-0.546306216695368,-0.000120055126977631
0.21387749188549,0.440038244357701,-0.00793488842756204,-0.0857872105511281,0.00110469217987423,-0.138424417132312,0.00110485249290613,-0.546310390896776,-0.000120454869684233
0.215360764034637,0.440037639513615,-0.00799012219092482,-0.0857876435566462,0.00111244244868994,-0.138424928304963,0.00111260609290871,-0.546314622006961,-0.000120848434521134
0.21685432289628,0.440037025305097,-0.00804574314981256,-0.0857880822868008,0.00112024829699516,-0.138425446285843,0.0011204153412479,-0.546318910785155,-0.000121235595246225
0.218358239810298,0.440036401576071,-0.00810175407158645,-0.0857885268129786,0.00112811014735214,-0.138425971161306,0.00112828066189621,-0.546323258000258,-0.000121616120348347
0.21987258661132,0.440035768167601,-0.00815815774436139,-0.0857889772073348,0.00113602842598879,-0.138426503018676,0.00113620248252031,-0.546327664430944,-0.00012198977293789
0.22139743563216,0.440035124917833,-0.0082149569771773,-0.085789433542798,0.00114400356283812,-0.13842704194626,0.00114418123452099,-0.546332130865777,-0.000122356310635646
0.222932859707273,0.440034471661931,-0.00827215460017187,-0.0857898958930745,0.00115203599157811,-0.138427588033353,0.0011522173530736,-0.546336658103323,-0.000122715485459307
0.224478932176229,0.440033808232024,-0.00832975346475533,-0.0857903643326531,0.00116012614967214,-0.138428141370247,0.00116031127716909,-0.546341246952258,-0.00012306704370782
0.22603572688722,0.440033134457138,-0.00838775644378634,-0.085790838936809,0.00116827447840995,-0.138428702048236,0.00116846344965553,-0.546345898231486,-0.000123410725843598
0.227603318200585,0.440032450163137,-0.0084461664317499,-0.0857913197816089,0.0011764814229492,-0.138429270159626,0.00117667431728029,-0.546350612770254,-0.000123746266372238
0.229181780992365,0.440031755172655,-0.00850498634493664,-0.0857918069439142,0.0011847474323574,-0.138429845797739,0.0011849443307326,-0.546355391408264,-0.000124073393720239
0.230771190657875,0.440031049305034,-0.00856421912162398,-0.0857923005013861,0.00119307295965461,-0.138430429056924,0.00119327394468688,-0.546360234995791,-0.00012439183011017
0.23237162311531,0.440030332376256,-0.00862386772225876,-0.0857928005324887,0.0012014584618566,-0.138431020032559,0.00120166361784646,-0.5463651443938,-0.000124701291433431
0.233983154809368,0.44002960419887,-0.00868393512964172,-0.0857933071164932,0.00120990440001852,-0.138431618821062,0.00121011381298802,-0.546370120474066,-0.000125001487120725
0.235605862714901,0.440028864581928,-0.00874442434911348,-0.0857938203334817,0.00121841123927922,-0.138432225519898,0.00121862499700652,-0.546375164119287,-0.000125292120010001
0.237239824340596,0.44002811333091,-0.00880533840874253,-0.0857943402643504,0.00122697944890623,-0.138432840227581,0.0012271976409608,-0.546380276223212,-0.000125572886211761
0.238885117732672,0.44002735024765,-0.0088666803595146,-0.0857948669908131,0.00123560950234112,-0.138433463043687,0.00123583222011976,-0.546385457690754,-0.000125843474972076
0.240541821478611,0.440026575130263,-0.00892845327552406,-0.0857954005954045,0.0012443018772457,-0.138434094068856,0.00124452921400911,-0.546390709438115,-0.000126103568532696
0.242210014710909,0.440025787773067,-0.0089906602541668,-0.0857959411614833,0.00125305705554862,-0.138434733404797,0.00125328910645881,-0.546396032392905,-0.000126352841988725
0.24388977711086,0.440024987966507,-0.00905330441633519,-0.0857964887732351,0.00126187552349276,-0.138435381154302,0.0012621123856511,-0.54640142749427,-0.000126590963143505
0.24558118891236,0.440024175497071,-0.00911638890661439,-0.0857970435156749,0.00127075777168308,-0.138436037421242,0.00127099954416915,-0.54640689569301,-0.000126817592360898
0.247284330905736,0.440023350147215,-0.00917991689348106,-0.0857976054746496,0.00127970429513528,-0.138436702310581,0.00127995107904645,-0.546412437951706,-0.000127032382414585
0.24899928444161,0.440022511695271,-0.00924389156950308,-0.085798174736841,0.00128871559332493,-0.138437375928379,0.0012889674918167,-0.546418055244846,-0.000127234978334667
0.250726131434783,0.440021659915369,-0.00930831615154183,-0.0857987513897668,0.00129779217023736,-0.138438058381794,0.00129804928856451,-0.546423748558946,-0.000127425017251312
0.252464954368146,0.440020794577347,-0.00937319388095587,-0.0857993355217836,0.00130693453441818,-0.138438749779095,0.00130719697997667,-0.546429518892683,-0.000127602128235677
0.254215836296621,0.440019915446661,-0.00943852802380653,-0.085799927222088,0.00131614319902442,-0.138439450229659,0.0013164110813942,-0.546435367257018,-0.000127765932137439
0.25597886085113,0.440019022284295,-0.00950432187106539,-0.0858005265807183,0.00132541868187642,-0.138440159843985,0.00132569211286492,-0.546441294675323,-0.000127916041419984
0.257754112242586,0.44001811484667,-0.00957057873882373,-0.0858011336885554,0.00133476150551035,-0.13844087873369,0.00133504059919696,-0.546447302183512,-0.000128052059991612
0.259541675265918,0.440017192885545,-0.00963730196850351,-0.0858017486373244,0.00134417219723143,-0.138441607011521,0.00134445707001273,-0.54645339083017,-0.000128173583034422
0.261341635304121,0.440016256147925,-0.00970449492707072,-0.0858023715195946,0.00135365128916784,-0.138442344791354,0.00135394205980379,-0.546459561676682,-0.000128280196829755
0.263154078332332,0.440015304375955,-0.00977216100725017,-0.0858030024287806,0.00136319931832538,-0.138443092188203,0.00136349610798631,-0.54646581579736,-0.000128371478580164
0.26497909092194,0.440014337306826,-0.00984030362774243,-0.0858036414591421,0.00137281682664279,-0.138443849318221,0.00137311975895739,-0.546472154279581,-0.000128446996228437
0.266816760244719,0.440013354672666,-0.00990892623344272,-0.0858042887057837,0.00138250436104785,-0.138444616298705,0.001382813562152,-0.546478578223912,-0.00012850630827313
0.268667174076992,0.440012356200438,-0.00997803229566154,-0.0858049442646552,0.00139226247351414,-0.1384453932481,0.00139257807210074,-0.546485088744245,-0.000128548963580805
0.270530420803823,0.440011341611828,-0.0100476253123473,-0.0858056082325498,0.00140209172111863,-0.138446180286,0.00140241384848834,-0.546491686967928,-0.000128574501194703
0.27240658942324,0.440010310623139,-0.0101177088083112,-0.0858062807071042,0.00141199266609995,-0.138446977533155,0.00141232145621296,-0.546498374035899,-0.000128582450140052
0.274295769550488,0.440009262945174,-0.0101882863354533,-0.0858069617867962,0.00142196587591749,-0.138447785111469,0.00142230146544621,-0.54650515110282,-0.000128572329225737
0.276198051422303,0.440008198283123,-0.0102593614729917,-0.0858076515709438,0.00143201192331115,-0.138448603144009,0.001432354451694,-0.546512019337207,-0.000128543646842408
0.278113525901229,0.440007116336444,-0.0103309378276924,-0.0858083501597027,0.00144213138636205,-0.138449431755001,0.00144248099585817,-0.546518979921571,-0.000128495900756878
0.280042284479955,0.440006016798744,-0.0104030190341022,-0.0858090576540641,0.00145232484855381,-0.138450271069834,0.00145268168429892,-0.546526034052545,-0.000128428577902961
0.281984419285683,0.440004899357655,-0.0104756087547829,-0.0858097741558516,0.00146259289883482,-0.138451121215063,0.00146295710889809,-0.546533182941022,-0.000128341154168252
0.283940023084533,0.440003763694708,-0.0105487106805481,-0.085810499767718,0.0014729361316812,-0.138451982318408,0.00147330786712319,-0.546540427812294,-0.000128233094177366
0.285909189285972,0.440002609485205,-0.0106223285307012,-0.0858112345931423,0.00148335514716057,-0.138452854508757,0.00148373456209236,-0.546547769906179,-0.000128103851071135
0.287892011947275,0.440001436398087,-0.0106964660532761,-0.0858119787364246,0.00149385055099676,-0.138453737916167,0.00149423780264006,-0.546555210477165,-0.000127952866281825
0.289888585778017,0.440000244095802,-0.0107711270252798,-0.0858127323026826,0.00150442295463515,-0.138454632671859,0.00150481820338373,-0.546562750794541,-0.000127779569304376
0.291899006144599,0.439999032234165,-0.0108463152529368,-0.085813495397846,0.00151507297530908,-0.138455538908224,0.00151547638479122,-0.546570392142533,-0.000127583377463755
0.293923369074803,0.43999780046222,-0.0109220345719351,-0.0858142681286514,0.00152580123610692,-0.138456456758821,0.00152621297324912,-0.546578135820444,-0.000127363695677757
0.295961771262377,0.439996548422099,-0.0109982888476756,-0.0858150506026365,0.00153660836604008,-0.138457386358371,0.00153702860113195,-0.546585983142783,-0.000127119916216098
0.298014310071653,0.439995275748869,-0.011075081975522,-0.0858158429281333,0.00154749500011192,-0.138458327842764,0.00154792390687231,-0.546593935439409,-0.000126851418454824
0.300081083542203,0.439993982070392,-0.0111524178810536,-0.0858166452142616,0.0015584617793874,-0.138459281349047,0.00155889953503181,-0.546601994055663,-0.000126557568626784
0.302162190393513,0.439992667007164,-0.0112303005203198,-0.0858174575709214,0.00156950935106382,-0.138460247015432,0.00156995613637301,-0.546610160352503,-0.000126237719567365
0.304257730029708,0.439991330172166,-0.011308733880097,-0.085818280108785,0.00158063836854225,-0.138461224981284,0.00158109436793222,-0.546618435706644,-0.000125891210456114
0.306367802544292,0.4399899711707,-0.0113877219781466,-0.0858191129392882,0.00159184949149995,-0.138462215387125,0.00159231489309318,-0.546626821510689,-0.000125517366553515
0.308492508724934,0.439988589600229,-0.0114672688634767,-0.0858199561746215,0.00160314338596377,-0.138463218374624,0.00160361838166186,-0.546635319173267,-0.000125115498933598
0.31063195005828,0.439987185050212,-0.0115473786166039,-0.0858208099277203,0.00161452072438429,-0.138464234086597,0.00161500550994192,-0.546643930119171,-0.000124684904211511
0.312786228734801,0.43998575710193,-0.0116280553498183,-0.0858216743122544,0.00162598218571107,-0.138465262666999,0.00162647696081139,-0.546652655789488,-0.000124224864266609
0.314955447653674,0.439984305328317,-0.0117093032074505,-0.0858225494426171,0.00163752845546869,-0.13846630426092,0.00163803342380006,-0.546661497641735,-0.000123734645960882
0.317139710427697,0.439982829293783,-0.0117911263661402,-0.0858234354339133,0.00164916022583384,-0.138467359014579,0.0016496755951681,-0.546670457149996,-0.00012321350085219
0.319339121388238,0.439981328554031,-0.0118735290351068,-0.0858243324019478,0.00166087819571333,-0.138468427075317,0.00166140417798545,-0.546679535805053,-0.000122660664902963
0.321553785590219,0.439979802655871,-0.0119565154564223,-0.0858252404632117,0.00167268307082293,-0.138469508591588,0.00167321988221223,-0.54668873511452,-0.000122075358183898
0.323783808817133,0.439978251137038,-0.0120400899052864,-0.0858261597348686,0.00168457556376745,-0.138470603712954,0.00168512342478025,-0.546698056602975,-0.000121456784572233
0.326029297586097,0.439976673525993,-0.0121242566903026,-0.0858270903347408,0.00169655639412151,-0.138471712590075,0.00169711552967541,-0.54670750181209,-0.000120804131445579
0.328290359152942,0.439975069341729,-0.0122090201537575,-0.085828032381293,0.00170862628851147,-0.138472835374696,0.00170919692802115,-0.546717072300769,-0.00012011656936986
0.330567101517332,0.439973438093571,-0.0122943846719011,-0.0858289859936173,0.00172078598069828,-0.138473972219644,0.00172136835816291,-0.54672676964527,-0.000119393251782882
0.332859633427924,0.439971779280968,-0.0123803546552299,-0.0858299512914157,0.00173303621166134,-0.138475123278811,0.00173363056575362,-0.546736595439337,-0.000118633314671671
0.335168064387565,0.439970092393286,-0.0124669345487711,-0.0858309283949826,0.00174537772968337,-0.138476288707146,0.00174598430384022,-0.546746551294332,-0.000117835876245156
0.337492504658521,0.439968376909597,-0.012554128832369,-0.0858319174251864,0.00175781129043625,-0.138477468660641,0.0017584303329512,-0.546756638839359,-0.000117000036601048
0.339833065267741,0.439966632298452,-0.012641942020974,-0.0858329185034497,0.00177033765706797,-0.138478663296318,0.00177096942118523,-0.546766859721387,-0.000116124877387561
0.342189858012163,0.439964858017668,-0.0127303786649324,-0.0858339317517293,0.00178295760029048,-0.138479872772216,0.00178360234430081,-0.546777215605384,-0.000115209461459098
0.344562995464054,0.439963053514094,-0.0128194433502788,-0.0858349572924952,0.00179567189846868,-0.138481097247375,0.00179632988580696,-0.546787708174432,-0.000114252832526654
0.346952590976386,0.43996121822338,-0.0129091406990302,-0.0858359952487076,0.00180848133771038,-0.138482336881821,0.00180915283705507,-0.546798339129853,-0.000113254014802541
0.349358758688252,0.439959351569742,-0.0129994753694815,-0.0858370457437945,0.00182138671195732,-0.13848359183655,0.00182207199733165,-0.546809110191331,-0.000112212012639112
0.351781613530314,0.439957452965718,-0.0130904520565036,-0.0858381089016272,0.00183438882307724,-0.138484862273508,0.00183508817395238,-0.54682002309703,-0.000111125810161761
0.354221271230298,0.439955521811919,-0.0131820754918428,-0.0858391848464948,0.001847488480957,-0.138486148355576,0.00184820218235707,-0.546831079603709,-0.000109994370896205
0.356677848318515,0.43995355749678,-0.0132743504444216,-0.0858402737030785,0.00186068650359678,-0.138487450246549,0.00186141484620577,-0.546842281486845,-0.000108816637389458
0.359151462133436,0.439951559396302,-0.0133672817206422,-0.0858413755964234,0.00187398371720529,-0.138488768111113,0.00187472699747601,-0.546853630540737,-0.000107591530825041
0.361642230827288,0.439949526873787,-0.0134608741646906,-0.085842490651911,0.00188738095629607,-0.138490102114829,0.00188813947656107,-0.546865128578629,-0.000106317950632026
0.364150273371703,0.439947459279571,-0.0135551326588435,-0.0858436189952286,0.00190087906378495,-0.138491452424106,0.00190165313236946,-0.546876777432812,-0.000104994774087722
0.366675709563398,0.439945355950749,-0.0136500621237755,-0.0858447607523389,0.00191447889108839,-0.138492819206178,0.00191526882242535,-0.546888578954737,-0.000103620855914685
0.369218660029898,0.439943216210898,-0.0137456675188691,-0.0858459160494479,0.0019281812982231,-0.138494202629084,0.00192898741297031,-0.546900535015116,-0.000102195027870622
0.371779246235299,0.439941039369791,-0.0138419538425257,-0.0858470850129716,0.0019419871539066,-0.138495602861633,0.00194280977906598,-0.54691264750403,-0.000100716098332718
0.374357590486067,0.439938824723102,-0.0139389261324781,-0.0858482677695012,0.00195589733565897,-0.138497020073387,0.00195673680469802,-0.546924918331027,-9.91828518749072e-05
0.376953815936883,0.439936571552115,-0.0140365894661044,-0.0858494644457676,0.0019699127299056,-0.138498454434625,0.00197076938288106,-0.546937349425222,-9.75940488392307e-05
0.379568046596523,0.439934279123417,-0.0141349489607439,-0.0858506751686038,0.00198403423208105,-0.138499906116318,0.00198490841576485,-0.546949942735389,-9.59484249002662e-05
0.382200407333782,0.439931946688591,-0.0142340097740136,-0.0858519000649064,0.00199826274673406,-0.138501375290096,0.00199915481474153,-0.54696270023006,-9.42446906229688e-05
0.384851023883439,0.439929573483899,-0.0143337771041263,-0.0858531392615957,0.00201259918763354,-0.138502862128218,0.002013509500554,-0.546975623897608,-9.24815310140298e-05
0.387520022852263,0.439927158729961,-0.0144342561902105,-0.0858543928855739,0.00202704447787578,-0.138504366803535,0.00202797340340542,-0.546988715746337,-9.06576050664354e-05
0.390207531725059,0.439924701631428,-0.0145354523126309,-0.0858556610636827,0.00204159954999264,-0.138505889489461,0.00204254746306991,-0.547001977804565,-8.87715452971838e-05
0.392913678870758,0.439922201376643,-0.01463737079331,-0.0858569439226581,0.00205626534606087,-0.13850743035993,0.00205723262900428,-0.547015412120706,-8.68219572782852e-05
0.395638593548549,0.439919657137307,-0.0147400169960516,-0.0858582415890851,0.00207104281781255,-0.138508989589364,0.00207202986046096,-0.54702902076334,-8.48074191606429e-05
0.398382405914052,0.439917068068122,-0.0148433963268641,-0.0858595541893494,0.00208593292674658,-0.13851056735263,0.00208694012660208,-0.547042805821294,-8.27264811911893e-05
0.401145247025537,0.439914433306445,-0.0149475142342866,-0.0858608818495886,0.00210093664424128,-0.138512163825003,0.00210196440661458,-0.547056769403704,-8.05776652230417e-05
0.403927248850181,0.439911751971916,-0.0150523762097136,-0.0858622246956412,0.00211605495166802,-0.138513779182119,0.00211710368982654,-0.547070913640084,-7.83594642184138e-05
0.406728544270374,0.439909023166098,-0.0151579877877228,-0.0858635828529939,0.00213128884050598,-0.138515413599936,0.00213235897582462,-0.547085240680388,-7.6070341744533e-05
0.409549267090063,0.439906245972094,-0.015264354546402,-0.0858649564467271,0.002146639312458,-0.138517067254687,0.00214773127457257,-0.547099752695062,-7.37087314624657e-05
0.412389552041149,0.439903419454167,-0.0153714821076778,-0.0858663456014588,0.00216210737956743,-0.138518740322832,0.00216322160653091,-0.547114451875099,-7.12730366085879e-05
0.415249534789915,0.439900542657345,-0.0154793761376442,-0.085867750441287,0.00217769406433613,-0.138520432981009,0.00217883100277769,-0.547129340432087,-6.87616294688664e-05
0.418129351943512,0.439897614607028,-0.0155880423468924,-0.0858691710897289,0.00219340039984342,-0.138522145405986,0.00219456050513042,-0.547144420598253,-6.61728508460219e-05
0.421029141056481,0.439894634308573,-0.0156974864908401,-0.0858706076696601,0.00220922742986619,-0.138523877774604,0.00221041116626892,-0.547159694626496,-6.35050095191686e-05
0.423949040637325,0.439891600746888,-0.0158077143700625,-0.0858720603032501,0.00222517620900002,-0.13852563026373,0.00222638404985957,-0.547175164790426,-6.07563816958229e-05
0.426889190155123,0.439888512886005,-0.0159187318306222,-0.0858735291118968,0.00224124780278125,-0.138527403050193,0.00224248023068033,-0.547190833384387,-5.7925210457388e-05
0.429849730046193,0.439885369668649,-0.0160305447644003,-0.085875014216159,0.00225744328781019,-0.138529196310732,0.002258700794747,-0.54720670272348,-5.50097051961462e-05
0.432830801720801,0.439882170015802,-0.0161431591094273,-0.0858765157356858,0.00227376375187532,-0.138531010221934,0.00227504683944063,-0.547222775143584,-5.20080410453261e-05
0.435832547569911,0.439878912826255,-0.0162565808502135,-0.0858780337891453,0.00229021029407845,-0.138532844960171,0.00229151947363571,-0.547239053001357,-4.89183583018693e-05
0.438855110971994,0.439875596976153,-0.0163708160180802,-0.0858795684941499,0.00230678402496088,-0.138534700701539,0.00230811981782974,-0.547255538674252,-4.5738761841066e-05
0.441898636299867,0.439872221318529,-0.0164858706914899,-0.08588111996718,0.00232348606663055,-0.138536577621787,0.00232484900427355,-0.547272234560507,-4.24673205241116e-05
0.444963268927599,0.439868784682837,-0.0166017509963762,-0.085882688323505,0.0023403175528902,-0.138538475896256,0.00234170817710286,-0.547289143079138,-3.91020665980041e-05
0.448049155237445,0.439865285874463,-0.0167184631064742,-0.0858842736771028,0.00235727962936639,-0.138540395699802,0.0023586984924707,-0.547306266669931,-3.56409950876824e-05
0.451156442626847,0.439861723674242,-0.016836013243649,-0.0858858761405758,0.00237437345363954,-0.138542337206727,0.00237582111868089,-0.54732360779341,-3.20820631806717e-05
0.454285279515466,0.439858096837956,-0.0169544076782241,-0.0858874958250653,0.0023916001953748,-0.138544300590704,0.00239307723632251,-0.547341168930817,-2.84231896041237e-05
0.457435815352278,0.439854404095824,-0.0170736527293096,-0.0858891328401632,0.00240896103645393,-0.138546286024698,0.00241046803840528,-0.547358952584073,-2.46622539943481e-05
0.46060820062271,0.439850644151988,-0.0171937547651282,-0.085890787293821,0.0024264571711079,-0.138548293680888,0.00242799473049592,-0.547376961275732,-2.07970962583931e-05
0.463802586855826,0.439846815683985,-0.0173147202033414,-0.0858924592922563,0.00244408980605055,-0.138550323730585,0.00244565853085541,-0.547395197548935,-1.68255159282704e-05
0.467019126631568,0.439842917342207,-0.0174365555113732,-0.0858941489398571,0.0024618601606129,-0.138552376344148,0.00246346067057721,-0.547413663967347,-1.27452715074639e-05
0.470257973588042,0.439838947749363,-0.0175592672067335,-0.0858958563390824,0.0024797694668784,-0.138554451690895,0.00248140239372626,-0.547432363115094,-8.55407980991651e-06
0.473519282428857,0.439834905499916,-0.0176828618573397,-0.0858975815903614,0.0024978189698189,-0.138556549939016,0.00249948495747897,-0.54745129759668,-4.24961529119083e-06
0.476803208930514,0.439830789159522,-0.017807346081836,-0.085899324791989,0.00251600992743144,-0.138558671255481,0.00251770963226393,-0.547470470036911,1.70490627685038e-07
0.480109909949849,0.439826597264452,-0.0179327265499121,-0.0859010860400184,0.00253434361087571,-0.13856081580594,0.00253607770190347,-0.547489883080798,4.70865024405909e-06
0.483439543431522,0.43982232832101,-0.0180590099826186,-0.0859028654281518,0.00255282130461231,-0.138562983754635,0.00255459046375606,-0.547509539393455,9.36732026519949e-06
0.486792268415562,0.439817980804933,-0.0181862031526813,-0.0859046630476265,0.00257144430654162,-0.138565175264292,0.00257324922885937,-0.547529441659985,1.41490025069996e-05
0.490168245044966,0.439813553160791,-0.0183143128848124,-0.0859064789871001,0.00259021392814332,-0.138567390496018,0.00259205532207416,-0.547549592585364,1.90562446004405e-05
0.493567634573345,0.439809043801365,-0.01844334605602,-0.0859083133325305,0.00260913149461659,-0.138569629609203,0.00261101008222875,-0.547569994894307,2.40916407052982e-05
0.496990599372628,0.439804451107026,-0.0185733095959145,-0.0859101661670546,0.00262819834502089,-0.138571892761401,0.00263011486226432,-0.547590651331124,2.92578322314552e-05
0.500437302940819,0.439799773425092,-0.0187042104870118,-0.0859120375708624,0.00264741583241715,-0.138574180108225,0.00264937102938062,-0.547611564659573,3.45575085672623e-05
0.503907909909802,0.439795009069187,-0.0188360557650344,-0.0859139276210691,0.00266678532400974,-0.13857649180323,0.00266877996518255,-0.547632737662694,3.99934078152697e-05
0.50740258605321,0.439790156318576,-0.0189688525192085,-0.0859158363915831,0.00268630820128862,-0.138578827997795,0.00268834306582702,-0.547654173142639,4.55683175354105e-05
0.510921498294339,0.4397852134175,-0.0191026078925579,-0.0859177639529708,0.00270598586017217,-0.138581188841002,0.00270806174217059,-0.547675873920484,5.12850754949279e-05
0.514464814714125,0.439780178574495,-0.0192373290821946,-0.0859197103723184,0.0027258197111503,-0.138583574479511,0.00272793741991737,-0.547697842836033,5.71465704254648e-05
0.518032704559168,0.439775049961697,-0.0193730233396051,-0.0859216757130899,0.00274581117942781,-0.138585985057436,0.0027479715397676,-0.547720082747612,6.31557427875629e-05
0.52162533824982,0.439769825714145,-0.0195096979709333,-0.0859236600349815,0.00276596170506841,-0.138588420716209,0.0027681655575664,-0.54774259653185,6.93155855411298e-05
0.525242887388322,0.439764503929062,-0.0196473603372582,-0.085925663393773,0.00278627274313853,-0.138590881594451,0.00278852094445301,-0.547765387083441,7.56291449237889e-05
0.528885524767003,0.439759082665134,-0.0197860178548682,-0.085927685841175,0.00280674576385172,-0.138593367827831,0.00280903918701036,-0.547788457314905,8.2099521234863e-05
0.532553424376533,0.43975355994177,-0.0199256779955306,-0.0859297274246728,0.00282738225271309,-0.138595879548925,0.00282972178741485,-0.547811810156327,8.87298696268246e-05
0.536246761414231,0.439747933738357,-0.0200663482867546,-0.0859317881873661,0.00284818371066372,-0.138598416887077,0.00285057026358631,-0.547835448555085,9.55234009024641e-05
0.539965712292437,0.439742201993499,-0.0202080363120523,-0.0859338681678058,0.0028691516542254,-0.138600979968242,0.00287158614933826,-0.547859375475568,0.000102483382318747
0.543710454646936,0.439736362604244,-0.0203507497111908,-0.0859359673998259,0.00289028761564518,-0.138603568914842,0.00289277099452814,-0.547883593898873,0.00010961313839708
0.547481167345445,0.439730413425305,-0.0204944961804413,-0.0859380859123721,0.00291159314303988,-0.138606183845607,0.00291412636520764,-0.547908106822498,0.000116916051738691
0.551278030496154,0.439724352268261,-0.0206392834728213,-0.0859402237293269,0.00293306980054057,-0.138608824875419,0.00293565384377317,-0.547932917260008,0.000124395563847413
0.55510122545633,0.439718176900755,-0.0207851193983306,-0.0859423808693291,0.00295471916843683,-0.138611492115144,0.00295735502911598,-0.547958028240697,0.000132055175956269
0.558950934840979,0.439711885045671,-0.0209320118241816,-0.0859445573455913,0.00297654284332079,-0.138614185671471,0.0029792315367725,-0.547983442809229,0.000139898449861481
0.56282734253157,0.439705474380309,-0.0210799686750222,-0.0859467531657118,0.0029985424382308,-0.13861690564674,0.00300128499907424,-0.548009164025269,0.000147929008760428
0.566730633684818,0.439698942535536,-0.0212289979331525,-0.0859489683314827,0.00302071958279483,-0.138619652138765,0.00302351706529759,-0.548035194963088,0.000156150538095617
0.570660994741526,0.439692287094939,-0.0213791076387337,-0.0859512028386939,0.00304307592337338,-0.138622425240658,0.00304592940181327,-0.548061538711165,0.000164566786403364
0.574618613435493,0.439685505593952,-0.0215303058899904,-0.085953456676933,0.00306561312320188,-0.138625225040649,0.0030685236922354,-0.548088198371761,0.000173181566167024
0.578603678802477,0.439678595518983,-0.0216826008434047,-0.0859557298293804,0.00308833286253251,-0.138628051621893,0.00309130163757013,-0.548115177060487,0.000181998754675144
0.582616381189231,0.43967155430652,-0.0218360007139019,-0.0859580222726,0.00311123683877538,-0.138630905062285,0.00311426495636375,-0.548142477905842,0.000191022294883852
0.586656912262587,0.43966437934223,-0.0219905137750297,-0.0859603339763263,0.00313432676663894,-0.138633785434266,0.00313741538485022,-0.548170104048752,0.000200256196282944
0.590725465018618,0.439657067960044,-0.0221461483591262,-0.0859626649032459,0.00315760437826963,-0.138636692804619,0.00316075467709806,-0.54819805864207,0.000209704535766519
0.594822233791852,0.439649617441229,-0.0223029128574817,-0.0859650150087748,0.0031810714233905,-0.138639627234269,0.00318428460515637,-0.548226344850073,0.000219371458506312
0.598947414264556,0.439642025013449,-0.0224608157204897,-0.0859673842408319,0.00320472966943908,-0.138642588778076,0.00320800695920023,-0.548254965847939,0.00022926117882921
0.603101203476082,0.439634287849817,-0.0226198654577891,-0.0859697725396065,0.00322858090170394,-0.138645577484623,0.00323192354767497,-0.548283924821199,0.000239377981096967
0.607283799832281,0.439626403067926,-0.0227800706383968,-0.0859721798373219,0.00325262692346021,-0.138648593395997,0.00325603619743968,-0.548313224965173,0.000249726220589358
0.611495403114975,0.439618367728878,-0.0229414398908302,-0.0859746060579946,0.00327686955610388,-0.138651636547571,0.00328034675390938,-0.548342869484395,0.000260310324389029
0.615736214491506,0.439610178836296,-0.0231039819032188,-0.0859770511171876,0.00330131063928466,-0.138654706967781,0.00330485708119627,-0.548372861591999,0.000271134792269118
0.620006436524339,0.439601833335322,-0.0232677054234064,-0.0859795149217601,0.00332595203103747,-0.13865780467789,0.00332956906224957,-0.54840320450911,0.000282204197582153
0.624306273180741,0.439593328111605,-0.0234326192590411,-0.0859819973696111,0.00335079560791243,-0.13866092969176,0.00335448459899412,-0.548433901464192,0.000293523188150596
0.628635929842521,0.439584659990281,-0.023598732277655,-0.0859844983494192,0.00337584326510304,-0.138664082015609,0.00337960561246733,-0.548464955692393,0.000305096487158374
0.632995613315842,0.439575825734935,-0.0237660534067319,-0.0859870177403768,0.00340109691657292,-0.138667261647769,0.00340493404295492,-0.548496370434854,0.000316928894042806
0.637385531841099,0.439566822046554,-0.023934591633763,-0.0859895554119193,0.00342655849518037,-0.13867046857844,0.00343047185012464,-0.548528148938014,0.000329025285387613
0.641805895102865,0.439557645562465,-0.0241043560062905,-0.0859921112234495,0.00345222995280119,-0.138673702789433,0.00345622101315862,-0.548560294452875,0.000341390615815063
0.646256914239905,0.43954829285527,-0.0242753556319394,-0.0859946850240567,0.00347811326044948,-0.138676964253915,0.00348218353088356,-0.548592810234261,0.000354029918877979
0.650738801855265,0.439538760431757,-0.0244475996784348,-0.0859972766522308,0.00350421040839601,-0.138680252936147,0.00350836142189916,-0.548625699540046,0.000366948307950477
0.655251772026422,0.439529044731811,-0.024621097373608,-0.0859998859355713,0.00353052340628464,-0.138683568791216,0.00353475672470445,-0.548658965630361,0.000380150977118326
0.659796040315516,0.439519142127304,-0.0247958580053879,-0.0860025126904912,0.00355705428324608,-0.138686911764764,0.00356137149782189,-0.548692611766783,0.00039364320206578
0.664371823779638,0.439509048920982,-0.0249718909217782,-0.0860051567219152,0.00358380508800924,-0.138690281792707,0.00358820781991927,-0.548726641211496,0.000407430340962189
0.668979340981204,0.439498761345334,-0.0251492055308219,-0.0860078178229729,0.00361077788900991,-0.138693678800962,0.0036152677899292,-0.548761057226427,0.000421517835344082
0.673618811998395,0.439488275561453,-0.0253278113005501,-0.0860104957746878,0.00363797477449673,-0.138697102705151,0.00364255352716605,-0.548795863072371,0.000435911210995288
0.678290458435663,0.439477587657889,-0.0255077177589168,-0.0860131903456586,0.00366539785263419,-0.138700553410315,0.0036700671714403,-0.548831062008075,0.000450616078822352
0.682994503434323,0.439466693649483,-0.0256889344937175,-0.086015901291738,0.00369304925160264,-0.138704030810619,0.00369781088317014,-0.54886665728931,0.000465638135726448
0.687731171683206,0.4394555894762,-0.0258714711524937,-0.086018628355704,0.00372093111969522,-0.138707534789044,0.00372578684349018,-0.548902652167918,0.000480983165470128
0.692500689429393,0.439444271001945,-0.0260553374424208,-0.086021371266927,0.00374904562541143,-0.138711065217089,0.00375399725435726,-0.548939049890826,0.000496657039538717
0.697303284489026,0.43943273401337,-0.0262405431301798,-0.086024129741031,0.00377739495754728,-0.138714621954454,0.00378244433865294,-0.54897585369905,0.000512665717996075
0.70213918625818,0.439420974218672,-0.0264270980418134,-0.0860269034795502,0.00380598132528201,-0.138718204848725,0.00381113034028303,-0.549013066826656,0.000529015250333498
0.70700862572383,0.439408987246381,-0.0266150120625643,-0.086029692169579,0.00383480695826099,-0.138721813735056,0.00384005752427349,-0.549050692499714,0.000545711776311714
0.71191183547488,0.43939676864414,-0.0268042951366972,-0.0860324954834179,0.00386387410667486,-0.13872544843584,0.00386922817686298,-0.549088733935214,0.000562761526795463
0.716849049713269,0.439384313877469,-0.0269949572673035,-0.0860353130782131,0.00389318504133474,-0.138729108760378,0.00389864460559171,-0.54912719433996,0.000580170824579257
0.721820504265165,0.439371618328527,-0.0271870085160873,-0.0860381445955914,0.00392274205374318,-0.138732794504545,0.00392830913938659,-0.549166076909444,0.000597946085204915
0.726826436592224,0.439358677294861,-0.0273804590031351,-0.086040989661289,0.00395254745616112,-0.138736505450447,0.00395822412864236,-0.549205384826683,0.000616093817768504
0.731867085802933,0.43934548598815,-0.0275753189066657,-0.0860438478847755,0.00398260358167014,-0.138740241366079,0.00398839194529883,-0.549245121261044,0.000634620625718396
0.736942692664033,0.439332039532933,-0.0277715984627619,-0.0860467188588727,0.00401291278423042,-0.138744002004969,0.00401881498291377,-0.54928528936703,0.000653533207640888
0.742053499612018,0.439318332965339,-0.0279693079650843,-0.0860496021593671,0.00404347743873381,-0.138747787105826,0.00404949565673169,-0.549325892283046,0.000672838358035666
0.747199750764715,0.439304361231798,-0.0281684577645644,-0.0860524973446184,0.00407429994105219,-0.138751596392181,0.00408043640374793,-0.549366933130141,0.000692542968077886
0.752381691932944,0.439290119187754,-0.0283690582690793,-0.0860554039551617,0.00410538270808071,-0.138755429572016,0.00411163968276835,-0.549408415010718,0.00071265402636761
0.757599570632259,0.439275601596366,-0.0285711199431066,-0.0860583215133045,0.00413672817777594,-0.138759286337402,0.00414310797446412,-0.549450341007221,0.000733178619665459
0.762853636094773,0.439260803127198,-0.0287746533073587,-0.0860612495227193,0.00416833880918869,-0.138763166364116,0.0041748437814218,-0.549492714180796,0.000754123933614209
0.768144139281058,0.439245718354913,-0.0289796689383977,-0.08606418746803,0.00420021708249133,-0.138767069311268,0.00420684962818817,-0.549535537569921,0.000775497253443946
0.773471332892138,0.439230341757948,-0.0291861774682283,-0.0860671348143934,0.00423236549899948,-0.138770994820914,0.00423912806131007,-0.549578814189016,0.000797305964662653
0.778835471381553,0.439214667717191,-0.0293941895838724,-0.0860700910070761,0.00426478658118795,-0.138774942517666,0.00427168164936877,-0.549622547027021,0.000819557553728645
0.784236810967519,0.439198690514652,-0.0296037160269203,-0.0860730554710256,0.00429748287270074,-0.138778912008302,0.00430451298300907,-0.54966673904595,0.000842259608706347
0.78967560964516,0.439182404332122,-0.0298147675930614,-0.0860760276104368,0.00433045693835471,-0.138782902881365,0.00433762467496248,-0.549711393179418,0.000865419819903041
0.795152127198837,0.439165803249834,-0.0300273551315945,-0.0860790068083132,0.00436371136413736,-0.138786914706761,0.00437101936006492,-0.549756512331141,0.000889045980486725
0.800666625214554,0.439148881245118,-0.0302414895449146,-0.0860819924260234,0.0043972487571978,-0.138790947035354,0.00440469969526837,-0.54980209937341,0.000913145987083586
0.806219367092452,0.439131632191045,-0.0304571817879792,-0.086084983802853,0.00443107174583135,-0.138794999398553,0.00443866835964641,-0.549848157145539,0.000937727840354924
0.811810618059391,0.439114049855078,-0.0306744428677522,-0.0860879802555507,0.00446518297945729,-0.138799071307896,0.00447292805439367,-0.549894688452287,0.000962799645551932
0.817440645181619,0.439096127897707,-0.0308932838426252,-0.0860909810778711,0.00449958512858964,-0.138803162254634,0.00450748150281891,-0.549941696062252,0.000988369613048101
0.823109717377527,0.439077859871093,-0.0311137158218162,-0.0860939855401115,0.0045342808848009,-0.138807271709303,0.00454233145033135,-0.549989182706243,0.00101444605884751
0.828818105430497,0.439059239217701,-0.0313357499647467,-0.0860969928886451,0.00456927296067861,-0.138811399121296,0.00457748066442072,-0.550037151075621,0.00104103740507011
0.834566082001833,0.439040259268929,-0.0315593974803948,-0.0861000023454491,0.00460456408977427,-0.138815543918436,0.00461293193463028,-0.55008560382062,0.00106815218041006
0.840353921643785,0.439020913243746,-0.0317846696266264,-0.0861030131076287,0.00464015702654491,-0.138819705506535,0.00464868807252283,-0.550134543548639,0.00109579902056881
0.846181900812664,0.439001194247315,-0.0320115777095024,-0.0861060243469369,0.0046760545462867,-0.138823883268958,0.00468475191163982,-0.550183972822513,0.00112398666866118
0.852050297882047,0.438981095269623,-0.0322401330825641,-0.0861090352092898,0.00471225944506086,-0.138828076566176,0.00472112630745306,-0.550233894158752,0.00115272397559291
0.857959393156072,0.43896060918411,-0.0324703471460937,-0.0861120448142778,0.00474877453961135,-0.138832284735326,0.00475781413730914,-0.550284310025766,0.00118201990041
0.863909468882829,0.438939728746291,-0.0327022313463528,-0.0861150522546732,0.00478560266727432,-0.138836507089754,0.00479481830036624,-0.550335222842056,0.00121188351061727
0.86990080926784,0.438918446592387,-0.0329357971747969,-0.0861180565959337,0.00482274668587924,-0.138840742918565,0.00483214171752328,-0.550386634974391,0.00124232398246696
0.875933700487633,0.438896755237952,-0.0331710561672666,-0.0861210568757019,0.00486020947364148,-0.138844991486166,0.0048697873313414,-0.550438548735952,0.00127335060121578
0.882008430703416,0.438874647076497,-0.0334080199031553,-0.0861240521033016,0.00489799392904609,-0.138849252031805,0.00490775810595723,-0.550490966384463,0.00130497276134833
0.888125290074835,0.438852114378126,-0.0336467000045532,-0.0861270412592303,0.00493610297072281,-0.138853523769112,0.00494605702698838,-0.550543890120293,0.0013371999667682
0.894284570773836,0.438829149288161,-0.0338871081353673,-0.0861300232946487,0.00497453953731194,-0.138857805885629,0.00498468710143035,-0.55059732208454,0.00137004183095379
0.900486566998624,0.438805743825781,-0.0341292560004198,-0.0861329971308662,0.00501330658732124,-0.138862097542344,0.00502365135754552,-0.550651264357089,0.00140350807707898
0.906731574987708,0.438781889882654,-0.0343731553445197,-0.0861359616588246,0.00505240709897323,-0.13886639787322,0.00506295284474323,-0.55070571895466,0.00143760853809749
0.913019893034057,0.438757579221581,-0.0346188179515141,-0.0861389157385775,0.00509184407004325,-0.138870705984723,0.00510259463345154,-0.550760687828822,0.00147235315679017
0.919351821499347,0.438732803475135,-0.0348662556433142,-0.0861418581987679,0.00513162051768782,-0.138875020955345,0.0051425798149802,-0.550816172864002,0.00150775198577366
0.925727662828307,0.43870755414431,-0.035115480278898,-0.0861447878361027,0.0051717394782632,-0.138879341835129,0.00518291150137464,-0.550872175875462,0.00154381518747049
0.932147721563161,0.438681822597172,-0.0353665037532901,-0.0861477034148251,0.00521220400713408,-0.138883667645186,0.00522359282526111,-0.55092869860727,0.00158055303403884
0.938612304358183,0.438655600067516,-0.0356193379965185,-0.0861506036661843,0.00525301717847228,-0.138887997377219,0.00526462693968274,-0.550985742730246,0.00161797590726123
0.945121719994339,0.438628877653528,-0.0358739949725475,-0.0861534872879037,0.00529418208504514,-0.138892329993036,0.0053060170179263,-0.551043309839897,0.00165609429839206
0.951676279394036,0.438601646316452,-0.036130486678188,-0.0861563529436465,0.00533570183799381,-0.138896664424069,0.00534776625333974,-0.551101401454329,0.00169491880796196
0.958276295635973,0.438573896879262,-0.0363888251419851,-0.08615919926248,0.00537757956660093,-0.138900999570889,0.00538987785914031,-0.551160019012158,0.00173446014553863
0.964922083970099,0.438545620025346,-0.0366490224230825,-0.0861620248383384,0.0054198184180478,-0.138905334302716,0.00543235506821305,-0.55121916387039,0.0017747291294431
0.971613961832666,0.43851680629719,-0.0369110906100648,-0.086164828229484,0.00546242155716093,-0.138909667456938,0.0054752011328999,-0.551278837302305,0.00181573668642165
0.978352248861393,0.438487446095073,-0.0371750418197773,-0.0861676079579675,0.00550539216614775,-0.13891399783862,0.00551841932477883,-0.551339040495315,0.0018574938512701
0.985137266910738,0.438457529675771,-0.0374408881961237,-0.086170362509087,0.00554873344432147,-0.138918324220014,0.00556201293443354,-0.551399774548823,0.0019000117664128
0.991969340067262,0.438427047151263,-0.0377086419088409,-0.0861730903308468,0.00559244860781478,-0.138922645340078,0.00560598527121274,-0.551461040472067,0.00194330168143236
0.998848794665118,0.438395988487457,-0.0379783151522545,-0.0861757898334152,0.00563654088928272,-0.138926959903978,0.00565033966298022,-0.55152283918195,0.00198737495255247
1.00577595930163,0.438364343502911,-0.03824992014401,-0.0861784593885823,0.00568101353759402,-0.13893126658261,0.00569507945585417,-0.551585171500877,0.00203224304207014
1.01275116485301,0.438332101867572,-0.0385234691237845,-0.0861810973292176,0.00572586981751135,-0.138935564012104,0.00574020801393694,-0.551648038154569,0.00207791751773859
1.01977474449012,0.438299253101524,-0.0387989743519775,-0.0861837019487276,0.00577111300936017,-0.138939850793343,0.00578572871903435,-0.551711439769889,0.00212441005209943
1.02684703369442,0.438265786573743,-0.0390764481083797,-0.0861862715005141,0.00581674640868601,-0.138944125491474,0.005831644970365,-0.551775376872645,0.00217173242176372
1.033968370274,0.438231691500862,-0.0393559026908234,-0.0861888041974329,0.00586277332590024,-0.138948386635424,0.00587796018425912,-0.551839849885409,0.00221989650664009
1.04113909437969,0.43819695694595,-0.0396373504138111,-0.0861912982112533,0.00590919708591426,-0.138952632717413,0.00592467779384726,-0.551904859125323,0.0022689142891113
1.0483595485213,0.438161571817297,-0.039920803607126,-0.0861937516721189,0.00595602102776206,-0.138956862192479,0.00597180124873862,-0.551970404801911,0.00231879785315672
1.05563007758401,0.438125524867214,-0.0402062746144215,-0.0861961626680093,0.00600324850421091,-0.138961073477989,0.00601933401468905,-0.552036487014888,0.00236955938342173
1.06295102884484,0.438088804690842,-0.040493775791793,-0.0861985292442042,0.00605088288136025,-0.138965264953168,0.00606727957325844,-0.552103105751975,0.00242121116423194
1.07032275198921,0.438051399724973,-0.0407833195063311,-0.0862008494027482,0.00609892753822902,-0.138969434958616,0.00611564142145807,-0.552170260886717,0.00247376557855361
1.07774559912768,0.438013298246882,-0.0410749181346547,-0.0862031211019185,0.00614738586633065,-0.138973581795839,0.00616442307138708,-0.552237952176312,0.00252723510689756
1.08521992481272,0.437974488373171,-0.0413685840614291,-0.0862053422556948,0.00619626126923664,-0.138977703726778,0.00621362804985895,-0.552306179259436,0.00258163232616851
1.0927460860557,0.437934958058626,-0.041664329677864,-0.0862075107332315,0.00624555716212779,-0.138981798973338,0.00626325989801718,-0.552374941654092,0.00263696990845763
1.1003244423439,0.437894695095083,-0.0419621673801959,-0.0862096243583328,0.00629527697133373,-0.138985865716922,0.00631332217094081,-0.552444238755453,0.00269326061977884
1.10795535565772,0.437853687110311,-0.0422621095681533,-0.0862116809089314,0.00634542413386041,-0.138989902097975,0.00636381843723938,-0.552514069833733,0.00275051731874879
1.11563919048792,0.437811921566903,-0.0425641686434053,-0.0862136781165697,0.00639600209690559,-0.138993906215522,0.00641475227863747,-0.552584434032062,0.00280875295520894
1.12337631385307,0.43776938576118,-0.0428683570079952,-0.0862156136658854,0.0064470143173624,-0.138997876126714,0.00646612728954912,-0.552655330364377,0.00286798056879181
1.13116709531708,0.437726066822109,-0.0431746870627576,-0.0862174851941005,0.00649846426131098,-0.139001809846381,0.00651794707664161,-0.552726757713337,0.00292821328742879
1.13901190700682,0.437681951710234,-0.0434831712057211,-0.086219290290515,0.00655035540349806,-0.139005705346583,0.00657021525838918,-0.552798714828247,0.00298946432580091
1.14691112362992,0.437637027216615,-0.0437938218304959,-0.086221026496004,0.00660269122680474,-0.139009560556172,0.00662293546461646,-0.552871200323013,0.00305174698373295
1.15486512249268,0.437591279961782,-0.0441066513246478,-0.0862226913025209,0.00665547522170234,-0.139013373360356,0.00667611133603172,-0.552944212674109,0.00311507464452851
1.16287428351806,0.437544696394707,-0.0444216720680577,-0.086224282152604,0.00670871088569656,-0.139017141600267,0.00672974652375005,-0.553017750218577,0.00317946077324932
1.17093898926384,0.437497262791773,-0.044738896431268,-0.0862257964388898,0.00676240172275945,-0.139020863072537,0.00678384468880653,-0.553091811152052,0.00324491891493661
1.1790596249409,0.437448965255775,-0.0450583367738159,-0.086227231503631,0.00681655124275013,-0.139024535528878,0.00683840950165935,-0.553166393526804,0.00331146269277505
1.18723657843162,0.437399789714916,-0.0453800054425545,-0.0862285846382195,0.00687116296082356,-0.139028156675668,0.00689344464168326,-0.553241495249828,0.00337910580620071
1.19547024030838,0.437349721921822,-0.0457039147699609,-0.0862298530827175,0.00692624039682771,-0.139031724173545,0.00694895379665308,-0.553317114080949,0.00344786202895167
1.20376100385228,0.43729874745257,-0.0460300770724334,-0.0862310340253928,0.00698178707468941,-0.139035235637003,0.00700494066221779,-0.553393247630968,0.00351774520706352
1.21210926507183,0.437246851705725,-0.0463585046485766,-0.0862321246022614,0.00703780652178848,-0.139038688634,0.00706140894136478,-0.553469893359845,0.00358876925680768
1.22051542272196,0.437194019901388,-0.0466892097774757,-0.0862331218966374,0.00709430226832079,-0.139042080685568,0.00711836234387501,-0.553547048574914,0.00366094816257592
1.22897987832301,0.437140237080254,-0.0470222047169604,-0.0862340229386892,0.00715127784664994,-0.139045409265436,0.00717580458576863,-0.553624710429141,0.00373429597470898
1.23750303617991,0.437085488102683,-0.0473575017018577,-0.086234824705003,0.00720873679064788,-0.13904867179965,0.00723373938874167,-0.553702875919422,0.00380882680727243
1.24608530340153,0.437029757647783,-0.0476951129422352,-0.0862355241181545,0.00726668263502444,-0.139051865666216,0.00729217047959353,-0.55378154188492,0.00388455483577776
1.25472708992008,0.436973030212492,-0.048035050621635,-0.0862361180462879,0.00732511891464622,-0.139054988194732,0.00735110158964574,-0.553860705005456,0.00396149429485182
1.26342880851072,0.436915290110688,-0.0483773268952973,-0.0862366033027028,0.00738404916384437,-0.139058036666046,0.00741053645415204,-0.553940361799934,0.00403965947585433
1.27219087481126,0.436856521472288,-0.0487219538883756,-0.0862369766454496,0.00744347691571211,-0.139061008311909,0.00747047881169981,-0.554020508624827,0.00411906472444395
1.28101370734203,0.436796708242372,-0.0490689436941429,-0.0862372347769338,0.00750340570139163,-0.139063900314643,0.00753093240360329,-0.554101141672706,0.00419972443809524
1.28989772752585,0.436735834180303,-0.0494183083721891,-0.0862373743435278,0.00756383904935079,-0.139066709806816,0.00759190097328859,-0.554182256970818,0.00428165306356615
1.29884335970818,0.436673882858865,-0.0497700599466096,-0.0862373919351933,0.00762478048464951,-0.139069433870923,0.00765338826567059,-0.554263850379734,0.00436486509431788
1.30785103117738,0.4366108376634,-0.050124210404187,-0.0862372840851115,0.00768623352819649,-0.139072069539082,0.00771539802652222,-0.55434591759203,0.00444937506788839
1.31692117218509,0.436546681790956,-0.0504807716925627,-0.0862370472693234,0.00774820169599585,-0.139074613792735,0.00777793400183605,-0.554428454131047,0.00453519756322018
1.32605421596686,0.436481398249442,-0.0508397557184026,-0.0862366779063796,0.0078106884983844,-0.139077063562355,0.00784099993717855,-0.554511455349693,0.00462234719794491
1.33525059876274,0.436414969856783,-0.0512011743455534,-0.0862361723569996,0.00787369743925938,-0.139079415727172,0.00790459957703705,-0.554594916429324,0.00471083862562388
1.34451075983821,0.436347379240086,-0.0515650393931919,-0.0862355269237412,0.00793723201529695,-0.139081667114898,0.0079687366641599,-0.554678832378669,0.00480068653294902
1.3538351415051,0.436278608834811,-0.0519313626339667,-0.0862347378506809,0.00800129571516189,-0.13908381450147,0.00803341493888987,-0.554763198032837,0.00489190563690362
1.36322418914273,0.436208640883937,-0.0523001557921313,-0.0862338013231028,0.00806589201870821,-0.139085854610798,0.00809863813849084,-0.554848008052376,0.00498451068188466
1.37267835121923,0.436137457437141,-0.0526714305416704,-0.0862327134672005,0.00813102439617135,-0.139087784114525,0.00816440999646856,-0.554933256922414,0.00507851643678975
1.38219807931287,0.436065040349975,-0.053045198504418,-0.0862314703497872,0.00819669630735197,-0.139089599631797,0.00823073424188508,-0.555018938951854,0.00517393769206892
1.39178382813373,0.435991371283044,-0.0534214712481671,-0.0862300679780184,0.0082629112007916,-0.139091297729045,0.00829761459866755,-0.555105048272654,0.00527078925674379
1.40143605554534,0.435916431701189,-0.0538002602847721,-0.0862285022991252,0.00832967251294029,-0.139092874919771,0.00836505478491142,-0.555191578839175,0.00536908595539631
1.4111552225866,0.435840202872664,-0.0541815770682428,-0.0862267692001584,0.00839698366731674,-0.139094327664355,0.0084330585121784,-0.555278524427597,0.00546884262512864
1.42094179349378,0.435762665868319,-0.0545654329928291,-0.0862248645077439,0.00846484807366074,-0.139095652369863,0.00850162948478929,-0.555365878635418,0.00557007411249533
1.43079623572268,0.43568380156078,-0.0549518393910981,-0.08622278398785,0.0085332691270787,-0.13909684538987,0.00857077139911219,-0.55545363488103,0.0056727952704122
1.440719019971,0.435603590623625,-0.0553408075320017,-0.0862205233455661,0.00860225020718187,-0.139097903024294,0.008640487942846,-0.555541786403364,0.00577702095504184
1.45071062020079,0.435522013530558,-0.0557323486189337,-0.0862180782248926,0.00867179467721806,-0.139098821519241,0.00871078279429977,-0.555630326261629,0.00588276602265858
1.46077151366109,0.435439050554585,-0.0561264737877795,-0.0862154442085426,0.00874190588319688,-0.139099597066859,0.00878165962166818,-0.555719247335117,0.00599004532649638
1.47090218091073,0.435354681767178,-0.0565231941049529,-0.0862126168177563,0.00881258715300861,-0.139100225805205,0.00885312208230298,-0.555808542323099,0.00609887371357987
1.48110310584131,0.435268887037443,-0.056922520565424,-0.0862095915121262,0.00888384179553723,-0.139100703818121,0.00892517382198144,-0.555898203744798,0.00620926602154337
1.49137477570027,0.43518164603127,-0.057324464090735,-0.0862063636894348,0.0089556730997676,-0.139101027135125,0.00899781847417108,-0.55598822393945,0.00632123707543786
1.50171768111418,0.435092938210494,-0.0577290355270043,-0.0862029286855042,0.00902808433388734,-0.139101191731305,0.00907105965929198,-0.556078595066446,0.00643480168452987
1.5121323161122,0.435002742832032,-0.0581362456429176,-0.0861992817740583,0.00910107874438327,-0.139101193527237,0.00914490098397619,-0.556169309105562,0.00654997463909601
1.52261917814963,0.434911038947027,-0.058546105127707,-0.0861954181665961,0.00917465955513308,-0.139101028388899,0.00921934604032475,-0.556260357857268,0.00666677070721189
1.53317876813171,0.434817805399972,-0.0589586245891142,-0.0861913330122779,0.00924882996649214,-0.139100692127609,0.00929439840516275,-0.556351732943139,0.00678520463154259
1.54381159043753,0.434723020827831,-0.0593738145513418,-0.0861870213978236,0.00932359315437604,-0.139100180499966,0.00937006163929258,-0.556443425806331,0.00690529112613469
1.55451815294413,0.434626663659152,-0.0597916854529852,-0.0861824783474233,0.00939895226933861,-0.139099489207804,0.00944633928674529,-0.556535427712164,0.0070270448732121
1.56529896705074,0.434528712113162,-0.0602122476449519,-0.0861776988226593,0.00947491043564632,-0.139098613898162,0.00952323487403119,-0.556627729748784,0.00715048051998157
1.57615454770323,0.434429144198864,-0.0606355113883604,-0.0861726777224415,0.00955147075034872,-0.139097550163255,0.0096007519093889,-0.55672032282791,0.00727561267544696
1.58708541341869,0.434327937714104,-0.0610614868524227,-0.0861674098829539,0.00962863628234551,-0.139096293540465,0.00967889388203388,-0.556813197685679,0.00740245590723754
1.5980920863102,0.434225070244647,-0.0614901841123062,-0.0861618900776137,0.00970641007145042,-0.139094839512337,0.00975766426140654,-0.556906344883568,0.00753102473845263
1.60917509211179,0.434120519163222,-0.0619216131469749,-0.0861561130170424,0.00978479512745185,-0.139093183506592,0.00983706649641969,-0.556999754809415,0.00766133364452426
1.62033496020352,0.434014261628565,-0.0623557838370103,-0.0861500733490492,0.00986379442917116,-0.139091320896141,0.00991710401470648,-0.557093417678522,0.00779339705010357
1.63157222363676,0.433906274584444,-0.0627927059624075,-0.0861437656586259,0.00994341092351797,-0.139089246999118,0.0099977802218681,-0.557187323534843,0.00792722932596968
1.64288741915971,0.433796534758668,-0.0632323892003489,-0.0861371844679541,0.0100236475245435,-0.139086957078924,0.0100790985007222,-0.557281462252271,0.00806284478596858
1.65428108724297,0.433685018662089,-0.0636748431229513,-0.0861303242364239,0.0101045071124916,-0.139084446344269,0.010161062210552,-0.557375823535996,0.00820025768398125
1.6657537721054,0.433571702587579,-0.0641200771949866,-0.0861231793606647,0.0101859925328478,-0.139081709949242,0.0102436746863561,-0.557470396923967,0.00833948221092579
1.67730602174008,0.433456562608998,-0.0645681007715744,-0.0861157441745874,0.0102681065953871,-0.139078742993376,0.0103269392380997,-0.557565171788428,0.00848053249179642
1.68893838794052,0.433339574580141,-0.0650189230958451,-0.0861080129494384,0.0103508520732196,-0.139075540521733,0.010410859149967,-0.55766013733754,0.00862342258274174
1.70065142632699,0.433220714133682,-0.0654725532965718,-0.0860999798938646,0.0104342317018356,-0.13907209752499,0.0104954376796152,-0.557755282617096,0.00876816646818523
1.71244569637308,0.433099956680081,-0.0659290003857693,-0.0860916391539905,0.0105182481781489,-0.139068408939542,0.0105806780574299,-0.557850596512307,0.0089147780579914
1.72432176143241,0.432977277406491,-0.0663882732562593,-0.0860829848135052,0.0106029041595392,-0.139064469647612,0.0106665834857836,-0.557946067749684,0.00906327118468037
1.73628018876552,0.432852651275646,-0.0668503806792,-0.0860740108937623,0.0106882022628944,-0.139060274477368,0.0107531571382944,-0.558041684898987,0.00921365960069226
1.74832154956701,0.432726053024724,-0.0673153313015781,-0.0860647113538886,0.0107741450636513,-0.13905581820305,0.0108404021590888,-0.558137436375267,0.0093659569757078
1.7604464189928,0.432597457164203,-0.0677831336436607,-0.0860550800909057,0.0108607350948362,-0.139051095545108,0.010928321662066,-0.558233310440976,0.00952017689402351
1.77265537618758,0.432466837976696,-0.0682537960964086,-0.0860451109398604,0.0109479748461057,-0.139046101170346,0.0110169187301647,-0.558329295208162,0.00967633285198749
1.78494900431252,0.432334169515769,-0.0687273269188443,-0.0860347976739665,0.0110358667627861,-0.139040829692077,0.0111061964146335,-0.558425378640731,0.00983443825549751
1.79732789057308,0.432199425604746,-0.069203734235378,-0.0860241340047573,0.0111244132449134,-0.13903527567028,0.0111961577343027,-0.558521548556794,0.00999450641756422
1.80979262624709,0.432062579835495,-0.069683026033086,-0.0860131135822471,0.0112136166462735,-0.139029433611775,0.0112868056748608,-0.558617792631074,0.0101565505559413
1.82234380671297,0.431923605567197,-0.0701652101589407,-0.0860017299951033,0.0113034792734415,-0.139023297970398,0.0113781431881326,-0.558714098397388,0.0103205837908265
1.83498203147818,0.431782475925107,-0.0706502943169924,-0.0859899767708287,0.0113940033848219,-0.139016863147183,0.0114701731913614,-0.558810453251201,0.0104866191426357
1.84770790420785,0.431639163799289,-0.071138286065497,-0.0859778473759523,0.0114851911896888,-0.139010123490557,0.0115628985664939,-0.558906844452239,0.0106546695298519
1.86052203275364,0.431493641843349,-0.0716291928139918,-0.0859653352162309,0.0115770448472262,-0.139003073296539,0.0116563221594689,-0.55900325912717,0.0108247477669519
1.87342502918271,0.431345882473143,-0.0721230218203138,-0.0859524336368585,0.0116695664655686,-0.138995706808942,0.0117504467795091,-0.559099684272343,0.0109968665624133
1.88641750980704,0.43119585786548,-0.072619780187562,-0.0859391359226862,0.0117627581008421,-0.13898801821959,0.011845275198416,-0.559196106756587,0.0111710385168038
1.89950009521279,0.431043539956807,-0.0731194748609982,-0.0859254352984497,0.0118566217562053,-0.138980001668534,0.0119408101498692,-0.55929251332407,0.0113472761209559
1.91267341029,0.430888900441888,-0.0736221126248873,-0.0859113249290066,0.011951159380891,-0.138971651244274,0.0120370543287282,-0.559388890597206,0.0115255917542272
1.92593808426241,0.430731910772468,-0.0741277000992735,-0.0858967979195812,0.0120463728692482,-0.138962960983994,0.012134010390338,-0.559485225079616,0.0117059976828495
1.93929475071751,0.430572542155926,-0.07463624373669,-0.0858818473160187,0.0121422640597836,-0.138953924873795,0.0122316809498386,-0.559581503159139,0.0118885060583707
1.95274404763682,0.430410765553929,-0.0751477498188018,-0.0858664661050464,0.0122388347342044,-0.138944536848936,0.0123300685814773,-0.559677711110884,0.0120731289161867
1.96628661742637,0.430246551681065,-0.0756622244529782,-0.085850647214544,0.0123360866164603,-0.138934790794081,0.0124291758179248,-0.559773835100328,0.0122598781741697
1.97992310694735,0.430079871003479,-0.0761796735687929,-0.085834383513821,0.0124340213717862,-0.138924680543549,0.0125290051495946,-0.559869861186456,0.0124487656313917
1.99365416754703,0.429910693737506,-0.0767001029144508,-0.0858176678139016,0.0125326406057446,-0.138914199881571,0.0126295590239656,-0.559965775324929,0.0126398029669463
2.00748045508988,0.429738989848289,-0.0772235180531384,-0.085800492867818,0.0126319458632678,-0.138903342542546,0.0127308398449077,-0.560061563371294,0.0128330017388696
2.0214026299889,0.429564729048408,-0.0777499243592962,-0.0857828513709101,0.0127319386277003,-0.13889210221131,0.0128328499720113,-0.560157211084223,0.0130283733831614
2.03542135723711,0.429387880796502,-0.0782793270148107,-0.0857647359611327,0.0128326203198402,-0.138880472523399,0.012935591719919,-0.560252704128774,0.0132259292129087
2.0495373064394,0.429208414295891,-0.0788117310051252,-0.0857461392193697,0.0129339922969809,-0.138868447065324,0.0130390673576606,-0.560348028079681,0.0134256804175127
2.06375115184445,0.429026298493207,-0.079347141115265,-0.0857270536697552,0.0130360558519512,-0.138856019374843,0.0131432791079907,-0.560443168424663,0.0136276380620188
2.07806357237695,0.428841502077024,-0.079885561925778,-0.0857074717800016,0.0131388122121556,-0.138843182941239,0.013248229146729,-0.560538110567748,0.0138318130865528
2.09247525167004,0.428653993476499,-0.0804269978085863,-0.0856873859617339,0.0132422625386129,-0.138829931205603,0.0133539196021033,-0.560632839832614,0.0140382163058628
2.10698687809795,0.428463740860019,-0.0809714529227482,-0.0856667885708305,0.0133464079249938,-0.138816257561115,0.0134603525540942,-0.560727341465939,0.0142468584089669
2.12159914480891,0.42827071213386,-0.0815189312101284,-0.0856456719077712,0.013451249396657,-0.138802155353332,0.0135675300337825,-0.560821600640756,0.0144577499589099
2.1363127497582,0.428074874940862,-0.0820694363909736,-0.0856240282179906,0.0135567879096842,-0.138787617880477,0.0136754540226982,-0.560915602459812,0.0146709013926253
2.15112839574156,0.427876196659113,-0.0826229719593942,-0.0856018496922384,0.0136630243499123,-0.138772638393726,0.0137841264521711,-0.56100933195893,0.014886323020908
2.1660467904287,0.42767464440066,-0.0831795411787466,-0.0855791284669456,0.0137699595319646,-0.138757210097506,0.0138935492026834,-0.561102774110362,0.0151040250284936
2.18106864639712,0.42747018501023,-0.083739147076918,-0.0855558566245968,0.0138775941982787,-0.138741326149788,0.0140037241032226,-0.561195913826139,0.0153240174742457
2.19619468116618,0.427262785063985,-0.0843017924415088,-0.0855320261941095,0.0139859290181325,-0.13872497966238,0.0141146529306365,-0.561288735961406,0.0155463102914538
2.21142561723131,0.42705241086829,-0.0848674798149139,-0.0855076291512179,0.0140949645866669,-0.138708163701232,0.014226337408988,-0.561381225317746,0.0157709132882371
2.22676218209858,0.426839028458525,-0.0854362114892985,-0.0854826574188641,0.0142047014239054,-0.138690871286729,0.0143387792089109,-0.561473366646483,0.0159978361480577
2.24220510831939,0.426622603597912,-0.086007989501469,-0.0854571028675955,0.0143151399737705,-0.138673095393998,0.0144519799469656,-0.561565144651967,0.0162270884303408
2.25775513352553,0.426403101776389,-0.0865828156276362,-0.0854309573159671,0.0144262806030958,-0.138654828953206,0.0145659411849951,-0.561656543994826,0.0164586795712022
2.27341300046436,0.426180488209512,-0.0871606913780696,-0.0854042125309514,0.0145381236006348,-0.138636064849867,0.01468066442948,-0.561747549295201,0.0166926188842823
2.28917945703428,0.425954727837404,-0.0877416179916415,-0.0853768602283538,0.0146506691760646,-0.138616795925144,0.014796151130893,-0.561838145135938,0.0169289155616861
2.30505525632052,0.425725785323743,-0.0883255964302603,-0.0853488920732344,0.0147639174589852,-0.138597014976159,0.0149124026830531,-0.561928316065749,0.0171675786750266
2.32104115663104,0.425493625054801,-0.0889126273731897,-0.0853202996803369,0.0148778684979138,-0.138576714756299,0.0150294204224772,-0.562018046602333,0.0174086171765748
2.33713792153279,0.425258211138525,-0.0895027112112548,-0.0852910746145227,0.0149925222592736,-0.138555887975521,0.0151472056277311,-0.562107321235455,0.0176520399005092
2.35334631988814,0.425019507403682,-0.090095848040933,-0.0852612083912136,0.015107878626377,-0.138534527300666,0.0152657595187778,-0.562196124429976,0.017897855564269
2.36966712589169,0.424777477399053,-0.0906920376583282,-0.0852306924768398,0.0152239373984026,-0.138512625355769,0.0153850832563238,-0.562284440628837,0.0181460727700076
2.38610111910714,0.424532084392693,-0.0912912795530279,-0.0851995182892959,0.0153406982893659,-0.13849017472237,0.0155051779411629,-0.562372254255989,0.0183967000061427
2.40264908450462,0.424283291371247,-0.0918935729018426,-0.0851676771984033,0.0154581609270834,-0.138467167939828,0.0156260446135163,-0.562459549719267,0.0186497456490061
2.41931181249812,0.424031061039346,-0.0924989165624255,-0.0851351605263819,0.0155763248521291,-0.138443597505633,0.01574768425237,-0.562546311413199,0.0189052179645869
2.43609009898327,0.423775355819065,-0.0931073090667736,-0.0851019595483269,0.015695189516784,-0.138419455875728,0.0158700977748078,-0.562632523721765,0.0191631251103699
2.45298474537537,0.423516137849458,-0.0937187486146074,-0.0850680654926964,0.015814754283978,-0.138394735464821,0.0159932860353412,-0.562718171021082,0.0194234751372647
2.46999655864764,0.423253368986178,-0.0943332330666295,-0.0850334695418055,0.0159350184262227,-0.138369428646705,0.0161172498252334,-0.562803237682015,0.0196862759916249
2.48712635136979,0.422987010801177,-0.094950759937664,-0.0849981628323296,0.0160559811245371,-0.138343527754584,0.0162419898718199,-0.562887708072734,0.0199515355173563
2.50437494174681,0.42271702458249,-0.0955713263896711,-0.0849621364558169,0.0161776414673631,-0.138317025081391,0.0163675068378228,-0.562971566561177,0.0202192614581084
2.52174315365806,0.422443371334121,-0.0961949292246419,-0.0849253814592106,0.0162999984494727,-0.138289912880113,0.0164938013206603,-0.563054797517448,0.0204894614595505
2.53923181669665,0.42216601177601,-0.0968215648773707,-0.0848878888453796,0.0164230509708655,-0.138262183364126,0.01662087385175,-0.563137385316136,0.020762143071729
2.55684176620901,0.42188490634412,-0.0974512294081037,-0.0848496495736608,0.0165467978356564,-0.138233828707516,0.0167487248958059,-0.563219314338541,0.0210373137515024
2.57457384333485,0.42160001519061,-0.0980839184950678,-0.0848106545604118,0.0166712377509527,-0.13820484104542,0.0168773548501287,-0.563300568974824,0.0213149808650529
2.59242889504728,0.421311298184127,-0.0987196274268752,-0.0847708946795735,0.0167963693257215,-0.13817521247436,0.0170067640438897,-0.56338113362607,0.0215951516904703
2.61040777419332,0.421018714910213,-0.0993583510948073,-0.0847303607632461,0.0169221910696462,-0.138144935052581,0.0171369527374067,-0.563460992706254,0.0218778334204079
2.6285113395346,0.420722224671823,-0.100000083984978,-0.0846890436022758,0.0170487013919712,-0.138114000800399,0.0172679211214126,-0.563540130644122,0.0221630331648058
2.64674045578839,0.420421786489972,-0.100644820170373,-0.084646933946855,0.0171758986003361,-0.138082401700549,0.0173996693163163,-0.563618531884972,0.0224507579536787
2.6650959936689,0.420117359104508,-0.101292553302773,-0.0846040225071353,0.0173037808995985,-0.138050129698533,0.0175321973714547,-0.563696180892344,0.0227410147399665
2.68357882992886,0.419808900975013,-0.101943276604555,-0.0845602999538542,0.0174323463906438,-0.138017176702985,0.0176655052643366,-0.563773062149609,0.0230338104024446
2.70218984740145,0.419496370281845,-0.102596982860375,-0.0845157569189769,0.0175615930691842,-0.137983534586027,0.0177995928998779,-0.563849160161455,0.0233291517486897
2.72092993504239,0.419179724927325,-0.103253664408733,-0.0844703839963522,0.0176915188245449,-0.137949195183645,0.0179344601096268,-0.563924459455276,0.0236270455180987
2.73979998797246,0.418858922537056,-0.103913313133421,-0.0844241717423851,0.0178221214384377,-0.137914150296056,0.0180701066509804,-0.563998944582456,0.0239274983849593
2.75880090752022,0.418533920461413,-0.104575920454856,-0.0843771106767247,0.017953398583722,-0.137878391688097,0.0182065322063911,-0.564072600119542,0.0242305169615654
2.77793360126509,0.418204675777172,-0.105241477321304,-0.0843291912829705,0.0180853478231532,-0.137841911089611,0.0183437363825634,-0.564145410669322,0.0245361078013784
2.79719898308069,0.41787114528931,-0.105909974199979,-0.0842804040093955,0.018217966608118,-0.137804700195841,0.0184817187096398,-0.56421736086178,0.0248442774022279
2.81659797317847,0.417533285532964,-0.106581401068046,-0.084230739269688,0.0183512522773564,-0.137766750667841,0.0186204786403772,-0.564288435354957,0.0251550322095499
2.83613149815172,0.417191052775571,-0.107255747403501,-0.0841801874437134,0.0184852020556707,-0.137728054132884,0.0187600155493121,-0.564358618835688,0.0254683786196604
2.85580049101974,0.416844403019168,-0.107933002175958,-0.0841287388782956,0.0186198130526213,-0.137688602184884,0.0189003287319148,-0.564427896020235,0.0257843229830579
2.87560589127251,0.41649329200289,-0.108613153837319,-0.0840763838880191,0.0187550822612092,-0.137648386384835,0.0190414174037331,-0.564496251654808,0.0261028716077552
2.89554864491548,0.416137675205642,-0.109296190312347,-0.0840231127560538,0.0188910065565447,-0.137607398261249,0.0191832806995245,-0.564563670515967,0.0264240307626344
2.91562970451479,0.415777507848965,-0.109982098989138,-0.0839689157350014,0.0190275826945033,-0.13756562931061,0.0193259176723773,-0.564630137410914,0.0267478066808234
2.93585002924278,0.415412744900101,-0.110670866709491,-0.0839137830477664,0.0191648073103679,-0.137523070997843,0.0194693272928201,-0.564695637177672,0.0270742055630898
2.95621058492378,0.415043341075254,-0.111362479759193,-0.0838577048884502,0.0193026769174581,-0.13747971475679,0.0196135084479202,-0.564760154685142,0.0274032335812488
2.97671234408028,0.414669250843062,-0.112056923858198,-0.0838006714232717,0.0194411879057463,-0.137435551990702,0.0197584599403697,-0.564823674833052,0.0277348968815826
2.99735628597932,0.414290428428277,-0.112754184150724,-0.0837426727915134,0.0195803365404597,-0.137390574072742,0.0199041804875607,-0.564886182551782,0.0280692015882671
3.01814339667932,0.41390682781566,-0.113454245195267,-0.0836836991064951,0.0197201189606713,-0.137344772346507,0.0200506687206487,-0.564947662802084,0.0284061538068026
3.03907466907719,0.413518402754102,-0.114157090954522,-0.0836237404565753,0.0198605311778767,-0.137298138126564,0.020197923183604,-0.56500810057467,0.0287457596274459
3.06015110295567,0.41312510676097,-0.114862704785234,-0.083562786906182,0.0200015690745586,-0.137250662698994,0.0203459423322521,-0.565067480889702,0.0290880251286394
3.08137370503119,0.412726893126677,-0.115571069427964,-0.0835008284968735,0.0201432284027396,-0.137202337321964,0.0204947245333017,-0.565125788796146,0.0294329563804361
3.10274348900188,0.412323714919502,-0.116282166996794,-0.0834378552484301,0.0202855047825225,-0.137153153226309,0.0206442680633623,-0.565183009371029,0.0297805594479134
3.12426147559604,0.411915524990641,-0.116995978968952,-0.0833738571599782,0.0204283937006195,-0.137103101616136,0.0207945711079493,-0.565239127718563,0.0301308403945769
3.14592869262085,0.411502275979504,-0.117712486174379,-0.0833088242111469,0.0205718905088693,-0.137052173669442,0.0209456317604787,-0.565294128969167,0.0304838052857478
3.16774617501149,0.411083920319276,-0.118431668785237,-0.0832427463632595,0.0207159904227441,-0.137000360538756,0.0210974480212503,-0.565347998278366,0.030839460191932
3.18971496488059,0.410660410242716,-0.119153506305359,-0.0831756135605592,0.020860688519846,-0.136947653351802,0.0212500177964204,-0.565400720825577,0.0311978111921677
3.21183611156796,0.410231697788236,-0.119877977559646,-0.0831074157314719,0.0210059797383927,-0.136894043212174,0.0214033388969628,-0.565452281812783,0.0315588643773479
3.23411067169074,0.40979773480623,-0.120605060683424,-0.0830381427899053,0.0211518588756951,-0.13683952120005,0.021557409037621,-0.565502666463091,0.0319226258535157
3.25653970919388,0.409358472965685,-0.121334733111757,-0.0829677846365872,0.0212983205866245,-0.136784078372909,0.0217122258358488,-0.565551860019182,0.0322891017451279
3.27912429540095,0.408913863761066,-0.12206697156872,-0.0828963311604419,0.0214453593820728,-0.136727705766287,0.0218677868107421,-0.56559984774164,0.0326582981982859
3.30186550906528,0.408463858519474,-0.122801752056652,-0.0828237722400084,0.0215929696274045,-0.13667039439455,0.0220240893819604,-0.565646614907181,0.0330302213839284
3.32476443642155,0.408008408408104,-0.12353904984537,-0.0827500977448988,0.0217411455409012,-0.136612135251691,0.0221811308686398,-0.565692146806769,0.0334048775009857
3.3478221712376,0.407547464441975,-0.124278839461377,-0.0826752975372995,0.0218898811922013,-0.136552919312162,0.0223389084882972,-0.565736428743615,0.0337822727794903
3.37103981486675,0.407080977491971,-0.125021094677051,-0.0825993614735164,0.0220391705007326,-0.136492737531717,0.0224974193557258,-0.565779446031083,0.0341624134836433
3.39441847630035,0.406608898293171,-0.125765788499822,-0.082522279405564,0.0221890072341416,-0.136431580848301,0.0226566604818838,-0.565821183990477,0.0345453059148321
3.41795927222076,0.406131177453483,-0.126512893161358,-0.0824440411828004,0.0223393850067184,-0.136369440182952,0.0228166287727748,-0.565861627948729,0.0349309564145968
3.44166332705473,0.405647765462592,-0.127262380106748,-0.0823646366536089,0.0224902972778186,-0.136306306440741,0.0229773210283222,-0.565900763235982,0.0353193713675441
3.46553177302703,0.405158612701214,-0.128014219983704,-0.0822840556671269,0.0226417373502842,-0.136242170511739,0.0231387339412372,-0.565938575183073,0.0357105572042046
3.48956575021462,0.404663669450667,-0.128768382631775,-0.0822022880750244,0.0227936983688622,-0.136177023272015,0.0233008640958812,-0.565975049118906,0.0361045204038318
3.51376640660105,0.404162885902764,-0.129524837071594,-0.0821193237333308,0.022946173318625,-0.136110855584666,0.0234637079671239,-0.56601017036774,0.0365012674971393
3.53813489813128,0.403656212170033,-0.130283551494155,-0.0820351525043137,0.0230991550233909,-0.136043658300878,0.0236272619191967,-0.566043924246366,0.0369008050689758
3.56267238876697,0.403143598296253,-0.131044493250129,-0.0819497642584083,0.0232526361441473,-0.135975422261024,0.0237915222045426,-0.566076296061194,0.0373031397609329
3.58738005054197,0.402624994267339,-0.131807628839233,-0.0818631488761999,0.0234066091774778,-0.135906138295789,0.0239564849626642,-0.566107271105244,0.0377082782738855
3.61225906361841,0.402100350022546,-0.132572923899653,-0.0817752962504599,0.0235610664539942,-0.135835797227336,0.0241221462189689,-0.566136834655042,0.0381162273704614
3.63731061634298,0.401569615466025,-0.133340343197527,-0.0816861962882363,0.023716000136774,-0.135764389870504,0.0242885018836136,-0.56616497196743,0.0385269938774389
3.66253590530377,0.401032740478713,-0.134109850616512,-0.0815958389129992,0.0238714022198065,-0.135691907034046,0.0244555477503494,-0.566191668276278,0.0389405846880685
3.68793613538733,0.400489674930565,-0.134881409147421,-0.0815042140668429,0.0240272645264464,-0.135618339521894,0.0246232794953664,-0.566216908789118,0.0393570067643191
3.71351251983634,0.39994036869315,-0.135654980877951,-0.081411311712745,0.0241835787078795,-0.135543678134476,0.0247916926761408,-0.566240678683679,0.0397762671390438
3.73926628030746,0.399384771652581,-0.136430526982517,-0.0813171218368834,0.0243403362415985,-0.135467913670059,0.0249607827302846,-0.566262963104354,0.0401983729180666
3.76519864692972,0.398822833722804,-0.137208007712186,-0.0812216344510119,0.0244975284298932,-0.135391036926135,0.0251305449743984,-0.566283747158566,0.040623331282185
3.7913108583633,0.398254504859253,-0.137987382384731,-0.0811248395948954,0.0246551463983553,-0.135313038700849,0.0253009746029299,-0.566303015913073,0.0410511494890884
3.81760416185865,0.397679735072847,-0.138768609374809,-0.0810267273388053,0.0248131810944002,-0.135233909794461,0.0254720666870371,-0.566320754390176,0.0414818348751906
3.84407981331609,0.397098474444365,-0.139551646104277,-0.080927287786076,0.0249716232858062,-0.135153641010855,0.0256438161734598,-0.566336947563865,0.0419153948573733
3.87073907734582,0.39651067313917,-0.140336449032653,-0.0808265110757223,0.0251304635592748,-0.135072223159086,0.0258162178833978,-0.566351580355879,0.0423518369346407
3.89758322732826,0.395916281422307,-0.14112297364773,-0.08072438738512,0.0252896923190115,-0.134989647054966,0.0259892665113994,-0.566364637631699,0.0427911686896821
3.92461354547494,0.395315249673959,-0.141911174456358,-0.0806209069327486,0.0254492997853317,-0.1349059035227,0.0261629566242601,-0.566376104196474,0.0432333977903417
3.95183132288971,0.394707528405282,-0.142701004975406,-0.0805160599809972,0.0256092759932906,-0.134820983396553,0.0263372826599328,-0.566385964790863,0.0436785319909941
3.97923785963041,0.394093068274599,-0.143492417722897,-0.0804098368390352,0.0257696107913413,-0.134734877522574,0.0265122389264516,-0.56639420408683,0.0441265791338228
4.00683446477099,0.393471820103964,-0.14428536420936,-0.080302227865746,0.0259302938400223,-0.134647576760351,0.0266878196008698,-0.566400806683359,0.0445775471500034
4.03462245646401,0.392843734896102,-0.14507979492937,-0.0801932234727266,0.0260913146106756,-0.134559071984816,0.0268640187282136,-0.566405757102109,0.0450314440607849
4.06260316200361,0.392208763851716,-0.145875659353324,-0.0800828141273512,0.0262526623841989,-0.134469354088095,0.0270408302204528,-0.566409039783016,0.0454882779784747
4.09077791788892,0.391566858387164,-0.146672905919435,-0.0799709903559011,0.0264143262498334,-0.134378413981399,0.0272182478554905,-0.566410639079825,0.0459480571073188
4.11914806988789,0.390917970152508,-0.147471482025978,-0.0798577427467592,0.0265762951039878,-0.134286242596962,0.0273962652761728,-0.566410539255575,0.046410789744281
4.14771497310157,0.390262051049929,-0.14827133402378,-0.0797430619536716,0.0267385576491041,-0.134192830890023,0.0275748759893193,-0.566408724478018,0.046876484279719
4.17647999202884,0.389599053252522,-0.149072407208983,-0.0796269386990739,0.0269011023925636,-0.134098169840855,0.0277540733647777,-0.566405178814997,0.0473451491979539
4.20544450063156,0.388928929223446,-0.14987464581608,-0.079509363777484,0.0270639176456383,-0.134002250456834,0.0279338506345025,-0.566399886229762,0.0478167930777345
4.23460988240025,0.388251631735446,-0.150677993011242,-0.0793903280589615,0.0272269915224879,-0.133905063774563,0.0281142008916594,-0.56639283057625,0.0482914245925953
4.26397753042013,0.387567113890745,-0.151482390885943,-0.0792698224926317,0.0273903119392063,-0.133806600862028,0.0282951170897581,-0.566383995594302,0.0487690525111046
4.29354884743766,0.386875329141292,-0.152287780450904,-0.079147838110277,0.0275538666129193,-0.133706852820816,0.0284765920418143,-0.56637336490485,0.0492496856970055
4.32332524592758,0.386176231309374,-0.15309410163036,-0.0790243660299928,0.027717643060935,-0.13360581078836,0.0286586184195423,-0.56636092200505,0.0497333331092453
4.35330814816033,0.385469774608587,-0.153901293256664,-0.0788993974599098,0.0278816285999508,-0.133503465940246,0.028841188752581,-0.566346650263384,0.0502200038018945
4.38349898627002,0.384755913665161,-0.154709293065248,-0.0787729237019802,0.0280458103453195,-0.133399809492551,0.0290242954277533,-0.566330532914712,0.0507097069239547
4.41389920232282,0.384034603539632,-0.15551803768994,-0.0786449361558298,0.0282101752103745,-0.133294832704239,0.0292079306883625,-0.566312553055298,0.0512024517190528
4.44451024838583,0.383305799748874,-0.156327462658666,-0.0785154263226737,0.0283747099058203,-0.13318852687959,0.0293920866335256,-0.566292693637794,0.0516982475250216
4.47533358659646,0.38256945828846,-0.157137502389539,-0.0783843858092954,0.0285394009391875,-0.133080883370681,0.029576755217547,-0.566270937466191,0.0521971037733681
4.50637068923228,0.381825535655371,-0.157948090187347,-0.0782518063320895,0.0287042346143573,-0.132971893579907,0.0297619282493326,-0.566247267190744,0.0526990299886231
4.53762303878129,0.381073988871039,-0.158759158240468,-0.0781176797211668,0.028869197031156,-0.132861548962548,0.0299475973918477,-0.566221665302862,0.0532040357875795
4.56909212801278,0.380314775504714,-0.1595706376182,-0.0779819979245197,0.0290342740850241,-0.132749841029375,0.0301337541616189,-0.566194114129978,0.0537121308784109
4.60077946004862,0.379547853697158,-0.160382458268547,-0.0778447530122498,0.0291994514667613,-0.132636761349306,0.0303203899282836,-0.566164595830383,0.0542233250596733
4.63268654843505,0.378773182184653,-0.161194549016453,-0.0777059371808543,0.0293647146623495,-0.132522301552094,0.030507495914187,-0.566133092388048,0.0547376282191911
4.66481491721498,0.377990720323319,-0.162006837562508,-0.0775655427575705,0.0295300489528587,-0.132406453331064,0.03069506319403,-0.566099585607419,0.0552550503328222
4.69716610100076,0.377200428113741,-0.162819250482139,-0.077423562204779,0.0296954394144358,-0.132289208445888,0.0308830826945686,-0.566064057108193,0.0557756014631059
4.72974164504755,0.376402266225877,-0.16363171322529,-0.0772799881244621,0.0298608709183806,-0.132170558725396,0.0310715451943677,-0.566026488320073,0.0562992917577891
4.76254310532705,0.37559619602427,-0.16444415011662,-0.0771348132627172,0.0300263281313112,-0.132050496070433,0.03126044132361,-0.565986860477518,0.0568261314482349
4.79557204860185,0.374782179593529,-0.165256484356217,-0.0769880305143236,0.030191795515421,-0.131929012456744,0.0314497615639628,-0.565945154614469,0.0573561308477073
4.82883005250031,0.373960179764076,-0.166068638020852,-0.0768396329273617,0.030357257328831,-0.131806099937909,0.0316394962485041,-0.565901351559065,0.0578893003495372
4.86231870559183,0.373130160138165,-0.16688053206578,-0.0766896137078814,0.0305226976260383,-0.131681750648298,0.0318296355617095,-0.565855431928352,0.0584256504251647
4.89603960746281,0.372292085116143,-0.167692086327105,-0.0765379662246203,0.0306881002584656,-0.131555956806075,0.0320201695395021,-0.565807376122984,0.0589651916220597
4.92999436879299,0.371445919922949,-0.168503219524718,-0.0763846840137671,0.0308534488751126,-0.131428710716224,0.0322110880693676,-0.565757164321916,0.0595079345615192
4.96418461143244,0.370591630634849,-0.169313849265827,-0.0762297607837714,0.0310187269233123,-0.131300004773615,0.0324023808905351,-0.565704776477091,0.0600538899363412
4.99861196847899,0.369729184206383,-0.170123892049081,-0.0760731904201947,0.031183917649595,-0.131169831466096,0.0325940375942266,-0.565650192308129,0.0606030685083746
5.03327808435624,0.368858548497519,-0.170933263269319,-0.0759149669906027,0.0313490041006632,-0.131038183377615,0.0327860476239764,-0.565593391297012,0.0611554811059445
5.06818461489212,0.367979692300998,-0.171741877222936,-0.0757550847494963,0.0315139691244778,-0.130905053191371,0.0329784002760224,-0.565534352682772,0.0617111386211529
5.10333322739797,0.367092585369862,-0.17254964711389,-0.0755935381432778,0.031678795371461,-0.130770433692992,0.0331710846997702,-0.565473055456182,0.0622700520070534
5.13872560074817,0.366197198445147,-0.173356485060363,-0.0754303218152514,0.0318434652958156,-0.130634317773732,0.0333640898983331,-0.565409478354452,0.0628322322747002
5.17436342546036,0.365293503283725,-0.174162302102084,-0.0752654306106539,0.032007961156965,-0.130496698433698,0.033557404729148,-0.565343599855931,0.0633976904900709
5.21024840377617,0.36438147268629,-0.174967008208323,-0.0750988595817143,0.0321722650211156,-0.13035756878509,0.0337510179046705,-0.565275398174821,0.0639664377708624
5.24638224974252,0.36346108052546,-0.175770512286577,-0.0749306039927394,0.0323363587629435,-0.130216922055469,0.0339449179931488,-0.565204851255896,0.0645384852831592
5.2827666892935,0.36253230177399,-0.176572722191949,-0.0747606593252205,0.0325002240674091,-0.130074751591034,0.0341390934194808,-0.56513193676924,0.0651138442379749
5.31940346033281,0.361595112533072,-0.177373544737239,-0.0745890212829619,0.0326638424316996,-0.12993105085992,0.0343335324661519,-0.565056632104997,0.0656925258876643
5.35629431281677,0.360649490060716,-0.178172885703752,-0.0744156857972244,0.0328271951673048,-0.129785813455502,0.0345282232742594,-0.564978914368138,0.0662745415222074
5.39344100883792,0.359695412800179,-0.178970649852834,-0.0742406490318827,0.0329902634022241,-0.129639033099717,0.034723153844621,-0.564898760373239,0.0668599024653651
5.43084532270915,0.358732860408436,-0.179766740938154,-0.0740639073885939,0.0331530280833115,-0.12949070364639,0.0349183120389718,-0.564816146639299,0.0674486200707047
5.4685090410485,0.357761813784677,-0.180561061718726,-0.0738854575119709,0.0333154699787559,-0.129340819084567,0.0351136855812492,-0.564731049384555,0.0680407057174954
5.50643396286443,0.3567822550988,-0.181353513972697,-0.0737052962947609,0.0334775696807029,-0.129189373541854,0.0353092620589672,-0.564643444521342,0.0686361708064744
5.54462189964184,0.355794167819884,-0.182143998511896,-0.0735234208830221,0.0336393076080155,-0.12903636128775,0.0355050289246826,-0.564553307650965,0.0692350267554812
5.58307467542852,0.354797536744637,-0.182932415197166,-0.0733398286812976,0.0338006640091803,-0.128881776736993,0.0357009734975526,-0.564460614058612,0.0698372849949619
5.6217941269223,0.353792348025769,-0.183718662954469,-0.0731545173577801,0.033961618965356,-0.128725614452881,0.0358970829649856,-0.564365338708284,0.0704429569633413
5.66078210355879,0.352778589200306,-0.184502639791791,-0.072967484849466,0.0341221523935695,-0.12856786915061,0.0360933443843864,-0.56426745623777,0.0710520541022632
5.70004046759971,0.351756249217788,-0.185284242816838,-0.0727787293672931,0.0342822440500589,-0.128408535700582,0.0362897446849964,-0.564166940953645,0.0716645878516987
5.73957109422183,0.350725318468354,-0.186063368255539,-0.0725882494012585,0.0344418735337656,-0.128247609131715,0.0364862706698295,-0.564063766826311,0.0722805696449218
5.77937587160657,0.349685788810683,-0.186839911471361,-0.0723960437255127,0.0346010202899764,-0.128085084634733,0.0366829090177053,-0.563957907485078,0.0729000109033515
5.81945670103016,0.348637653599768,-0.18761376698543,-0.0722021114034246,0.0347596636141171,-0.127920957565432,0.0368796462853786,-0.563849336213278,0.0735229230312613
5.85981549695445,0.347580907714499,-0.188384828497481,-0.0720064517926154,0.0349177826556978,-0.127755223447939,0.0370764689097683,-0.563738025943431,0.074149317410354
5.90045418711838,0.346515547585035,-0.189152988907627,-0.0718090645499533,0.0350753564224124,-0.127587877977934,0.0372733632102836,-0.563623949252446,0.0747792053942032
5.94137471263004,0.345441571219943,-0.189918140338952,-0.0716099496365082,0.0352323637843906,-0.127418917025848,0.0374703153912497,-0.563507078356879,0.0754125983025595
5.9825790280594,0.344358978233065,-0.19068017416094,-0.0714091073224592,0.0353887834786054,-0.127248336640039,0.0376673115444326,-0.563387385108232,0.0760495074155229
6.02406910153166,0.343267769870115,-0.191438981013728,-0.0712065381919515,0.0355445941134355,-0.127076133049922,0.0378643376516637,-0.56326484098831,0.0766899439675788
6.06584691482126,0.342167949034948,-0.192194450833195,-0.0710022431478976,0.0356997741733825,-0.126902302669073,0.0380613795875636,-0.563139417104625,0.0773339191414995
6.10791446344653,0.341059520315509,-0.192946472876885,-0.0707962234167175,0.0358543020239445,-0.126726842098284,0.0382584231223654,-0.563011084185862,0.0779814440621093
6.15027375676503,0.339942490009409,-0.193694935750759,-0.0705884805530141,0.0360081559166442,-0.126549748128582,0.0384554539248384,-0.562879812577401,0.0786325297899144
6.19292681806951,0.338816866149119,-0.194439727436781,-0.070379016444178,0.036161313994214,-0.126371017744198,0.0386524575653105,-0.562745572236899,0.0792871873145948
6.23587568468454,0.337682658526748,-0.195180735321333,-0.0701678333149164,0.036313754295935,-0.126190648125485,0.0388494195187894,-0.562608332729935,0.0799454275483614
6.27912240806387,0.336539878718378,-0.195917846224455,-0.0699549337317025,0.0364654547631317,-0.126008636651786,0.0390463251681835,-0.562468063225723,0.080607261319175
6.32266905388835,0.335388540107937,-0.196650946429912,-0.0697403206071388,0.0366163932448209,-0.125824980904239,0.0392431598076198,-0.562324732492889,0.0812726993638285
6.36651770216467,0.334228657910576,-0.197379921716077,-0.0695239972042296,0.0367665475035139,-0.125639678668529,0.0394399086458599,-0.562178308895323,0.0819417523208917
6.41067044732463,0.333060249195522,-0.198104657387629,-0.0693059671405583,0.0369158952211717,-0.125452727937571,0.0396365568098127,-0.5620287603881,0.0826144307235188
6.45512939832527,0.331883332908382,-0.198825038308055,-0.0690862343923629,0.0370644140053116,-0.125264126914123,0.0398330893481424,-0.561876054513477,0.0832907449921181
6.49989667874954,0.33069792989288,-0.199540948932959,-0.0688648032985058,0.0372120813952645,-0.125073874013337,0.0400294912349716,-0.561720158396971,0.0839707054268832
6.54497442690774,0.329504062911978,-0.200252273344157,-0.0686416785643322,0.0373588748685805,-0.124881967865227,0.0402257473736782,-0.561561038743516,0.0846543222001873
6.5903647959397,0.328301756668375,-0.200958895284556,-0.0684168652654112,0.0375047718475824,-0.124688407317062,0.0404218426007837,-0.561398661833702,0.0853416053488383
6.63606995391757,0.327091037824345,-0.201660698193813,-0.0681903688511551,0.0376497497060645,-0.124493191435677,0.040617761689934,-0.5612329935201,0.0860325647661961
6.68209208394941,0.32587193502089,-0.202357565244745,-0.0679621951483118,0.0377937857761349,-0.124296319509701,0.0408134893559674,-0.561063999223681,0.0867272101941522
6.72843338428345,0.324644478896177,-0.203049379380503,-0.0677323503643244,0.0379368573551989,-0.12409779105169,0.041009010259072,-0.560891643930319,0.0874255512149696
6.77509606841313,0.323408702103239,-0.203736023352469,-0.0675008410905531,0.0380789417130819,-0.123897605800174,0.0412043090090279,-0.560715892187395,0.0881275972429862
6.82208236518274,0.322164639326905,-0.204417379758889,-0.0672676743053539,0.0382200160992886,-0.12369576372161,0.0413993701695338,-0.560536708100494,0.088833357516178
6.86939451889399,0.320912327299937,-0.20509333108421,-0.0670328573770097,0.0383600577503952,-0.123492265012223,0.0415941782626147,-0.560354055330202,0.0895428410875858
6.91703478941313,0.319651804818342,-0.20576375973911,-0.0667963980665079,0.0384990438975733,-0.123287110099764,0.0417887177731095,-0.560167897089015,0.0902560568166029
6.96500545227891,0.318383112755844,-0.206428548101202,-0.0665583045301592,0.0386369517742406,-0.123080299645143,0.0419829731532358,-0.559978196138337,0.0909730133601248
7.0133087988113,0.317106294077468,-0.207087578556403,-0.0663185853220534,0.0387737586238363,-0.122871834543967,0.0421769288272288,-0.559784914785606,0.0916937191635613
7.06194713622089,0.31582139385224,-0.207740733540935,-0.0660772493963471,0.0389094417077171,-0.122661715927956,0.0423705691960521,-0.55958801488152,0.0924181824517116
7.11092278771915,0.314528459264943,-0.208387895583948,-0.0658343061093771,0.0390439783131697,-0.122449945166247,0.0425638786421782,-0.55938745781738,0.0931464112195006
7.16023809262934,0.313227539626938,-0.209028947350742,-0.0655897652215967,0.039177345761537,-0.122236523866582,0.0427568415344348,-0.559183204522559,0.09387841322258
7.20989540649828,0.311918686385996,-0.209663771686566,-0.0653436368993277,0.0393095214164529,-0.12202145387637,0.0429494422329134,-0.558975215462081,0.0946141959677915
7.25989710120885,0.310601953135137,-0.210292251660968,-0.0650959317163265,0.0394404826921812,-0.121804737283622,0.0431416650939391,-0.558763450634338,0.0953537667034938
7.31024556509332,0.30927739562044,-0.210914270612674,-0.0648466606551562,0.0395702070620557,-0.121586376417764,0.043333494475096,-0.558547869568922,0.0960971324097544
7.36094320304735,0.307945071747809,-0.211529712194974,-0.0645958351083634,0.0396986720670142,-0.121366373850314,0.0435249147403057,-0.5583284313246,0.0968442997884055
7.41199243664497,0.306605041588661,-0.212138460421586,-0.0643434668794529,0.0398258553242242,-0.12114473239543,0.0437159102649551,-0.558105094487417,0.0975952752529654
7.46339570425412,0.305257367384536,-0.212740399712966,-0.0640895681836579,0.0399517345357931,-0.120921455110316,0.0439064654410703,-0.55787781716894,0.0983500649184255
7.51515546115323,0.303902113550573,-0.213335414943049,-0.0638341516485006,0.0400762874975588,-0.120696545295496,0.0440965646825316,-0.557646557004644,0.0991086745909035
7.56727417964842,0.302539346677871,-0.213923391486379,-0.0635772303141389,0.0401994921079551,-0.120470006494939,0.0442861924303266,-0.557411271152441,0.0998711097571647
7.61975434919166,0.301169135534682,-0.214504215265605,-0.0633188176334968,0.0403213263769456,-0.120241842496049,0.0444753331578365,-0.557171916291361,0.10063737557401
7.67259847649959,0.299791551066441,-0.215077772799313,-0.0630589274721735,0.0404417684350215,-0.120012057329501,0.0446639713761525,-0.556928448620383,0.101407476857533
7.72580908567334,0.298406666394592,-0.215643951250158,-0.0627975741081283,0.0405607965422556,-0.119780655268934,0.044852091639416,-0.556680823857426,0.102181418072248
7.77938871831903,0.29701455681422,-0.216202638473266,-0.0625347722311376,0.0406783890974088,-0.119547640830496,0.0450396785501803,-0.556428997238492,0.102959203320087
7.83333993366922,0.295615299790445,-0.216753723064874,-0.0622705369420215,0.0407945246470793,-0.119313018772229,0.0452267167647877,-0.556172923516979,0.103740836329267
7.8876653087051,0.294208974953585,-0.21729709441117,-0.0620048837516368,0.0409091818948926,-0.119076794093308,0.0454131909987577,-0.555912556963161,0.104526320443037
7.94236743827963,0.292795664093062,-0.217832642737307,-0.0617378285796327,0.0410223397107209,-0.118838972033128,0.0455990860321819,-0.555647851363835,0.105315658608286
7.99744893524145,0.291375451150033,-0.218360259156539,-0.061469387752968,0.041133977139929,-0.118599558070221,0.04578438671512,-0.555378760022144,0.106108853364041
8.0529124305597,0.289948422208752,-0.218879835719463,-0.0611995780041871,0.0412440734126374,-0.118358557921033,0.0459690779729927,-0.555105235757584,0.106905906829832
8.10876057344967,0.288514665486633,-0.219391265463313,-0.060928416469452,0.0413526079529968,-0.11811597753853,0.0461531448119655,-0.554827230906181,0.107706820693934
8.16499603149936,0.287074271323018,-0.219894442461276,-0.0606559206863289,0.0414595603884663,-0.117871823110648,0.0463365723243195,-0.554544697320869,0.108511596201495
8.22162149079689,0.285627332166627,-0.220389261871798,-0.0603821085913275,0.0415649105590885,-0.117626101058588,0.0465193456938023,-0.554257586372047,0.10932023414254
8.27863965605879,0.284173942561699,-0.220875619987821,-0.0601069985171925,0.0416686385267534,-0.117378818034942,0.0467014502009556,-0.553965848948336,0.110132734839859
8.33605325075921,0.282714199132806,-0.221353414285937,-0.0598306091899438,0.0417707245844443,-0.117129980921666,0.0468828712284125,-0.553669435457533,0.110949098136777
8.39386501726,0.28124820056834,-0.221822543475403,-0.0595529597256674,0.0418711492654583,-0.116879596827886,0.0470635942661601,-0.553368295827768,0.111769323384812
8.45207771694168,0.279776047602665,-0.222282907546975,-0.0592740696270539,0.0419698933525928,-0.116627673087547,0.0472436049167614,-0.553062379508861,0.112593409431225
8.51069413033537,0.27829784299694,-0.222734407821537,-0.0589939587796851,0.0420669378872909,-0.116374217256902,0.0474228889005316,-0.552751635473901,0.113421354606447
8.56971705725559,0.276813691518602,-0.223176946998466,-0.0587126474480687,0.0421622641787383,-0.116119237111835,0.0476014320606622,-0.552436012221033,0.114253156711413
8.62914931693396,0.27532369991952,-0.223610429203699,-0.0584301562714209,0.0422558538129033,-0.11586274064503,0.0477792203682891,-0.552115457775459,0.115088813004781
8.68899374815392,0.273827976912809,-0.224034760037465,-0.0581465062591967,0.0423476886615116,-0.115604736062983,0.0479562399274964,-0.551789919691674,0.115928320190048
8.74925320938629,0.272326633148323,-0.224449846621633,-0.0578617187863703,0.0424377508909497,-0.115345231782845,0.0481324769802538,-0.551459345055917,0.116771674402567
8.80993057892579,0.270819781186817,-0.224855597646635,-0.0575758155884632,0.0425260229710863,-0.115084236429127,0.0483079179112785,-0.55112368048886,0.117618871196468
8.87102875502857,0.269307535472797,-0.225251923417934,-0.0572888187563255,0.0426124876840066,-0.114821758830229,0.0484825492528188,-0.550782872148535,0.11846990553147
8.93255065605059,0.26779001230605,-0.225638735901973,-0.0570007507306677,0.0426971281326495,-0.114557808014836,0.0486563576893519,-0.550436865733493,0.119324771759618
8.99449922058705,0.266267329811885,-0.226015948771583,-0.0567116342963478,0.0427799277493403,-0.114292393208146,0.0488293300621914,-0.550085606486214,0.120183463611913
9.05687740761275,0.264739607910071,-0.226383477450806,-0.0564214925764137,0.0428608703042116,-0.11402552382796,0.0490014533739989,-0.549729039196763,0.121045974184862
9.11968819662343,0.263206968282509,-0.226741239159071,-0.0561303490259044,0.0429399399135037,-0.113757209480621,0.049172714793193,-0.549367108206697,0.121912295926942
9.18293458777804,0.261669534339627,-0.227089152954718,-0.0558382274254122,0.0430171210477366,-0.113487459956805,0.0493431016582528,-0.548999757413236,0.122782420624981
9.2466196020421,0.260127431185533,-0.227427139777791,-0.0555451518744083,0.0430923985397469,-0.113216285227179,0.0495126014819072,-0.548626930273686,0.123656339390458
9.31074628133199,0.258580785581933,-0.227755122492083,-0.0552511467843359,0.0431657575925805,-0.112943695437913,0.0496812019552078,-0.548248569810138,0.124534042645738
9.3753176886602,0.257029725910835,-0.228073025926393,-0.0549562368714739,0.0432371837872339,-0.112669700906061,0.0498488909514775,-0.547864618614429,0.125415520110216
9.44033690828169,0.255474382136053,-0.228380776914935,-0.0546604471495735,0.0433066630902368,-0.112394312114807,0.0500156565301322,-0.547475018853381,0.126300760786415
9.50580704584117,0.253914885763544,-0.228678304336886,-0.0543638029222749,0.0433741818610687,-0.112117539708582,0.0501814869403679,-0.547079712274323,0.127189752946002
9.57173122852146,0.252351369800587,-0.228965539155013,-0.0540663297753044,0.0434397268594007,-0.111839394488062,0.0503463706247102,-0.546678640210889,0.128082484115753
9.63811260519287,0.250783968713835,-0.229242414453353,-0.0537680535684604,0.0435032852521574,-0.111559887405041,0.0505102962224205,-0.546271743589112,0.128978941063455
9.70495434656358,0.249212818386271,-0.229508865473902,-0.0534690004273896,0.04356484462039,-0.111279029557187,0.0506732525727544,-0.545858962933805,0.129879109783764
9.7722596453311,0.247638056073077,-0.229764829652285,-0.0531691967351609,0.0436243929659543,-0.110996832182688,0.0508352287180671,-0.545440238375239,0.130782975484002
9.84003171633479,0.246059820356464,-0.230010246652359,-0.0528686691236417,0.0436819187179867,-0.110713306654788,0.0509962139067618,-0.545015509656125,0.131690522569923
9.90827379670937,0.244478251099481,-0.230245058399722,-0.0525674444646816,0.0437374107391718,-0.110428464476229,0.0511561975960774,-0.544584716138902,0.132601734631431
9.97698914603959,0.242893489398837,-0.230469209114095,-0.0522655498611099,0.0437908583317945,-0.110142317273581,0.0513151694547093,-0.54414779681333,0.133516594428266
10.0461810465159,0.241305677536766,-0.230682645340536,-0.0519630126375532,0.0438422512435713,-0.109854876791494,0.0514731193652617,-0.543704690304403,0.134435083875658
10.1158528030912,0.239714958931968,-0.230885315979463,-0.0516598603310789,0.0438915796732529,-0.109566154886854,0.0516300374265256,-0.54325533488058,0.135357184029962
10.1860077436388,0.238121478089671,-0.231077172315452,-0.0513561206816719,0.0439388342759945,-0.109276163522861,0.0517859139555798,-0.542799668462332,0.136282875074266
10.2566492191112,0.236525380550832,-0.231258168044772,-0.0510518216225498,0.0439840061684861,-0.108984914763029,0.051940739489711,-0.54233762863103,0.137212136303984
10.3277806037004,0.234926812840526,-0.231428259301643,-0.0507469912703262,0.044027086933839,-0.10869242076512,0.0520945047881498,-0.541869152638149,0.138144946112449
10.3994052949988,0.233325922415557,-0.231587404683178,-0.0504416579150262,0.0440680686262214,-0.108398693775009,0.0522472008336196,-0.541394177414823,0.139081281976492
10.4715267141616,0.231722857611333,-0.231735565272986,-0.0501358500099646,0.0441069437752404,-0.108103746120494,0.0523988188336946,-0.540912639581728,0.140021120442028
10.5441483060703,0.230117767588042,-0.231872704663414,-0.0498295961614917,0.044143705390063,-0.107807590205058,0.0525493502219662,-0.540424475459316,0.140964437109649
10.6172735394972,0.228510802276167,-0.231998788976402,-0.0495229251186166,0.0441783469632745,-0.107510238501574,0.0526987866590124,-0.539929621078396,0.141911206620231
10.6909059072708,0.226902112321389,-0.232113786882927,-0.0492158657625148,0.0442108624744678,-0.107211703545985,0.0528471200331706,-0.539428012191068,0.142861402640564
10.7650489264432,0.225291849028915,-0.232217669621018,-0.0489084470959281,0.0442412463935605,-0.106911997930945,0.0529943424611101,-0.538919584282015,0.143814997849001
10.8397061384575,0.22368016430728,-0.232310411012323,-0.0486006982324665,0.0442694936838367,-0.106611134299435,0.0531404462882034,-0.538404272580152,0.144771963921151
10.9148811093176,0.222067210611655,-0.23239198747721,-0.0482926483858185,0.0442955998047091,-0.106309125338361,0.0532854240886936,-0.537882012070642,0.1457322715156
10.9905774297578,0.220453140886724,-0.232462378048381,-0.0479843268588801,0.0443195607141989,-0.10600598377214,0.0534292686656581,-0.537352737507284,0.146695890259694
11.0667987154147,0.218838108509159,-0.232521564382995,-0.0476757630328099,0.0443413728711311,-0.105701722356284,0.053571973050766,-0.536816383425266,0.14766278873536
11.1435486070002,0.217222267229748,-0.232569530773276,-0.0473669863560202,0.0443610332370416,-0.105396353870982,0.0537135305038296,-0.536272884154302,0.148632934465
11.2208307704748,0.215605771115218,-0.232606264155598,-0.0470580263331117,0.0443785392777956,-0.105089891114696,0.0538539345121484,-0.535722173832145,0.14960629389745
11.2986488972231,0.213988774489805,-0.232631754118044,-0.0467489125137617,0.044393888964913,-0.104782346897771,0.053993178789646,-0.535164186418483,0.150582832394014
11.3770067042298,0.212371431876612,-0.232645992906416,-0.0464396744815748,0.0444070807766026,-0.10447373403607,0.0541312572757993,-0.534598855709223,0.151562514214586
11.4559079342577,0.210753897938806,-0.232648975428711,-0.0461303418429042,0.0444181136985003,-0.104164065344639,0.0542681641343607,-0.53402611535117,0.152545302503864
11.535356356026,0.2091363274207,-0.232640699258032,-0.0458209442156537,0.0444269872241135,-0.103853353631414,0.0544038937518735,-0.533445898857089,0.153531159277661
11.6153557643908,0.207518875088773,-0.232621164633956,-0.0455115112180696,0.0444337013549687,-0.103541611690966,0.054538440735981,-0.532858139621176,0.154520045409329
11.6959099805258,0.205901695672668,-0.232590374462339,-0.0452020724575305,0.0444382566004642,-0.10322885229831,0.0546717999135307,-0.532262770934925,0.155511920616303
11.7770228521052,0.204284943806218,-0.232548334313567,-0.0448926575193451,0.0444406539774257,-0.102915088202764,0.0548039663284748,-0.53165972600339,0.156506743446769
11.8586982534876,0.202668773968557,-0.232495052419257,-0.0445832959555675,0.044440895009367,-0.102600332121881,0.0549349352395682,-0.531048937961871,0.157504471266466
11.9409400859005,0.20105334042535,-0.232430539667402,-0.044274017273838,0.0444389817254564,-0.102284596735457,0.0550647021178661,-0.53043033989299,0.158505060245636
12.0237522776272,0.199438797170197,-0.232354809595976,-0.0439648509262591,0.0444349166591883,-0.101967894679611,0.0551932626440235,-0.529803864844191,0.159508465346134
12.1071387841942,0.197825297866263,-0.232267878384994,-0.043655826298316,0.0444287028467628,-0.101650238540968,0.055320612705398,-0.529169445845647,0.160514640308691
12.1911035885602,0.196212995788166,-0.232169764847057,-0.04334697269785,0.044420343825175,-0.10133164085093,0.05544674839296,-0.528527015928592,0.161523537640362
12.2756507013062,0.19460204376419,-0.232060490416358,-0.0430383193440943,0.044409843630015,-0.101012114080043,0.0555716659980113,-0.527876508144056,0.162535108602153
12.3607841608273,0.192992594118853,-0.231940079136198,-0.0427298953567805,0.0443972067929813,-0.100691670632492,0.0556953620087171,-0.52721785558204,0.163549303196844
12.4465080335254,0.191384798615878,-0.231808557644999,-0.0424217297453249,0.0443824383391112,-0.100370322840694,0.0558178331064535,-0.526550991391095,0.164566070157022
12.5328264140034,0.189778808401626,-0.23166595516084,-0.0421138513981032,0.0443655437837293,-0.100048082960024,0.0559390761619744,-0.525875848798337,0.165585356933321
12.6197434252612,0.188174773949014,-0.231512303464533,-0.0418062890718219,0.0443465291291192,-0.0997249631636693,0.0560590882314023,-0.525192361129882,0.166607109682899
12.7072632188919,0.186572845001981,-0.231347636881253,-0.0414990713809947,0.0443254008609195,-0.0994009755376182,0.056177866552046,-0.524500461831707,0.167631273258148
12.7953899752808,0.184973170520536,-0.23117199226074,-0.0411922267875331,0.0443021659442514,-0.0990761320757912,0.0562954085380509,-0.523800084490942,0.168657791195655
12.8841279038047,0.183375898626428,-0.230985408956109,-0.0408857835904572,0.044276831819578,-0.098750444675322,0.0564117117758854,-0.523091162857585,0.169686605705426
12.9734812430331,0.181781176549485,-0.230787928801264,-0.0405797699157376,0.0442494063983028,-0.0984239251319917,0.0565267740196688,-0.522373630866649,0.170717657660381
13.0634542609305,0.180189150574665,-0.230579596086968,-0.0402742137062729,0.04421989805811,-0.0980965851358244,0.056640593186346,-0.521647422660738,0.171750886586135
13.1540512550606,0.178599965989851,-0.230360457535572,-0.0399691427120131,0.0441883156380525,-0.0977684362668471,0.056753167350713,-0.520912472613051,0.172786230651081
13.2452765527909,0.177013767034428,-0.230130562274446,-0.0396645844802346,0.0441546684333927,-0.0974394899910228,0.0568644947403009,-0.520168715350813,0.173823626656774
13.3371345115004,0.175430696848692,-0.229889961808126,-0.0393605663459743,0.0441189661902006,-0.097109757656359,0.0569745737301218,-0.519416085779136,0.174863010028651
13.4296295187868,0.173850897424117,-0.229638709989218,-0.0390571154226308,0.0440812190997159,-0.0967792504891981,0.0570834028372843,-0.518654519105308,0.175904314807067
13.5227659926764,0.172274509554509,-0.22937686298808,-0.0387542585927373,0.0440414377924785,-0.0964479795906952,0.0571909807154834,-0.517883950863508,0.176947473638705
13.6165483818355,0.170701672788107,-0.22910447926132,-0.0384520224989154,0.0439996333322358,-0.0961159559334863,0.0572973061493723,-0.51710431693994,0.177992417768324
13.7109811657822,0.169132525380628,-0.228821619519136,-0.0381504335350134,0.0439558172096297,-0.0957831903585525,0.0574023780488211,-0.516315553598399,0.179039077030896
13.806068855101,0.167567204249319,-0.228528346691539,-0.0378495178374373,0.0439100013356729,-0.0954496935722842,0.057506195443071,-0.515517597506252,0.18008737984413
13.9018159916578,0.16600584492803,-0.228224725893485,-0.0375493012766789,0.0438621980350192,-0.0951154761437494,0.0576087574747882,-0.514710385760839,0.181137253201395
13.998227148817,0.164448581523341,-0.227910824388955,-0.0372498094490475,0.0438124200390348,-0.0947805485021692,0.0577100633940274,-0.51389385591629,0.182188622665063
14.0953069316601,0.16289554667177,-0.227586711554028,-0.036951067668609,0.0437606804786786,-0.0944449209346051,0.0578101125521095,-0.51306794601075,0.183241412360282
14.1930599772055,0.161346871498088,-0.227252458838959,-0.03665310095934,0.0437069928771972,-0.0941086035838599,0.057908904395422,-0.512232594594022,0.184295544969189
14.2914909546299,0.159802685574771,-0.226908139729336,-0.0363559340474983,0.0436513711426424,-0.0937716064465974,0.0580064384591494,-0.511387740755608,0.185350941725594
14.3906045654914,0.158263116882607,-0.226553829706314,-0.0360595913542176,0.0435938295602195,-0.0934339393716806,0.0581027143609406,-0.510533324153147,0.186407522410126
14.4904055439544,0.156728291772477,-0.226189606206001,-0.0357640969883278,0.0435343827844718,-0.0930956120587337,0.0581977317945212,-0.509669285041262,0.187465205345871
14.5908986570152,0.155198334928341,-0.225815548578007,-0.0354694747394065,0.043473045831311,-0.0927566340569292,0.0582914905232583,-0.508795564300783,0.188523907394523
14.6920887047298,0.153673369331442,-0.225431738043223,-0.0351757480710652,0.0434098340698999,-0.0924170147640006,0.0583839903736854,-0.507912103468364,0.189583543953034
14.7939805204436,0.152153516225741,-0.225038257650835,-0.0348829401144725,0.0433447632143951,-0.0920767634254848,0.058475231228996,-0.507018844766476,0.19064402895082
14.8965789710218,0.15063889508461,-0.224635192234656,-0.0345910736621188,0.0432778493155593,-0.0917358891341939,0.058565213022512,-0.50611573113377,0.191705274847496
14.999888957082,0.149129623578788,-0.224222628368784,-0.0343001711618239,0.043209108752248,-0.0913944008299181,0.0586539357311373,-0.505202706255811,0.192767192631189
15.1039154132284,0.14762581754562,-0.223800654322635,-0.034010254710991,0.0431385582227815,-0.0910523072993602,0.0587413993688025,-0.504279714596164,0.193829691817421
15.2086633082875,0.14612759095959,-0.223369360015409,-0.0337213460511087,0.0430662147362089,-0.090709617176303,0.0588276039799098,-0.503346701427831,0.19489268044859
15.3141376455451,0.144635055904149,-0.222928836970005,-0.0334334665625039,0.0429920956034714,-0.0903663389420091,0.0589125496327863,-0.502403612865032,0.195956065094064
15.4203434629857,0.143148322544858,-0.222479178266453,-0.033146637259345,0.0429162184284747,-0.0900224809258534,0.0589962364131528,-0.501450395895313,0.197019750850894
15.5272858335329,0.141667499103854,-0.222020478494876,-0.0328608787849001,0.0428386010990769,-0.0896780513061878,0.0590786644176172,-0.500486998411982,0.198083641345171
15.6349698652918,0.140192691835634,-0.221552833708052,-0.0325762114070477,0.0427592617780012,-0.0893330581114384,0.0591598337472003,-0.499513369246851,0.199147638734038
15.7434007017931,0.138724005004169,-0.221076341373602,-0.0322926550140437,0.0426782188936795,-0.0889875092214325,0.0592397445009014,-0.498529458203287,0.200211643708378
15.8525835222385,0.13726154086135,-0.220591100325841,-0.0320102291105431,0.0425954911310383,-0.0886414123689566,0.0593183967693129,-0.497535216089544,0.201275555496181
15.9625235417481,0.135805399626768,-0.220097210717354,-0.0317289528138779,0.0425110974222302,-0.0882947751415419,0.059395790628291,-0.496530594752384,0.202339271866617
16.07322601161,0.134355679468826,-0.219594773970309,-0.0314488448505903,0.0424250569373236,-0.087947604983477,0.0594719261326911,-0.495515547110951,0.203402689134834
16.1846962195303,0.132912476487185,-0.219083892727578,-0.0311699235532221,0.0423373890749551,-0.087599909198045,0.0595468033101745,-0.494490027190914,0.204465702167471
16.2969394898867,0.131475884696535,-0.218564670803685,-0.0308922068573577,0.0422481134529534,-0.0872516949499829,0.0596204221550966,-0.493453990158833,0.205528204388939
16.4099611839816,0.130045996011696,-0.218037213135625,-0.0306157122989226,0.0421572498989435,-0.0869029692681613,0.0596927826224821,-0.492407392356762,0.206590087788448
16.5237667002994,0.128622900234034,-0.217501625733604,-0.0303404570117339,0.0420648184409367,-0.0865537390484812,0.0597638846220958,-0.491350191337056,0.207651242927823
16.6383614747635,0.127206685039202,-0.216958015631727,-0.0300664577253028,0.0419708392979159,-0.0862040110569839,0.0598337280126168,-0.490282345897377,0.208711558950104
16.7537509809962,0.125797435966167,-0.216406490838677,-0.0297937307628868,0.0418753328704222,-0.0858537919331729,0.0599023125959234,-0.489203816115872,0.209770923588956
16.8699407305804,0.124395236407557,-0.215847160288429,-0.0295222920397915,0.0417783197311512,-0.0855030881935417,0.0599696381114957,-0.488114563386521,0.210829223178905
16.9869362733223,0.123000167601275,-0.215280133791017,-0.029252157061917,0.0416798206155651,-0.0851519062353059,0.0600357042309439,-0.487014550454625,0.211886342666394
17.1047431975172,0.1216123086234,-0.214705521983425,-0.0289833409245493,0.0415798564125286,-0.0848002523403329,0.0601005105526684,-0.485903741452421,0.212942165621703
17.2233671302159,0.120231736382349,-0.214123436280595,-0.0287158583113939,0.0414784481549754,-0.0844481326792684,0.0601640565966604,-0.484782101934806,0.213996574251723
17.3428137374936,0.118858525614283,-0.213533988826629,-0.0284497234938466,0.0413756170106109,-0.0840955533158509,0.060226341799447,-0.483649598915149,0.215049449413601
17.4630887247206,0.117492748879755,-0.212937292446187,-0.0281849503305023,0.0412713842726598,-0.083742520211413,0.0602873655091913,-0.482506200901171,0.216100670629285
17.5841978368348,0.116134476561573,-0.212333460596134,-0.0279215522668958,0.0411657713506633,-0.0833890392295625,0.0603471269809502,-0.481351877930877,0.217150116100954
17.7061468586161,0.114783776863865,-0.211722607317463,-0.0276595423354721,0.0410587997613331,-0.0830351161410383,0.060405625372099,-0.480186601608509,0.21819766272737
17.8289416149627,0.113440715812335,-0.211104847187523,-0.027398933155784,0.0409504911194685,-0.0826807566287358,0.0604628597379275,-0.479010345140512,0.219243186121152
17.9525879711692,0.112105357255676,-0.21048029527259,-0.0271397369349121,0.0408408671289416,-0.0823259662928959,0.0605188290274147,-0.477823083371472,0.220286560626977
18.0770918332073,0.110777762868144,-0.209849067080807,-0.026881965468103,0.040729949573758,-0.0819707506564525,0.0605735320791864,-0.476624792820026,0.221327659340739
18.2024591480069,0.109457992153246,-0.209211278515521,-0.0266256301396241,0.0406177603091971,-0.0816151151705303,0.0606269676176627,-0.475415451714699,0.222366354129653
18.3286959037413,0.108146102448543,-0.208567045829049,-0.0263707419238279,0.0405043212530385,-0.0812590652200891,0.0606791342494004,-0.474195040029655,0.223402515653324
18.4558081301122,0.106842148931539,-0.207916485576901,-0.0261173113864243,0.0403896543768796,-0.0809026061297064,0.060730030459635,-0.472963539520336,0.2244360133858
18.5838018986386,0.105546184626632,-0.207259714572482,-0.0258653486859546,0.0402737816975493,-0.0805457431694919,0.0607796546090276,-0.47172093375896,0.225466715638592
18.7126833229461,0.104258260413099,-0.206596849842307,-0.0256148635754642,0.0401567252686224,-0.0801884815611275,0.0608280049306219,-0.470467208169857,0.2264944895847
18.8424585590593,0.102978425034111,-0.205928008581738,-0.025365865404368,0.0400385071720405,-0.0798308264840253,0.0608750795270145,-0.469202350064605,0.227519201283624
18.9731338056957,0.101706725106732,-0.205253308111289,-0.0251183631205052,0.0399191495098428,-0.0794727830815971,0.0609208763677446,-0.467926348676961,0.228540715707385
19.1047153045619,0.100443205132889,-0.204572865833503,-0.024872365272378,0.0397986743960123,-0.0791143564676262,0.0609653932869053,-0.466639195197531,0.229558896767554
19.2372093406515,0.0991879075112879,-0.203886799190429,-0.0246278800115692,0.0396771039484395,-0.0787555517327373,0.0610086279809815,-0.465340882808169,0.230573607343296
19.3706222425457,0.0979408725502462,-0.203195225621719,-0.0243849150953342,0.0395544602810105,-0.078396373950953,0.0610505780069176,-0.464031406716077,0.231584709310431
19.5049603827152,0.0967021384814195,-0.202498262523373,-0.0241434778893621,0.0394307654958208,-0.0780368281863324,0.061091240780418,-0.462710764187562,0.232592063571521
19.6402301778248,0.0954717414743954,-0.201796027207134,-0.0239035753707008,0.0393060416755192,-0.0776769194996822,0.0611306135744837,-0.461378954581438,0.233595530086979
19.7764380890397,0.0942497156521277,-0.201088636860562,-0.0236652141308412,0.0391803108757855,-0.0773166529553325,0.0611686935181874,-0.460035979382027,0.234594967907204
19.9135906223344,0.093036093107185,-0.200376208507804,-0.0234284003789551,0.0390535951179447,-0.0769560336279702,0.0612054775956907,-0.458681842231736,0.235590235205746
20.0516943288031,0.0918309039187864,-0.199658858971073,-0.0231931399452814,0.0389259163817208,-0.0765950666095203,0.0612409626455035,-0.457316548963184,0.236581189313499
20.1907558049731,0.0906341761705976,-0.198936704832844,-0.0229594382846554,0.0387972965981325,-0.0762337570160687,0.0612751453599897,-0.455940107630831,0.237567686753918
20.3307816931193,0.0894459359692601,-0.198209862398792,-0.0227273004801766,0.0386677576425351,-0.0758721099948161,0.0613080222851198,-0.454552528542095,0.238549583279265
20.4717786815819,0.0882662074636272,-0.197478447661478,-0.0224967312470083,0.038537321327808,-0.0755101307310568,0.0613395898204717,-0.453153824287915,0.239526733907867
20.6137535050858,0.0870950128646769,-0.196742576264799,-0.022267734936305,0.038406009397693,-0.0751478244551722,0.0613698442194808,-0.451744009772725,0.240498992962407
20.756712945062,0.0859323724660782,-0.196002363469201,-0.022040315539261,0.0382738435202834,-0.0747851964496318,0.0613987815899412,-0.450323102243815,0.241466214109215
20.900663829972,0.0847783046653796,-0.195257924117679,-0.0218144766912763,0.0381408452816665,-0.0744222520559921,0.0614263978947568,-0.448891121320039,0.242428250398573
21.0456130356336,0.083632825985795,-0.194509372602568,-0.0215902216762328,0.038007036179721,-0.0740589966818862,0.0614526889529445,-0.447448089019837,0.243384954306015
21.1915674855492,0.0824959510985593,-0.193756822833127,-0.021367553430877,0.0378724376180711,-0.073695435807994,0.0614776504408876,-0.445994029788542,0.244336177774625
21.338534151237,0.0813676928458248,-0.193000388203927,-0.0211464745493026,0.0377370709001971,-0.0733315749949859,0.0615012778938401,-0.444528970524933,0.245281772258308
21.4865200525637,0.0802480622640744,-0.192240181564054,-0.0209269872875286,0.0376009572237058,-0.0729674198904305,0.0615235667076816,-0.443052940607004,0.246221588766041
21.6355322580795,0.0791370686080218,-0.19147631518712,-0.0207090935681673,0.03746411767476,-0.0726029762356583,0.0615445121409207,-0.441565971916912,0.247155477907082
21.7855778853565,0.0780347193749734,-0.1907089007421,-0.0204927949851768,0.0373265732226678,-0.0722382498725724,0.0615641093169468,-0.440068098865072,0.248083289937121
21.9366641013278,0.0769410203296259,-0.189938049264983,-0.020278092808693,0.0371883447146337,-0.0718732467503983,0.0615823532265281,-0.438559358413367,0.249004874805367
22.0887981226306,0.0758559755292717,-0.189163871131257,-0.020064987989936,0.0370494528706698,-0.0715079729323641,0.0615992387305548,-0.437039790097432,0.249920082202561
22.2419872159503,0.0747795873493873,-0.188386476029213,-0.0198534811661855,0.0369099182786693,-0.0711424346023028,0.0616147605630241,-0.435509436047993,0.250828761609872
22.396238698368,0.0737118565095793,-0.187605972934078,-0.0196435726658206,0.0367697613896413,-0.0707766380711675,0.0616289133342663,-0.433968341011205,0.251730762348694
22.5515599377096,0.0726527820998606,-0.186822470082979,-0.0194352625134188,0.0366290025131068,-0.0704105897834534,0.0616416915344082,-0.432416552367978,0.252625933631296
22.7079583528983,0.0716023616072348,-0.186036074950726,-0.019228550434909,0.0364876618126563,-0.0700442963235164,0.0616530895370709,-0.430854120152246,0.253514124612322
22.8654414143084,0.0705605909425603,-0.185246894226428,-0.0190234358627737,0.0363457593016678,-0.0696777644217802,0.0616631016032998,-0.429281097068148,0.254395184441112
23.0240166441225,0.0695274644676734,-0.184455033790924,-0.0188199179412966,0.036203314839186,-0.0693110009608264,0.0616717218857225,-0.427697538506088,0.255268962314816
23.1836916166905,0.0685029750227439,-0.183660598695043,-0.0186179955318494,0.0360603481259598,-0.0689440129813563,0.0616789444329301,-0.426103502557647,0.2561353075323
23.3444739588916,0.0674871139538402,-0.18286369313867,-0.0184176672182139,0.0359168787006406,-0.0685768076880192,0.0616847631940804,-0.424499050029307,0.256994069548781
23.5063713504986,0.0664798711406818,-0.182064420450633,-0.0182189313119352,0.0357729259361367,-0.0682093924550989,0.0616891720237156,-0.422884244454963,0.257845098031202
23.6693915245447,0.0654812350245542,-0.181262883069393,-0.0180217858577008,0.0356285090361263,-0.06784177483205,0.0616921646867924,-0.421259152107192,0.258688242914296
23.8335422676926,0.0644911926363665,-0.180459182524537,-0.0178262286387415,0.0354836470317251,-0.0674739625488785,0.0616937348639184,-0.419623842007241,0.259523354457315
23.9988314206069,0.0635097296248279,-0.179653419419069,-0.0176322571822503,0.0353383587783096,-0.0671059635213571,0.0616938761567899,-0.417978385933716,0.260350283301398
24.1652668783283,0.0625368302847225,-0.178845693412488,-0.0174398687648143,0.0351926629524929,-0.0667377858560708,0.0616925820938264,-0.41632285842994,0.261168880527545
24.3328565906507,0.0615724775852615,-0.17803610320465,-0.017249060417856,0.0350465780492523,-0.0663694378552842,0.0616898461359955,-0.414657336809941,0.261978997715156
24.5016085625011,0.0606166531984921,-0.177224746520408,-0.0170598289330798,0.0349001223792077,-0.0660009280216244,0.0616856616828228,-0.412981901163062,0.262780487001112
24.6715308543219,0.0596693375277436,-0.176411720095011,-0.0168721708679198,0.0347533140660476,-0.0656322650625727,0.0616800220785809,-0.411296634357152,0.263573201139362
24.8426315824557,0.0587305097360906,-0.175597119660276,-0.0166860825509856,0.0346061710441027,-0.0652634578947598,0.0616729206186503,-0.409601622040321,0.264356993560963
25.0149189195333,0.0578001477748152,-0.174781039931494,-0.0165015600875015,0.0344587110560638,-0.0648945156480572,0.0616643505560474,-0.407896952641231,0.265131718434564
25.1884010948637,0.0568782284118496,-0.173963574595087,-0.0163185993647357,0.0343109516508433,-0.06452544766946,0.0616543051081115,-0.406182717367896,0.265897230727265
25.3630863948277,0.05596472726018,-0.173144816296996,-0.0161371960574171,0.0341629101815769,-0.0641562635267547,0.0616427774633441,-0.404459010204985,0.266653386265839
25.538983163273,0.0550596188061969,-0.172324856631785,-0.0159573456331346,0.0340146038037651,-0.0637869730119673,0.0616297607883938,-0.402725927909579,0.267400041798245
25.7160998019135,0.0541628764379725,-0.171503786132459,-0.0157790433577171,0.0338660494735505,-0.0634175861445855,0.0616152482351803,-0.400983570005394,0.268137055055431
25.89444477073,0.0532744724734508,-0.170681694260979,-0.0156022843005899,0.0337172639461307,-0.0630481131745522,0.061599232948147,-0.39923203877543,0.268864284813335
26.0740265883745,0.052394378188533,-0.169858669399475,-0.015427063340105,0.0335682637743024,-0.0626785645850226,0.0615817080716392,-0.397471439253031,0.269581590955087
26.2548538325773,0.0515225638450443,-0.169034798842124,-0.0152533751688425,0.0334190653071362,-0.0623089510948835,0.061562666757395,-0.39570187921135,0.270288834533335
26.4369351405564,0.0506589987185673,-0.168210168787706,-0.0150812142988798,0.0332696846887788,-0.0619392836610288,0.0615421021721457,-0.393923469151198,0.270985877832663
26.6202792094301,0.0498036511261261,-0.167384864332805,-0.0149105750670259,0.0331201378573802,-0.0615695734803881,0.0615200075053137,-0.392136322287257,0.271672584432048
26.8048947966327,0.0489564884537104,-0.166558969465661,-0.0147414516400183,0.0329704405441436,-0.0611998319917045,0.0614963759768018,-0.390340554532661,0.272348819267323
26.9907907203326,0.0481174771836237,-0.165732567060648,-0.0145738380196801,0.0328206082724954,-0.0608300708770586,0.0614712008448653,-0.388536284481922,0.273014448693572
27.1779758598533,0.0472865829216445,-0.164905738873371,-0.0144077280480345,0.0326706563573732,-0.0604603020631357,0.0614444754140574,-0.386723633392197,0.273669340547439
27.3664591560979,0.0464637704239882,-0.164078565536372,-0.0142431154123744,0.0325205999046284,-0.0600905377222332,0.0614161930432406,-0.384902725162889,0.274313364209271
27.556249611976,0.0456490036240583,-0.163251126555423,-0.0140799936502855,0.0323704538105411,-0.0597207902730063,0.061386347153654,-0.383073686313573,0.274946390665076
27.7473562928336,0.0448422456589747,-0.162423500306405,-0.0139183561546198,0.0322202327614454,-0.0593510723809486,0.0613549312370286,-0.381236645960253,0.275568292568217
27.9397883268864,0.0440434588958705,-0.161595764032754,-0.0137581961784182,0.0320699512334617,-0.0589813969586086,0.061321938863742,-0.379391735789932,0.276178944300806
28.1335549056553,0.0432526049579453,-0.16076799384346,-0.01359950683978,0.0319196234923326,-0.058611777165537,0.0612873636910021,-0.377539090033512,0.276778222034754
28.3286652844062,0.0424696447502671,-0.159940264711609,-0.0134422811266777,0.0317692635933618,-0.0582422264079665,0.0612511994710527,-0.375678845437012,0.2773660037924
28.5251287825912,0.0416945384853122,-0.159112650473457,-0.0132865119017147,0.0316188853814515,-0.0578727583382216,0.0612134400593896,-0.373811141231115,0.277942169506697
28.7229547842946,0.0409272457082363,-0.15828522382801,-0.0131321919068257,0.0314685024912361,-0.057503386853859,0.0611740794229811,-0.371936119099042,0.278506601080875
28.9221527386804,0.0401677253218662,-0.157458056337123,-0.0129793137679164,0.0313181283473098,-0.0571341260965373,0.0611331116484806,-0.370053923142767,0.279059182447559
29.1227321604441,0.0394159356114077,-0.156631218426071,-0.0128278699994426,0.0311677761645452,-0.056764990450617,0.0610905309504244,-0.36816469984758,0.279599799627254
29.324702630267,0.0386718342688594,-0.15580477938461,-0.012677853008927,0.0310174589484999,-0.0563959945414902,0.0610463316794049,-0.366268598045001,0.280128340786175
29.5280737952738,0.0379353784171273,-0.154978807368497,-0.0125292551014116,0.0308671894959088,-0.0560271532336427,0.0610005083302099,-0.36436576887407,0.280644696293357
29.7328553694936,0.0372065246338342,-0.154153369401456,-0.0123820684838462,0.0307169803952594,-0.0556584816284462,0.0609530555499185,-0.362456365741012,0.281148758776987
29.9390571343235,0.0364852289748167,-0.153328531377593,-0.0122362852694097,0.0305668440274474,-0.0552899950616861,0.0609039681459463,-0.360540544277309,0.281640423179923
30.1466889389963,0.0357714469973054,-0.152504358064223,-0.0120918974817659,0.0304167925665089,-0.0549217091008232,0.0608532410940279,-0.358618462296185,0.282119586814329
30.3557607010504,0.0350651337827829,-0.151680913105115,-0.0119488970592507,0.0302668379804285,-0.054553639541993,0.0608008695461315,-0.356690279747525,0.282586149415384
30.566282406804,0.0343662439595152,-0.15085825902414,-0.0118072758589909,0.0301169920320193,-0.0541858024067448,0.0607468488382929,-0.354756158671259,0.283040013194024
30.7782641118319,0.033674731724752,-0.150036457229297,-0.0116670256609538,0.0299672662798719,-0.0538182139385225,0.0606911744983633,-0.352816263149222,0.283481082888644
30.9917159414457,0.0329905508665919,-0.149215568017118,-0.0115281381719266,0.029817672079371,-0.0534508905988912,0.0606338422536598,-0.350870759255521,0.283909265815729
31.2066480911777,0.0323136547855095,-0.148395650577435,-0.0113906050294263,0.029668220583776,-0.0530838490635119,0.0605748480385117,-0.348919815005444,0.284324471919357
31.4230708272674,0.0316439965155412,-0.14757676299849,-0.0112544178055372,0.0295189227453637,-0.0527171062178683,0.0605141880016934,-0.346963600302919,0.284726613819529
31.6409944871527,0.030981528745127,-0.146758962272391,-0.0111195680106783,0.0293697893166298,-0.0523506791527495,0.060451858513735,-0.345002286886579,0.285115606859274
31.8604294799627,0.0303262038376044,-0.145942304300883,-0.0109860470972983,0.0292208308515477,-0.0519845851594929,0.060387856174104,-0.343036048274445,0.285491369150483
32.0813862870155,0.0296779738513561,-0.145126843901439,-0.0108538464634992,0.0290720577068812,-0.0516188417249912,0.060322177818248,-0.341065059707275,0.285853821618439
32.3038754623189,0.0290367905596046,-0.144312634813646,-0.0107229574565875,0.0289234800435494,-0.0512534665264695,0.0602548205244926,-0.339089498090607,0.286202888044969
32.5279076330741,0.0284026054698572,-0.143499729705887,-0.0105933713765528,0.0287751078280405,-0.0508884774260361,0.0601857816207848,-0.337109541935535,0.286538495110212
32.7534935001834,0.0277753698429965,-0.142688180182292,-0.0104650794794752,0.0286269508338732,-0.0505238924650126,0.0601150586912762,-0.335125371298263,0.286860572432928
32.9806438387618,0.0271550347120184,-0.141878036789961,-0.0103380729808591,0.0284790186431026,-0.0501597298580501,0.0600426495827371,-0.333137167718465,0.287169052609325
33.2093694986511,0.0265415509004148,-0.141069349026443,-0.010212343058896,0.0283313206478685,-0.0497960079870357,0.0599685524107954,-0.331145114156516,0.287463871250363
33.4396814049384,0.0259348690402026,-0.140262165347453,-0.0100878808576541,0.028183866051984,-0.0494327453947957,0.0598927655659936,-0.329149394929607,0.287744967017485
33.6715905584778,0.0253349395895973,-0.139456533174827,-0.00996467749019691,0.0280366638725616,-0.0490699607786033,0.0598152877196554,-0.327150195646817,0.288012281656752
33.9051080364161,0.0247417128503332,-0.138652498904699,-0.00984272404162985,0.0278897229416757,-0.048707672983495,0.0597361178295579,-0.325147703143176,0.288265760031339
34.1402449927217,0.0241551389846292,-0.13785010791589,-0.00972201157207521,0.0277430519080585,-0.048345900995404,0.0596552551454017,-0.32314210541277,0.288505350152358
34.3770126587175,0.023575168031802,-0.137049404578494,-0.00960253111957656,0.0275966592388267,-0.0479846639341176,0.059572699214073,-0.32113359154093,0.288731003207977
34.6154223436172,0.0230017499245273,-0.136250432262661,-0.0094842737029322,0.0274505532212388,-0.0476239810460647,0.0594884498846927,-0.319122351635575,0.288942673590808
34.8554854350656,0.0224348345047494,-0.135453233347565,-0.00936723032445854,0.0273047419644789,-0.047263871696942,0.059402507313446,-0.317108576757732,0.289140318923522
35.0972133996824,0.0218743715392427,-0.13465784923053,-0.00925139197268373,0.0271592334014667,-0.0469043553641853,0.059314871968189,-0.315092458851319,0.289323900082686
35.3406177836102,0.0213203107348242,-0.133864320336334,-0.00913674962497211,0.02701403529069,-0.0465454516292949,0.0592255446328252,-0.313074190672215,0.289493381220772
35.5857102130658,0.0207726017532205,-0.133072686126659,-0.00902329425007999,0.0268691552180603,-0.0461871801700216,0.0591345264114495,-0.311053965716693,0.289648729786334
35.8325023948954,0.0202311942255909,-0.132282985109681,-0.00891101681064343,0.0267246005987867,-0.0458295607524224,0.0590418187322541,-0.30903197814926,0.289789916542316
36.081006117134,0.0196960377667086,-0.131495254849805,-0.00879990826559869,0.026580378679269,-0.0454726132227939,0.058947423351192,-0.307008422729968,0.289916915582489
36.3312332495683,0.0191670819888017,-0.130709531977518,-0.00868995957253585,0.0264364965390063,-0.0451163574994907,0.058851342355396,-0.304983494741245,0.290029704345979
36.5831957443038,0.0186442765150582,-0.129925852199363,-0.00858116168998654,0.0262929610925209,-0.044760813564639,0.0587535781663485,-0.302957389914316,0.290128263629885
36.8369056363357,0.0181275709927954,-0.129144250308021,-0.00847350557964628,0.0261497790912941,-0.044406001455752,0.0586541335427986,-0.300930304355262,0.290212577599969
37.0923750441235,0.0176169151062991,-0.128364760192501,-0.00836698220853254,0.0260069571257146,-0.0440519412572573,0.0585530115834255,-0.298902434470776,0.290282633799406
37.3496161701702,0.0171122585893323,-0.127587414848409,-0.00826158255107885,0.0258645016270356,-0.0436986530919438,0.0584502157292442,-0.296873976893691,0.29033842315558
37.6086413016048,0.0166135512373196,-0.126812246388319,-0.0081572975911662,0.0257224188693409,-0.0433461571123379,0.058345749765752,-0.294845128408316,0.290379939984933
37.8694628107695,0.0161207429192085,-0.126039286052213,-0.00805411832409233,0.0255807149715171,-0.0429944734920165,0.0582396178248136,-0.292816085875662,0.29040718199584
38.1320931558105,0.0156337835890108,-0.125268564217993,-0.0079520357584799,0.0254393958992316,-0.0426436224168672,0.058131824386284,-0.290787046158605,0.290420150289526
38.3965448812729,0.0151526232970293,-0.124500110412057,-0.00785104091812433,0.0252984674669148,-0.0422936240763028,0.0580223742793675,-0.288758206047049,0.290418849359017
38.6628306187004,0.0146772122007707,-0.123733953319935,-0.00775112484378234,0.0251579353397446,-0.0419444986544411,0.057911272683712,-0.286729762183156,0.290403287086117
38.9309630872381,0.0142075005755506,-0.12297012079697,-0.00765227859490198,0.025017805035632,-0.0415962663212568,0.0577985251302377,-0.284701910986695,0.290373474736433
39.2009550942403,0.0137434388247924,-0.122208639879048,-0.00755449325129518,0.0248780819272079,-0.0412489472237154,0.0576841375017018,-0.282674848580573,0.29032942695244
39.4728195358824,0.013284977490025,-0.121449536793359,-0.00745775991475374,0.0247387712438073,-0.0409025614768984,0.0575681160329961,-0.280648770716613,0.290271161744589
39.7465693977764,0.0128320672605829,-0.120692836969197,-0.00736206971060972,0.0245998780734534,-0.0405571291551272,0.0574504673111817,-0.278623872701628,0.290198700480482
40.0222177555915,0.0123846589830117,-0.119938565048776,-0.0072674137892413,0.0244614073648359,-0.0402126702830963,0.0573311982752581,-0.276600349323862,0.290112067872121
40.2997777756789,0.0119427036701837,-0.119186744898074,-0.00717378332752488,0.0243233639292872,-0.0398692048270226,0.0572103162156706,-0.274578394779852,0.290011291961231
40.5792627157,0.0115061525101281,-0.118437399617685,-0.00708116953023464,0.024185752442752,-0.0395267526858211,0.0570878287735551,-0.272558202601757,0.289896404102695
40.8606859252603,0.0110749568745781,-0.117690551553682,-0.00698956363139049,0.0240485774477507,-0.0391853336823141,0.0569637439397234,-0.270539965585241,0.289767438946098
41.1440608465467,0.0106490683272406,-0.116946222308483,-0.00689895689555536,0.0239118433553359,-0.0388449675544836,0.0568380700533911,-0.268523875717934,0.289624434415416
41.4294010149697,0.0102284386317917,-0.116204432751711,-0.0068093406190829,0.0237755544470405,-0.0385056739467749,0.056710815800649,-0.266510124108548,0.289467431686861
41.7167200598098,0.00981301975960202,-0.115465203031058,-0.00672070613131657,0.0236397148768165,-0.0381674724014584,0.0565819902126818,-0.264498900916697,0.28929647516491
42.0060317048688,0.00940276389719727,-0.114728552583122,-0.00663304479574122,0.0235043286729649,-0.0378303823500599,0.0564516026637367,-0.262490395283474,0.289111612456537
42.2973497691249,0.00899762345345625,-0.113994500144243,-0.00654634801108805,0.0233693997400539,-0.0374944231048659,0.0563196628688446,-0.260484795262835,0.288912894343694
42.5906881673929,0.00859755106655196,-0.113263063761308,-0.00646060721239403,0.0232349318608262,-0.0371596138505111,0.0561861808812981,-0.258482287753855,0.288700374754041
42.8860609109892,0.00820249961063969,-0.112534260802537,-0.00637581387201692,0.0231009286980951,-0.0368259736356585,0.0560511670898887,-0.25648305843389,0.28847411072998
43.1834821084004,0.00781242220229587,-0.111808107968236,-0.00629195950060663,0.0229673937966263,-0.0364935213647757,0.055914632215909,-0.254487291692706,0.288234162396017
43.4829659659579,0.00742727220671234,-0.111084621301524,-0.00620903564803414,0.0228343305850081,-0.0361622757900183,0.0557765873099214,-0.25249517056762,0.287980592924481
43.7845267885158,0.00704700324365018,-0.11036381619902,-0.006127033904279,0.0227017423775064,-0.0358322555032252,0.0556370437483011,-0.250506876679698,0.287713468499645
44.0881789801347,0.00667156919315717,-0.109645707421483,-0.00604594590027626,0.022569632375906,-0.0355034789280341,0.0554960132295546,-0.248522590171058,0.287432858280281
44.3939370447695,0.00630092420105316,-0.108930309104425,-0.00596576330872394,0.0224380036713373,-0.0351759643121227,0.0553535077704212,-0.246542489643327,0.28713883436068
44.701815586962,0.00593502268418764,-0.108217634768661,-0.00588647784485198,0.0223068592460862,-0.0348497297195829,0.055209539701761,-0.244566752097277,0.2868314717302
45.0118293125388,0.00557381933547362,-0.107507697330821,-0.00580808126715372,0.0221762019753899,-0.0345247930234348,0.0550641216642356,-0.242595552873708,0.286510848231354
45.3239930293136,0.00521726912870201,-0.106800509113802,-0.00573056537808074,0.0220460346292151,-0.0342011718982847,0.0549172666037861,-0.240629065595593,0.286177044516504
45.6383216477945,0.00486532732314062,-0.106096081857166,-0.0056539220247022,0.0219163598740203,-0.0338788838131358,0.0547689877669155,-0.238667462111532,0.28583014400319
45.954830181896,0.00451794946792209,-0.105394426727486,-0.00557814309932946,0.0217871802745004,-0.0335579460243537,0.0546192986957788,-0.236710912440562,0.285470232828146
46.2735337496566,0.00417509140622454,-0.104695554328618,-0.00550322054010707,0.021658498295315,-0.0332383755687955,0.0544682132230902,-0.234759584718335,0.285097399800054
46.5944475739604,0.00383670927924954,-0.103999474711924,-0.00542914633157098,0.021530316302798,-0.032920189257105,0.0543157454668506,-0.232813645144716,0.28471173635106
46.9175869832646,0.00350275953000083,-0.103306197386419,-0.00535591250517486,0.0214026365666498,-0.0326034036671808,0.0541619098249029,-0.230873257932824,0.284313336487136
47.2429674123316,0.00317319890686843,-0.102615731328855,-0.00528351113978553,0.0212754612616114,-0.0322880351378202,0.0540067209693218,-0.228938585259542,0.283902296737299
47.5706044029659,0.00284798446702169,-0.101928084993732,-0.00521193436214837,0.0211487924691201,-0.0319740997625446,0.0538501938406441,-0.227009787217536,0.283478716101766
47.9005136047569,0.00252707357961552,-0.101243266323237,-0.00514117434732345,0.0210226321789462,-0.0316616133836097,0.0536923436419466,-0.225087021768789,0.283042695999075
48.2327107758263,0.00221042392881367,-0.100561282757114,-0.00507122331909351,0.0208969822908119,-0.0313505915862053,0.0535331858327776,-0.223170444699691,0.282594340212238
48.5672117835806,0.00189799351663283,-0.0998821412424516,-0.00500207355034436,0.0207718446159904,-0.0310410496928464,0.0533727361229498,-0.221260209577701,0.282133754833961
48.904032605469,0.00158974066561158,-0.0992058482433948,-0.00493371736341884,0.0206472208788864,-0.0307330027579613,0.0532110104662008,-0.219356467709593,0.281661048210997
49.243189329747,0.00128562402130791,-0.0985324097507809,-0.00486614713044479,0.0205231127185977,-0.0304264655626778,0.0530480250537287,-0.217459368101322,0.28117633088768
49.5846981562442,0.000985602554629115,-0.097861831291691,-0.00479935527363825,0.0203995216904573,-0.0301214526098115,0.0528837963076094,-0.2155690574195,0.280679715548683
49.9285753971387,0.000689635563997728,-0.0971941179389216,-0.00473333426558235,0.0202764492675562,-0.0298179781190575,0.0527183408741029,-0.213685679954528,0.28017131696107
50.2748374777359,0.000397682677357314,-0.0965292743203723,-0.00466807662948287,0.0201538968422474,-0.0295160560223894,0.0525516756168561,-0.211809377585366,0.279651251915674
50.6235009372529,0.000109703854021578,-0.0958673046283491,-0.00460357493940113,0.02003186572763,-0.0292156999596662,0.0523838176100082,-0.209940289745975,0.279119639167874
50.974582429609,-0.00017434061362936,-0.0952082126287826,-0.00453982182046506,0.0199103571590147,-0.0289169232744489,0.052214784131207,-0.20807855339342,0.27857659937781
51.3280987242209,-0.000454490098602519,-0.0945520016703584,-0.00447680994905897,0.0197893722953689,-0.0286197390100287,0.0520445926545426,-0.206224302977662,0.278022255050091
51.6840667068035,-0.000730783637891013,-0.0938986746935617,-0.00441453205299309,0.0196689122207438,-0.0283241599056689,0.0518732608434063,-0.20437767041302,0.277456730473058
52.0425033801768,-0.001003259931216,-0.0932482342396319,-0.00435298091165319,0.0195489779456816,-0.0280301983930589,0.0517008065432806,-0.20253878505133,0.276880151657636
52.4034258650778,-0.00127195733990757,-0.0926006824594293,-0.00429214935613125,0.0194295704086031,-0.0277378665929832,0.0515272477744692,-0.200707773656783,0.276292646275848
52.7668514009784,-0.00153691388592144,-0.0919560211222107,-0.00423203026933766,0.0193106904771773,-0.0274471763122052,0.051352602724772,-0.198884760382456,0.27569434359903
53.1327973469088,-0.00179816725098814,-0.0913142516243157,-0.00417261658609579,0.0191923389496708,-0.0271581390405657,0.0511768897421143,-0.197069866748519,0.275085374435798
53.5012811822866,-0.00205575477589148,-0.0906753749977606,-0.00411390129321934,0.0190745165562792,-0.0268707659482959,0.0510001273271355,-0.19526321162213,0.274465871069823
53.8723205077517,-0.00230971345987308,-0.0900393919187421,-0.00405587742957332,0.018957223960439,-0.0265850678835457,0.0508223341257449,-0.193464911199003,0.273835967197467
54.2459330460073,-0.00256007996015987,-0.0894063027160476,-0.00399853808611905,0.0188404617601213,-0.0263010553701247,0.0506435289216518,-0.191675078986644,0.27319579786532
54.6221366426659,-0.00280689059161142,-0.0887761073793739,-0.00394187640594394,0.0187242304891063,-0.0260187386054576,0.050463730628876,-0.189893825789244,0.272545499407693
55.0009492671021,-0.00305018132648418,-0.0881488055675529,-0.00388588558427648,0.01860853061824,-0.025738127458751,0.0502829582842454,-0.188121259694221,0.271885209384119
55.3823890133107,-0.00328998779430954,-0.087524396616684,-0.00383055886848716,0.0184933625566723,-0.0254592314693712,0.0501012310398882,-0.186357486060406,0.271215066516902
55.7664741007712,-0.00352634528188286,-0.086902879548174,-0.00377588955807565,0.0183787266530764,-0.0251820598454318,0.049918568155725,-0.184602607507841,0.270535210628769
56.1532228753178,-0.00375928873336065,-0.0862842530766824,-0.00372187100464493,0.0182646231968514,-0.0249066214625889,0.0497349889919681,-0.182856723909196,0.269845782580663
56.5426538100157,-0.00398885275046296,-0.0856685156179744,-0.00366849661186286,0.0181510524193059,-0.0246329248630424,0.0495505130016333,-0.181119932382771,0.269146924209732
56.9347855060436,-0.0042150715927784,-0.0850556652966795,-0.00361575983541156,0.0180380144948247,-0.0243609782547412,0.0493651597230721,-0.17939232728708,0.268438778267544
57.3296366935823,-0.00443797917816898,-0.0844456999539568,-0.00356365418292524,0.0179255095420175,-0.0240907895107903,0.0491789487725279,-0.177674000216986,0.26772148835859
57.7272262327089,-0.00465760908327203,-0.0838386171550668,-0.00351217321391682,0.0178135376248504,-0.023822366169057,0.0489918998367242,-0.175965040001376,0.266995198879101
58.1275731142982,-0.00487399454409693,-0.0832344141968494,-0.00346131053969389,0.0177020987537607,-0.0235557154319742,0.0488040326654891,-0.174265532702347,0.266260054956231
58.5306964609293,-0.00508716845671373,-0.0826330881151085,-0.00341105982326432,0.0175911928867543,-0.0232908441665372,0.0486153670644229,-0.172575561615887,0.265516202387638
58.9366155277994,-0.00529716337803142,-0.082034635691904,-0.00336141477923205,0.0174808199304864,-0.0230277589044919,0.0484259228876132,-0.170895207274028,0.264763787581512
59.3453497036433,-0.00550401152666334,-0.0814390534627493,-0.00331236917368348,0.017370979741326,-0.0227664658427115,0.0482357200304034,-0.169224547448435,0.264002957497077
59.7569185116595,-0.00570774478387743,-0.0808463377237173,-0.00326391682406468,0.0172616721264039,-0.0225069708437567,0.0480447784222198,-0.167563657155424,0.263233859585612
60.1713416104428,-0.00590839469462871,-0.0802564845384533,-0.00321605159905002,0.0171528968446443,-0.0222492794366188,0.0478531180194616,-0.165912608662363,0.262456641732025
60.5886387949234,-0.0061059924686722,-0.0796694897450948,-0.00316876741840248,0.0170446536077808,-0.0219933968176401,0.0476607587984596,-0.164271471495446,0.261671452197011
61.0088299973121,-0.00630056898175355,-0.0790853489631002,-0.00312205825282589,0.0169369420813569,-0.0217393278516082,0.0474677207485077,-0.162640312448793,0.26087843955983
61.4319352880526,-0.00649215477687556,-0.0785040575999852,-0.00307591812380975,0.0168297618857102,-0.0214870770730224,0.0472740238649715,-0.161019195594875,0.260077752661744
61.8579748767801,-0.00668078006563827,-0.0779256108579678,-0.00303034110346652,0.0167231125969425,-0.0212366486875253,0.0470796881424787,-0.159408182296194,0.259269540550122
62.2869691132868,-0.00686647472965071,-0.0773500037405222,-0.00298532131436216,0.0166169937478734,-0.0209880465734982,0.0468847335681957,-0.157807331218232,0.258453952423272
62.7189384884933,-0.00704926832201204,-0.0767772310588424,-0.00294085292933981,0.0165114048289805,-0.0207412742838157,0.0466891801151933,-0.156216698343601,0.257631137576005
63.1539036354283,-0.00722919006886039,-0.0762072874382147,-0.00289693017133724,0.0164063452893237,-0.0204963350477539,0.0464930477359069,-0.154636336987383,0.256801245345968
63.5918853302131,-0.00740626887098727,-0.0756401673243015,-0.00285354731319811,0.016301814537456,-0.0202532317730503,0.0462963563556928,-0.153066297813627,0.255964425060773
64.032904493055,-0.00758053330551571,-0.0750758649893343,-0.00281069867747743,0.0161978119423193,-0.0200119670481096,0.0460991258664866,-0.151506628852956,0.255120825985941
64.4769821892457,-0.00775201162764038,-0.0745143745382191,-0.00276837863624149,0.016094336834127,-0.0197725431443516,0.045901376120564,-0.149957375521271,0.254270597273681
64.9241396301678,-0.00792073177242772,-0.0739556899145524,-0.00272658161086245,0.0159913885052317,-0.0195349620186962,0.0457031269244099,-0.148418580639499,0.253413887912544
65.3743981743082,-0.00808672135667462,-0.0733998049065494,-0.00268530207180784,0.0158889662109806,-0.0192992253161825,0.0455043980326969,-0.146890284454366,0.252550846677952
65.827779328278,-0.00825000768082358,-0.0728467131528848,-0.00264453453842522,0.0157870691705564,-0.0190653343727159,0.0453052091423765,-0.145372524660159,0.251681622083623
66.2843047478397,-0.00841061773093304,-0.0722964081484465,-0.00260427357872231,0.0156856965678055,-0.0188332902179397,0.0451055798868857,-0.143865336421426,0.250806362333934
66.7439962389419,-0.00856857818070106,-0.0717488832500029,-0.00256451380914254,0.0155848475520533,-0.0186030935782264,0.044905529830471,-0.142368752396611,0.249925215277199
67.2068757587607,-0.00872391539354078,-0.0712041316817838,-0.00252524989433659,0.0154845212389064,-0.0183747448797838,0.0447050784626326,-0.140882802762557,0.249038328359916
67.6729654167483,-0.0088766554247063,-0.0706621465409763,-0.00248647654692975,0.0153847167110423,-0.0181482442518721,0.0445042451926904,-0.139407515239864,0.248145848581975
68.1422874756894,-0.00902682402346723,-0.0701229208031354,-0.00244818852728558,0.0152854330189872,-0.0179235915301265,0.0443030493444737,-0.137942915119056,0.247247922452842
68.6148643527643,-0.00917444663533069,-0.0695864473275101,-0.00241038064326587,0.0151866691818805,-0.0177007862599811,0.0441015101511364,-0.136489025287534,0.246344695948735
69.0907186206199,-0.00931954840430921,-0.0690527188622861,-0.00237304774998712,0.0150884241882283,-0.0174798277001903,0.0438996467500993,-0.135045866257261,0.245436314470811
69.5698730084476,-0.00946215417523326,-0.0685217280497444,-0.00233618474957378,0.0149906969966448,-0.0172607148264412,0.0436974781781207,-0.133613456193171,0.244522922804347
70.0523504030693,-0.00960228849610685,-0.0679934674313376,-0.00229978659090822,0.0148934865365818,-0.0170434463350545,0.0434950233664969,-0.132191810942243,0.243604665078959
70.5381738500302,-0.00973997562050521,-0.0674679294526834,-0.00226384826937784,0.014796791709047,-0.0168280206467679,0.043292301136393,-0.130780944063214,0.24268168472983
71.0273665547,-0.00987523951001305,-0.0669451064684769,-0.00222836482661924,0.0147006113873107,-0.0166144359105984,0.0430893301943055,-0.129380866856914,0.241754124459986
71.5199518833807,-0.0100081038367022,-0.0664249907473211,-0.00219333135025967,0.0146049444176022,-0.016402690007778,0.0428861291276572,-0.127991588397156,0.240822126203594
72.0159533644237,-0.0101385919856476,-0.0659075744764765,-0.00215874297365588,0.0145097896197939,-0.0161927805557598,0.0426827164005254,-0.126613115562176,0.239885831090316
72.5153946893524,-0.0102667270574802,-0.0653928497665312,-0.00212459487563064,0.014415145788076,-0.0159847049122881,0.0424791103495023,-0.125245453066581,0.238945379410692
73.0182997139948,-0.0103925318709757,-0.0648808086559909,-0.00209088228020671,0.0143210116916201,-0.0157784601795302,0.0422753291796909,-0.123888603493766,0.238000910582583
73.5246924596224,-0.0105160289656782,-0.0643714431157889,-0.00205760045633874,0.0142273860752317,-0.0155740432082636,0.0420713909608329,-0.122542567328773,0.237052563118645
74.0345971140979,-0.0106372406045578,-0.0638647450537187,-0.00202474471764301,0.0141342676599937,-0.0153714506021162,0.0418673136235719,-0.121207342991561,0.236100474594862
74.5480380330304,-0.0107561887767001,-0.0633607063187875,-0.00199231042212513,0.0140416551438986,-0.0151706787218537,0.04166311495585,-0.119882926870655,0.235144781620116
75.0650397409388,-0.0108728952000283,-0.0628593187054921,-0.00196029297190584,0.0139495472024717,-0.0149717236897106,0.0414588125994372,-0.118569313357137,0.234185619806799
75.585626932423,-0.0109873813240553,-0.0623605739580175,-0.00192868781294504,0.0138579424893836,-0.0147745813937611,0.0412544240465954,-0.117266494878959,0.23322312374247
76.1098244733437,-0.0110996683326656,-0.0618644637743588,-0.00189749043476404,0.0137668396370537,-0.0145792474923249,0.041049966636874,-0.115974461935536,0.232257426962544
76.6376574020103,-0.0112097771469257,-0.0613709798103667,-0.00186669637016619,0.013676237257244,-0.0143857174184052,0.0408454575540384,-0.114693203132594,0.23128866192401
77.1691509303763,-0.0113177284279231,-0.0608801136837169,-0.00183630119495597,0.013586133941643,-0.0141939863841537,0.0406409138231294,-0.113422705217255,0.230316959980178
77.7043304452438,-0.011423542579631,-0.0603918569778043,-0.0018063005276566,0.0134965282624416,-0.0140040493853591,0.0404363523076537,-0.112162953113306,0.229342451356443
78.2432215094763,-0.0115272397517997,-0.0599062012455619,-0.00177669002922627,0.0134074187728982,-0.0138159012059562,0.0402317897069041,-0.110913929956646,0.228365265127062
78.7858498632195,-0.0116288398428733,-0.059423138013205,-0.00174746540277302,0.0133188040078963,-0.0136295364225511,0.0400272425534081,-0.109675617130876,0.227385529192932
79.3322414251308,-0.01172836250293,-0.0589426587839014,-0.00171862239326842,0.0132306824844925,-0.013444949408958,0.0398227272105044,-0.108447994302999,0.226403370260371
79.8824222936175,-0.0118258271366463,-0.0584647550413675,-0.00169015678726001,0.0131430527024555,-0.0132621343407469,0.0396182598700458,-0.107231039459215,0.225418913820877
80.436418748083,-0.0119212529062838,-0.057989418253391,-0.00166206441258266,0.0130559131447977,-0.0130810851997954,0.039413856550227,-0.106024728940778,0.22443228413187
80.9942572501823,-0.0120146587346979,-0.0575166398752807,-0.00163434113806891,0.0129692622782966,-0.0129017957788435,0.0392095330935368,-0.104829037479888,0.223443604198401
81.555964445086,-0.0121060633083671,-0.0570464113532427,-0.00160698287325825,0.0128830985540091,-0.0127242596860473,0.0390053051648315,-0.103643938235599,0.22245299575581
82.121567162753,-0.0121954850804432,-0.0565787241276854,-0.00157998556810552,0.0127974204077773,-0.0125484703495284,0.0388011882495301,-0.102469402829724,0.221460579253337
82.6910924192116,-0.0122829422738208,-0.0561135696364512,-0.00155334521268839,0.0127122262607256,-0.0123744210219167,0.038597197651928,-0.101305401382694,0.22046647383866
83.2645674178507,-0.0123684528842252,-0.0556509393179771,-0.0015270578369141,0.01262751451975,-0.0122021047848816,0.0383933484936287,-0.100151902549375,0.219470797343357
83.8420195507184,-0.012452034683319,-0.0551908246143836,-0.00150111951022534,0.0125432835780002,-0.0120315145536514,0.0381896557120906,-0.0990088735548008,0.218473666269269
84.423476399831,-0.0125337052218255,-0.0547332169744922,-0.00147552634130543,0.0124595318153524,-0.0118626430815161,0.0379861340592882,-0.0978762802298087,0.217475195775768
85.0089657384898,-0.0126134818326691,-0.0542781078567722,-0.00145027447778293,0.0123762575988754,-0.0116954829643112,0.0377827981004857,-0.0967540870465582,0.216475499667891
85.5985155326084,-0.0126913816341314,-0.0538254887322164,-0.00142536010593548,0.0122934592832888,-0.0115300266448807,0.0375796622131198,-0.0956422571539111,0.215474690385355
86.1921539420481,-0.0127674215330222,-0.0533753510871469,-0.00140077945039318,0.0122111352114135,-0.0113662664175158,0.0373767405857916,-0.0945407524126539,0.214472878992411
86.7899093219629,-0.0128416182278658,-0.0529276864259501,-0.00137652877384141,0.0121292837146148,-0.011204194432367,0.0371740472173643,-0.0934495334305452,0.213470175168546
87.3918102241541,-0.0129139882121001,-0.0524824862737419,-0.00135260437672315,0.012047903113238,-0.0110438026998286,0.0369715959161656,-0.0923685595971691,0.212466687200001
87.9978853984339,-0.0129845477772899,-0.0520397421789635,-0.0013290025969409,0.0119669917170365,-0.0108850830948903,0.0367694002992914,-0.0912977891185787,0.211462521972098
88.6081637939989,-0.0130533130163514,-0.0515994457159063,-0.00130571980955817,0.0118865478255934,-0.0107280273614576,0.0365674737920099,-0.0902371790517122,0.210457784962357
89.2226745608124,-0.0131202998267897,-0.051161588487169,-0.00128275242650062,0.0118065697287353,-0.0105726271166354,0.0363658296272639,-0.0891866853385666,0.209452580234396
89.8414470509972,-0.0131855239139461,-0.0507261621260441,-0.00126009689625694,0.0117270557069389,-0.0104188738549753,0.0361644808452682,-0.0881462628401141,0.208447010432578
90.4645108202374,-0.0132490007942569,-0.0502931582988361,-0.00123774970357938,0.0116480040317309,-0.0102667589526832,0.0359634402932005,-0.0871158653699458,0.207441176777416
91.0918956291901,-0.0133107457985214,-0.0498625687071098,-0.00121570736918408,0.0115694129660814,-0.0101162736717859,0.0357627206249842,-0.0860954457276297,0.206435179061696
91.7236314449071,-0.0133707740751783,-0.0494343850898709,-0.00119396644945129,0.0114912807647894,-0.0099674091642555,0.0355623343011591,-0.0850849557317697,0.205429115647319
92.3597484422661,-0.0134291005935914,-0.0490085992256768,-0.00117252353612526,0.0114136056748624,-0.00982015647608878,0.0353622935888397,-0.084084346252753,0.204423083462832
93.0002770054119,-0.0134857401473422,-0.0485852029346791,-0.00115137525601423,0.0113363859358888,-0.00967450655134114,0.035162610561758,-0.083093567245174,0.203417178001641
93.645247729208,-0.0135407073575297,-0.0481641880805979,-0.00113051827069014,0.0112596197804039,-0.00953045023611289,0.0349632971003878,-0.0821125677799233,0.202411493320884
94.2946914206979,-0.0135940166760762,-0.0477455465726273,-0.00110994927618848,0.0111833054342491,-0.00938797828248697,0.0347643648921494,-0.0811412960759313,0.201406122040955
94.9486391005764,-0.0136456823890387,-0.0473292703672722,-0.00108966500270804,0.0111074411169249,-0.00924708135241649,0.0345658254316919,-0.0801796995315568,0.20040115534565
95.6071220046713,-0.0136957186199248,-0.0469153514701176,-0.00106966221431069,0.011032025041937,-0.00910775002156104,0.0343676900212507,-0.0792277247556094,0.199396682982928
96.2701715854358,-0.0137441393330124,-0.0465037819375288,-0.00104993770862133,0.010957055417136,-0.0089699747830706,0.0341699697710781,-0.0782853175979993,0.198392793266271
96.9378195134503,-0.0137909583366739,-0.0460945538782844,-0.00103048831652787,0.0108825304450513,-0.00883374605131601,0.0339726755999445,-0.077352423180004,0.19738957307662
97.6100976789355,-0.0138361892867009,-0.0456876594551397,-0.0010113109018814,0.0108084483232184,-0.008699054165565,0.0337758182357083,-0.0764289859241452,0.19638710786487
98.2870381932754,-0.0138798456896322,-0.0452830908863237,-0.000992402361196552,0.0107348072444993,-0.00856588939360285,0.0335794082159516,-0.0755149495836686,0.195385481654922
98.9686733905512,-0.0139219409060821,-0.0448808404469667,-0.000973759623352089,0.0106616053973979,-0.00843424193529698,0.0333834558886803,-0.074610257271619,0.194384777047251
99.6550358290861,-0.013962488154069,-0.0444809004704606,-0.000955379649291752,0.0105888409663685,-0.00830410192610455,0.0331879714130854,-0.073714851489506,0.193385075223001
100.346158292999,-0.0140015005123433,-0.0440832633497511,-0.000937259431725443,0.0105165121321183,-0.00817545944052261,0.032992964760364,-0.0728286741555535,0.192386455948567
101.042073793774,-0.0140389909237137,-0.0436879215385612,-0.000919395994830718,0.0104446170719039,-0.00804830449547986,0.0327984457145971,-0.0719516666325278,0.191388997580661
101.742815571832,-0.0140749721983715,-0.0432948675525485,-0.000901786393954702,0.0103731539598222,-0.00792262705367,0.0326044238736832,-0.0710837697551407,0.190392777071847
102.448417098122,-0.0141094570172116,-0.0429040939703927,-0.000884427715316398,0.0103021209670947,-0.00779841702682561,0.0324109086503237,-0.0702249238570219,0.189397869976523
103.15891207572,-0.0141424579351495,-0.0425155934348163,-0.000867317075709472,0.0102315162623463,-0.00767566427893262,0.0322179092730591,-0.069375068797258,0.188404350457332
103.874334441436,-0.0141739873844333,-0.042129358653537,-0.000850451622205549,0.0101613380118784,-0.00755435862938483,0.0320254347873548,-0.0685341439864944,0.187412291291999
104.594718367439,-0.0142040576779504,-0.041745382400153,-0.000833828531858031,0.0100915843799359,-0.00743448985607816,0.0318334940567313,-0.0677020884125975,0.186421763880565
105.320098262886,-0.0142326810125266,-0.0413636575149595,-0.000817445011406522,0.0100222535289686,-0.00731604769844465,0.0316420957639404,-0.0668788406658739,0.185432838253013
106.050508775566,-0.014259869472219,-0.0409841769056983,-0.000801298296981856,0.00995334361988691,-0.00719902186042572,0.0314512484121826,-0.0660643389638463,0.184445583077261
106.785984793556,-0.0142856350315986,-0.0406069335482392,-0.000785385653811807,0.00988485281231185,-0.00708340201338496,0.0312609603263647,-0.0652585211755821,0.183460065667521
107.526561446888,-0.0143099895590252,-0.0402319204871942,-0.000769704375927488,0.00981677926481947,-0.00696917779896003,0.0310712396543961,-0.0644613248455756,0.182476351992989
108.272274109224,-0.0143329448199102,-0.0398591308364638,-0.00075425178587051,0.00974912113517972,-0.00685633883185411,0.0308820943685202,-0.0636726872171816,0.181494506686879
109.023158399549,-0.0143545124799693,-0.0394885577797157,-0.000739025234400926,0.0096818765805898,-0.00674487470256651,0.0306935322666812,-0.0628925452556009,0.180514593055758
109.779250183872,-0.0143747041084616,-0.0391201945707968,-0.000724022100206001,0.00961504375790199,-0.00663477498006298,0.0305055609739221,-0.0621208356704159,0.17953667308919
110.540585576935,-0.0143935311814159,-0.0387540345340769,-0.000709239789609869,0.00954862082384611,-0.00652602921438556,0.0303181879438133,-0.0613574949376788,0.178560807469663
111.307200943943,-0.0144110050848419,-0.0383900710647256,-0.000694675736284082,0.00948260593524652,-0.00641862693920239,0.0301314204599104,-0.0606024593215505,0.177587055582792
112.079132902301,-0.0144271371179264,-0.0380282976289228,-0.000680327400959148,0.00941699724923385,-0.00631255767429765,0.0299452656372374,-0.0598556648954925,0.176615475527781
112.856418323356,-0.0144419384962121,-0.0376687077640005,-0.000666192271137055,0.00935179292345134,-0.00620781092800195,0.0297597304237961,-0.0591170475630131,0.175646124128131
113.639094334169,-0.0144554203547589,-0.0373112950785198,-0.000652267860804837,0.00928699111625601,-0.00610437619956355,0.0295748216020974,-0.0583865430779678,0.174679056942581
114.427198319278,-0.0144675937512862,-0.0369560532522798,-0.000638551710149247,0.00922258998691454,-0.00600224298146072,0.0293905457907152,-0.0576640870644172,0.173714328276281
115.220767922492,-0.0144784696692952,-0.0366029760362604,-0.000625041385272552,0.00915858769579401,-0.00590140076165575,0.0292069094458589,-0.0569496150360428,0.172751991192155
116.019841048683,-0.0144880590211697,-0.0362520572524992,-0.000611734477909519,0.00909498240454752,-0.00580183902579106,0.029023918862965,-0.0562430624151248,0.171792097522486
116.824455865599,-0.0144963726512546,-0.0359032907939021,-0.000598628605145609,0.0090317722762947,-0.00570354725932785,0.0288415801783044,-0.0555443645510822,0.170834697880661
117.634650805689,-0.014503421338911,-0.0355566706239879,-0.000585721409136464,0.00896895547579716,-0.00560651494962785,0.0286598993706052,-0.0548534567385797,0.169879841673114
118.450464567934,-0.0145092158015461,-0.0352121907765675,-0.000573010556828684,0.00890653016962903,-0.00551073158797886,0.0284788822626881,-0.0541702742352027,0.168927577111411
119.271936119701,-0.0145137666976172,-0.0348698453553584,-0.000560493739681994,0.0088444945263424,-0.00541618667156443,0.028298534523115,-0.0534947522787049,0.167977951224505
120.099104698599,-0.0145170846296086,-0.0345296285335333,-0.000548168673392788,0.00878284671662803,-0.00532286970537855,0.0281188616678469,-0.0528268261038309,0.167031009871115
120.932009814357,-0.0145191801469797,-0.0341915345532052,-0.000536033097619148,0.00872158491347102,-0.00523077020408586,0.0279398690619109,-0.0521664309587174,0.166086797752252
121.77069125071,-0.0145200637490835,-0.0338555577248475,-0.000524084775707352,0.00866070729230178,-0.00513987769382815,0.0277615619210761,-0.051513502120877,0.16514535842385
122.615189067297,-0.014519745888054,-0.0335216924266506,-0.00051232149441993,0.00860021203114221,-0.00505018171397774,0.0275839453135341,-0.050867974912768,0.164206734309519
123.46554360158,-0.0145182369716612,-0.0331899331038159,-0.000500741063665305,0.00854009731074713,-0.00496167181883866,0.0274070241615859,-0.0502297847169545,0.163270966713392
124.321795470765,-0.0145155473661321,-0.0328602742677853,-0.000489341316229091,0.00848036131474099,-0.00487433757929612,0.0272308032433322,-0.0495988669908608,0.162338095833063
125.183985573745,-0.0145116873989378,-0.0325327104954106,-0.000478120107507046,0.00842100222975011,-0.0047881685844154,0.027055287194366,-0.0489751572811243,0.161408160772613
126.052155093052,-0.0145066673615429,-0.0322072364280585,-0.000467075315239783,0.00836201824553013,-0.00470315444299054,0.0268804805094668,-0.0483585912375514,0.160481199555698
126.926345496825,-0.0145004975121185,-0.0318838467706571,-0.000456204839249241,0.0083034075550891,-0.00461928478504398,0.0267063875442955,-0.047749104626681,0.159557249138713
127.806598540793,-0.0144931880782153,-0.0315625362906794,-0.000445506601176987,0.008245168354806,-0.00453654926327785,0.0265330125170878,-0.0471466333449603,0.158636345424001
128.692956270265,-0.0144847492593976,-0.0312432998170686,-0.000434978544224389,0.00818729884454484,-0.00445493755447768,0.0263603595103465,-0.0465511134315367,0.157718523273115
129.585461022141,-0.0144751912298341,-0.0309261322391029,-0.000424618632894689,0.00812979722776445,-0.00437443936086954,0.02618843247253,-0.0459624810806725,0.156803816520118
130.484155426934,-0.0144645241408473,-0.0306110285052027,-0.000414424852737064,0.00807266171162383,-0.00429504441143135,0.0260172352197379,-0.0453806726537858,0.155892257984918
131.389082410804,-0.0144527581234176,-0.0302979836216794,-0.000404395210092672,0.0080158905070833,-0.00421674246315937,0.0258467714373915,-0.0448056246911227,0.154983879486615
132.300285197614,-0.0144399032906421,-0.0299869926514274,-0.000394527731842755,0.00795948182900148,-0.00413952330229059,0.025677044681908,-0.0442372739230669,0.154078711856881
133.217807310988,-0.0144259697401464,-0.02967805071256,-0.000384820465158849,0.00790343389622796,-0.00406337674548211,0.0255080583823692,-0.0436755572810908,0.153176784953337
134.141692576393,-0.0144109675564479,-0.0293711529769905,-0.000375271477255125,0.00784774493169202,-0.0039882926409483,0.0253398158421824,-0.043120411908354,0.152278127672938
135.071985123233,-0.0143949068132698,-0.029066294668958,-0.000365878855142924,0.00779241316248719,-0.00391426086955669,0.0251723202407326,-0.042571775169954,0.151382767965355
136.008729386957,-0.0143777975758038,-0.0287634710635011,-0.000356640705387514,0.00773743681995187,-0.0038412713458835,0.0250055746350269,-0.0420295846628349,0.150490732846341
136.951970111177,-0.0143596499029203,-0.0284626774848784,-0.00034755515386713,0.00768281413974602,-0.00376931401922981,0.0248395819613282,-0.0414937782253589,0.149602048411091
137.901752349813,-0.0143404738493253,-0.0281639093049385,-0.000338620345534329,0.00762854336192394,-0.00369837887459916,0.0246743450367797,-0.0409642939465463,0.148716739847568
138.858121469236,-0.0143202794676625,-0.0278671619414392,-0.000329834444179695,0.00757462273100322,-0.00362845593363766,0.0245098665610177,-0.0404410701749899,0.147834831449809
139.821123150444,-0.0142990768105586,-0.0275724308563185,-0.000321195632197959,0.00752105049603007,-0.00355953525553746,0.0243461491177729,-0.0399240455274483,0.146956346631195
140.790803391236,-0.0142768759326118,-0.0272797115539173,-0.000312702110356546,0.00746782491064077,-0.00349160693790453,0.0241831951764607,-0.0394131588971241,0.146081307937679
141.767208508414,-0.0142536868923209,-0.026988999579156,-0.000304352097566615,0.00741494423311958,-0.00342466111759167,0.0240210070937568,-0.0389083494616322,0.145209737060977
142.750385139995,-0.0142295197539548,-0.0267002905156659,-0.000296143830656615,0.00736240672645318,-0.0033586879714978,0.0238595871151625,-0.0384095566906647,0.144341654851707
143.740380247435,-0.0142043845893608,-0.0264135799838766,-0.000288075564148408,0.00731021065838144,-0.00329367771733424,0.0236989373765536,-0.0379167203533566,0.143477081332468
144.737241117876,-0.0141782914797104,-0.0261288636390612,-0.000280145570035975,0.00725835430144489,-0.0032296206143591,0.0235390599057175,-0.0374297805253578,0.142616035710874
145.741015366405,-0.0141512505171818,-0.0258461371693404,-0.000272352137566775,0.00720683593302873,-0.00316650696408066,0.0233799566238747,-0.0369486775956183,0.141758536392512
146.751750938323,-0.0141232718065771,-0.0255653962936471,-0.000264693573025764,0.00715565383540367,-0.00310432711093058,0.0232216293471859,-0.0364733522728908,0.140904600993847
147.769496111443,-0.0140943654668744,-0.0252866367596533,-0.000257168199522119,0.0071048062957634,-0.00304307144290793,0.0230640797882441,-0.0360037455919563,0.140054246355042
148.794299498388,-0.0140645416327127,-0.0250098543416599,-0.000249774356778711,0.00705429160625899,-0.00298273039219495,0.0229073095575511,-0.0355397989195788,0.139207488552719
149.826210048919,-0.0140338104558088,-0.0247350448384529,-0.00024251040092434,0.00700410806403022,-0.00292329443574538,0.0227513201649785,-0.0350814539601938,0.138364342912628
150.865277052271,-0.0140021821063056,-0.0244622040711252,-0.00023537470428878,0.00695425397123381,-0.00286475409584626,0.022596113021213,-0.0346286527613366,0.137524824022248
151.911550139505,-0.0139696667740501,-0.0241913278808682,-0.000228365655200654,0.00690472763506881,-0.0028070999406542,0.0224416894391848,-0.0341813377188151,0.136688945743291
152.965079285884,-0.013936274669801,-0.0239224121267326,-0.000221481657788179,0.00685552736779906,-0.00275032258470678,0.0222880506354808,-0.0337394515816336,0.13585672122413
154.025914813254,-0.013902016026364,-0.0236554526833627,-0.000214721131782791,0.00680665148677285,-0.00269441268941011,0.0221351977317402,-0.0333029374566709,0.135028162912126
155.094107392451,-0.0138669010996551,-0.0233904454387032,-0.0002080825123257,0.00675809831443992,-0.00263936096350337,0.0219831317560346,-0.0328717388131209,0.134203282565872
156.169708045722,-0.0138309401696906,-0.0231273862916831,-0.000201564249777375,0.00670986617836577,-0.00258515816350105,0.0218318536442306,-0.0324457994866976,0.133382091267333
157.25276814916,-0.0137941435415021,-0.0228662711498764,-0.000195164809530003,0.00666195341124343,-0.00253179509411396,0.0216813642413357,-0.0320250636836128,0.132564599433889
158.34333943516,-0.0137565215459779,-0.0226070959271435,-0.000188882671822934,0.00661435835090275,-0.00247926260864949,0.0215316643028281,-0.0316094759843293,0.131750816830283
159.441473994887,-0.0137180845406279,-0.0223498565412535,-0.000182716331561128,0.0065670793403172,-0.00242755160939224,0.0213827544959686,-0.0311989813470958,0.130940752580459
160.547224280766,-0.0136788429102732,-0.0220945489114903,-0.000176664298136635,0.0065201147276085,-0.0023766530479656,0.0212346354010963,-0.0307935251112688,0.130134415179298
161.66064310899,-0.0136388070676584,-0.0218411689562448,-0.000170725095253118,0.00647346286604886,-0.00232655792567515,0.0210873075129076,-0.030393053000426,0.129331812504248
162.781783662036,-0.0135979874539875,-0.021589712590595,-0.000164897260753427,0.00642712211406106,-0.00227725729383452,0.0209407712417176,-0.0299975111252756,0.128532951826843
163.910699491214,-0.0135563945393818,-0.0213401757238753,-0.00015917934645026,0.00638109083521657,-0.00222874225407466,0.0207950269147055,-0.029606845986368,0.127737839824116
165.047444519217,-0.0135140388232599,-0.021092554257239,-0.000153569917959895,0.00633536739823147,-0.00218100395863698,0.0206500747771432,-0.0292210044766135,0.126946482589891
166.192073042701,-0.0134709308346401,-0.0208468440812139,-0.00014806755453902,0.00628995017696063,-0.00213403361065127,0.0205059149936069,-0.0288399338836104,0.126158885645973
167.344639734876,-0.0134270811323635,-0.0206030410732554,-0.000142670848924672,0.00624483755038987,-0.00208782246439906,0.0203625476491727,-0.0284635818917904,0.125375053953214
168.505199648122,-0.0133825003052394,-0.0203611410952972,-0.00013737840717728,0.0062000279026265,-0.00204236182556291,0.0202199727505958,-0.0280918965843834,0.124594991922466
169.673808216612,-0.0133371989721109,-0.0201211399913039,-0.000132188848526817,0.00615551962288811,-0.0019976430514626,0.0200781902274737,-0.0277248264452073,0.123818703425423
170.850521258965,-0.0132911877818433,-0.0198830335848259,-0.000127100805222079,0.00611131110548975,-0.00195365755127855,0.0199371999333927,-0.0273623203602888,0.123046191805332
172.03539498091,-0.013244477413232,-0.0196468176765599,-0.00012211292238307,0.00606740074982963,-0.00191039678626329,0.0197970016470595,-0.0270043276193168,0.122277459887597
173.228485977972,-0.0131970785748332,-0.0194124880419171,-0.00011722385785651,0.00602378696037334,-0.00186785226994152,0.0196575950734167,-0.0266507979169359,0.121512509990257
174.429851238172,-0.0131490020047154,-0.0191800404286015,-0.00011243228207445,0.00598046814663681,-0.0018260155682993,0.0195189798447434,-0.0263016813538814,0.120751343934344
175.639548144754,-0.0131002584701332,-0.0189494705541999,-0.000107736877915994,0.00593744272316786,-0.00178487829996297,0.0193811555217397,-0.0259569284379632,0.119993963054123
176.857634478922,-0.0130508587671223,-0.0187207741037865,-0.000103136340572121,0.00589470910952669,-0.00174443213636842,0.0192441215945975,-0.0256164900848997,0.119240368207205
178.084168422602,-0.0130008137200184,-0.0184939467275447,-9.86293774135949e-05,0.0058522657302652,-0.00170466880192103,0.0191078774840558,-0.0252803176190088,0.118490559784544
179.319208561219,-0.0129501341808977,-0.0182689840384072,-9.42147078619532e-05,0.0058101110149053,-0.00166558007414704,0.0189724225424419,-0.0249483627737576,0.117744537720305
180.562813886497,-0.0128988310289417,-0.0180458816097181,-8.98910632635581e-05,0.00576824339791628,-0.00162715778383661,0.0188377560546987,-0.0246205776921765,0.117002301501614
181.815043799277,-0.0128469151697259,-0.0178246349729183,-8.56571867666947e-05,0.00572666131869133,-0.00158939381517922,0.0187038772393977,-0.0242969149271415,0.116263850178182
183.075958112354,-0.0127943975344334,-0.0176052396152566,-8.15118332017024e-05,0.00568536322152324,-0.0015522801058917,0.0185707852497392,-0.0239773274415273,0.11552918237181
184.345617053333,-0.0127412890789938,-0.0173876909775289,-7.74537689641116e-05,0.00564434755557946,-0.00151580864733941,0.0184384791745384,-0.0236617686082369,0.114798296285765
185.624081267505,-0.012687600783149,-0.0171719844518484,-7.34817719007756e-05,0.00560361277487651,-0.00147997148465102,0.0183069580391994,-0.02335019221011,0.114071189714034
186.911411820748,-0.0126333436494456,-0.0169581153794474,-6.95946311989588e-05,0.0055631573382538,-0.0014447607168271,0.0181762208066761,-0.023042552439715,0.113347860050461
188.207670202438,-0.0125785287021565,-0.0167460790485144,-6.57911472783657e-05,0.00552297970934708,-0.00141016849684308,0.0180462663784212,-0.0227388038990271,0.112628304297752
189.512918328392,-0.0125231669861309,-0.0165358706920682,-6.20701316860813e-05,0.00548307835656142,-0.00137618703174682,0.0179170935953229,-0.0224389015989973,0.111912519076362
190.827218543819,-0.012467269565576,-0.0163274854858705,-5.84304069943892e-05,0.00544345175304395,-0.00134280858275117,0.0177887012386301,-0.0221428009590151,0.111200500633259
192.150633626303,-0.0124108475227692,-0.0161209185463804,-5.48708067014367e-05,0.00540409837665626,-0.00131002546532177,0.0176610880308668,-0.021850457806268,0.110492244850566
193.483226788801,-0.0123539119567045,-0.0159161649287515,-5.13901751347115e-05,0.00536501670994679,-0.00127783004926045,0.0175342526367345,-0.0215618283750023,0.109787747254078
194.82506168266,-0.012296473981672,-0.0157132196248749,-4.79873673572991e-05,0.00532620524012294,-0.00124621475878443,0.0174081936640055,-0.0212768693056877,0.109087003021658
196.176202400658,-0.0122385447257746,-0.0155120775614684,-4.4661249076873e-05,0.00528766245902336,-0.00121517207260168,0.0172829096644043,-0.0209955376440889,0.108390006991518
197.536713480066,-0.0121801353293808,-0.0153127335982165,-4.14106965573902e-05,0.00524938686309013,-0.0011846945239825,0.0171583991344805,-0.0207177908402477,0.107696753670369
198.906659905733,-0.0121212569435172,-0.0151151825259602,-3.82345965334366e-05,0.00521137695334117,-0.00115477470082771,0.0170346605164714,-0.0204435867473787,0.10700723724146
200.286107113184,-0.012061920728201,-0.0149194190649406,-3.51318461271917e-05,0.00517363123534274,-0.00112540524573358,0.0169116921991552,-0.0201728836206818,0.10632145157249
201.675120991751,-0.0120021378507153,-0.0147254378630966,-3.21013527679563e-05,0.00513614821918233,-0.00109657885605362,0.016789492518696,-0.0199056401160739,0.105639390223408
203.073767887718,-0.0119419194838275,-0.0145332334944201,-2.91420341142034e-05,0.00509892641944169,-0.00106828828395751,0.0166680597594796,-0.0196418152888435,0.104961046454089
204.482114607491,-0.0118812768039541,-0.0143428004573687,-2.62528179781026e-05,0.00506196435517043,-0.00104052633648719,0.0165473921549415,-0.0193813685922302,0.104286413231894
205.900228420788,-0.0118202209892733,-0.0141541331733389,-2.34326422524568e-05,0.00502526054985991,-0.0010132858756103,0.0164274878883867,-0.0191242598759331,0.103615483239118
207.32817706385,-0.0117587632177867,-0.0139672259852,-2.06804548400229e-05,0.00498881353141772,-0.000986559818271163,0.016308345093802,-0.0188704493845495,0.102948248880311
208.766028742684,-0.0116969146653333,-0.013782073155892,-1.79952135851333e-05,0.00495262183214266,-0.000960341136439215,0.0161899618566614,-0.0186198977559477,0.102284702289495
210.213852136311,-0.011634686503556,-0.0135986688670876,-1.537588620759e-05,0.00491668398870041,-0.000934622857155122,0.0160723362147241,-0.018372566019576,0.101624835337258
211.671716400053,-0.0115720898978253,-0.0134170072179196,-1.28214502387557e-05,0.00488099854209979,-0.000909398062574586,0.0159554661588261,-0.0181284155947103,0.100968639637742
213.139691168835,-0.0115091360051202,-0.0132370822237758,-1.03308929597954e-05,0.00484556403766979,-0.000884659890009886,0.0158393496336652,-0.017887408288643,0.100316106555511
214.617846560511,-0.0114458359718686,-0.0130588878151631,-7.90321134200506e-06,0.00481037902503734,-0.000860401531969223,0.0157239845385809,-0.0176495062948167,0.0996672272123112
216.10625317921,-0.0113822009317516,-0.0128824178366395,-5.53741198916805e-06,0.0047754420581059,-0.000836616236193835,0.015609368728327,-0.0174146721909026,0.0990219924937179
217.604982118714,-0.0113182420034708,-0.0127076660458182,-3.2325110818776e-06,0.00474075169503495,-0.000813297305692944,0.0154955000138406,-0.0171828689368283,0.0983803930556761
219.114104965849,-0.0112539702884834,-0.0125346261124431,-9.87534323766801e-07,0.00470630649822034,-0.000790438098776504,0.0153823761630042,-0.0169540598727569,0.0977424193309272
220.633693803907,-0.0111893968687067,-0.0123632916175361,1.19848311042384e-06,0.00467210503427559,-0.000768032029085724,0.0152699949014042,-0.0167282087170179,0.0971080615353313
222.163821216089,-0.0111245328041938,-0.012193656052619,3.32649662500024e-06,0.00463814587401422,-0.000746072565621364,0.0151583539130841,-0.0165052795639944,0.0964773096740802
223.704560288971,-0.0110593891307835,-0.0120257128190088,5.39745225175349e-06,0.00460442759243304,-0.00072455323276973,0.0150474508412933,-0.0162852368819675,0.0958501535478058
225.255984615994,-0.0109939768577268,-0.0118594552271886,7.41228669675579e-06,0.00457094876869652,-0.000703467610326351,0.0149372832892321,-0.0160680455109193,0.095226582758582
226.818168300982,-0.0109283069652926,-0.0116948764962529,9.37192738557219e-06,0.0045377079861223,-0.000682809333517242,0.0148278488207924,-0.0158536706602987,0.0946065867158241
228.391185961678,-0.010862390402354,-0.0115319697534308,1.12772925069614e-05,0.00450470383216772,-0.00066257209301771,0.014719144961295,-0.0156420779067495,0.0939901546420841
229.975112733314,-0.0107962380839598,-0.0113707280336836,1.31292910551241e-05,0.0044719348984176,-0.000642749634968616,0.0146111691982232,-0.0154332331918045,0.0933772755787447
231.570024272191,-0.0107298608888912,-0.0112111442793806,1.49288228705797e-05,0.00443939978057307,-0.00062333576098998,0.014503918981953,-0.0152271028195463,0.0927679383916121
233.175996759301,-0.0106632696572078,-0.0110532113400518,1.66767786797236e-05,0.00440709707844173,-0.000604324328191864,0.0143973917264806,-0.0150236534542376,0.0921621317764096
234.793106903962,-0.0105964751877859,-0.0108969219722172,1.83740401331473e-05,0.00437502539592889,-0.000585709249182424,0.0142915848101465,-0.0148228521179221,0.0915598442641721
236.421431947482,-0.0105294882358493,-0.0107422688392941,2.00214798427785e-05,0.00434318334103015,-0.000567484492072993,0.014186495576357,-0.0146246661879978,0.0909610642265433
238.061049666849,-0.0104623195104976,-0.0105892445115815,2.16199614179163e-05,0.00431156952582516,-0.000549644080480116,0.0140821213343033,-0.0144290633947645,0.0903657798809767
239.712038378445,-0.010394979672233,-0.0104378414663219,2.31703395002269e-05,0.00428018256647267,-0.000532182093524379,0.0139784593596776,-0.0142360118189476,0.0897739792958407
241.374476941791,-0.0103274793304893,-0.0102880520878395,2.46734597977675e-05,0.00424902108320679,-0.000515092665825936,0.0138755068953875,-0.0140454798891986,0.0891856503954303
243.048444763306,-0.0102598290411636,-0.0101398686677564,2.61301591181075e-05,0.00421808370033466,-0.000498369987496573,0.0137732611522678,-0.0138574363795753,0.0886007809648853
244.734021800108,-0.0101920393041556,-0.00999328340528394,2.75412654006139e-05,0.00418736904623524,-0.000482008304128196,0.01367171930979,-0.0136718504070016,0.0880193586550167
246.431288563827,-0.010124120560915,-0.00984828840759128,2.89075977479651e-05,0.00415687575335952,-0.000466001916777593,0.0135708785167703,-0.0134886914287101,0.0874413709870423
248.140326124455,-0.0100560831920011,-0.00970487569024843,3.02299664569665e-05,0.00412660245823194,-0.000450345181947325,0.013470735892075,-0.0133079292396677,0.0868668053572328
249.861216114214,-0.00998793751465524,-0.00956303717774486,3.15091730487268e-05,0.00409654780145312,-0.000435032511562605,0.013371288525325,-0.0131295339699855,0.0862956490414692
251.594040731461,-0.00991969378038955,-0.00942276470408212,3.27460102982624e-05,0.00406671042770394,-0.000420058372944032,0.0132725334775973,-0.0129534760823154,0.085727889199713
253.338882744608,-0.00985136217259471,-0.00928405001343986,3.39412622635984e-05,0.00403708898575074,-0.000405417288776003,0.0131744677821258,-0.0127797263692338,0.08516351288039
255.09582549608,-0.00978295280416786,-0.00914688476091452,3.5095704314423e-05,0.00400768212845199,-0.000391103837070691,0.0130770884449998,-0.0126082559506136,0.0846025070246895
256.864952906292,-0.00971447571516381,-0.00901126051332975,3.62101031603656e-05,0.00397848851276607,-0.000377112651127411,0.012980392445861,-0.0124390362709867,0.0840448584707783
258.646349477661,-0.00964594087047151,-0.00887716875011741,3.72852168789535e-05,0.00394950679976039,-0.00036343841948725,0.0128843767385987,-0.0122720390968969,0.0834905539579339
260.440100298641,-0.00957735815751802,-0.0087446008642683,3.83217949433145e-05,0.00392073565462168,-0.000350075885882798,0.0127890382520438,-0.0121072365142452,0.0829395801305935
262.246291047787,-0.00950873738400202,-0.00861354816335132,3.93205782496811e-05,0.00389217374666758,-0.000337019849182845,0.0126943738906604,-0.0119446009256282,0.0823919235423248
264.065007997846,-0.00944008827565909,-0.00848400187059991,4.02822991447545e-05,0.00386381974935935,-0.0003242651633319,0.0126003805352367,-0.0117841050476713,0.0818475706597156
265.896338019882,-0.00937142047406075,-0.00835595312606446,4.12076814529909e-05,0.00383567234031586,-0.000311806737284392,0.012507055043573,-0.0116257219083571,0.0813065078661859
267.740368587419,-0.0093027435344493,-0.00822939298782934,4.20974405038597e-05,0.00380773020132865,-0.000299639534933404,0.0124143942511691,-0.0114694248443494,0.0807687214657227
269.597187780627,-0.00923406692361026,-0.00810431243329328,4.29522831591336e-05,0.00377999201837818,-0.000287758575033832,0.0123223949719094,-0.011315187498316,0.0802341976865383
271.466884290521,-0.00916540001778444,-0.00798070236051128,4.37729078402602e-05,0.0037524564816512,-0.000276158931119807,0.0122310539987461,-0.0111629838162489,0.0797029226846541
273.349547423206,-0.00909675210062147,-0.00785855358959696,4.45600045558705e-05,0.00372512228555921,-0.000264835731416272,0.0121403681043808,-0.0110127880447838,0.0791748825474099
275.245267104134,-0.00902813236117635,-0.00773785686418345,4.53142549294705e-05,0.00369798812875793,-0.0002537841587446,0.012050334041944,-0.0108645747285198,0.078650063296901
277.154133882404,-0.00895954989195093,-0.00761860285294124,4.603633222737e-05,0.0036710527141679,-0.000242999450422104,0.0119609485456726,-0.0107183187073404,0.0781284508933429
279.07623893509,-0.0088910136869819,-0.00750078215115147,4.67269013868903e-05,0.00364431474899596,-0.000232476898155363,0.0118722083315852,-0.0105739951137359,0.0776100312383659
281.011674071587,-0.00882253263997673,-0.00738438528233264,4.73866190449008e-05,0.00361777294475783,-0.000222211847927236,0.0117841100981554,-0.0104315793701285,0.0770947901782397
282.960531738006,-0.00875411554249919,-0.00726940269991921,4.80161335667255e-05,0.00359142601730152,-0.000212199699877456,0.0116966505269827,-0.0102910471862008,0.0765827135070294
284.922905021585,-0.0086857710822058,-0.00715582478899015,4.86160850754638e-05,0.0035652726868317,-0.000202435908176741,0.0116098262834608,-0.0101523745562285,0.0760737869696847
286.898887655133,-0.0086175078411346,-0.00704364186804554,4.91871054817643e-05,0.0035393116779349,-0.000192915980894293,0.0115236340174436,-0.0100155377564177,0.0755679962650617
288.888574021513,-0.00854933429404745,-0.00693284419082942,4.97298185140897e-05,0.00351354171960557,-0.000183635479858632,0.0114380703639087,-0.00988051334224777,0.0750653270488799
290.892059158146,-0.00848125880682723,-0.00682342194819691,5.02448397495145e-05,0.00348796154527293,-0.000174590020511671,0.0113531319436175,-0.00974727814582054,0.0745657649366146
292.909438761552,-0.00841328963493075,-0.00671536527002358,5.07327766450807e-05,0.00346256989282853,-0.000165775271755987,0.0112688153637731,-0.00961580927321619,0.0740692955063265
294.940809191919,-0.00834543492189887,-0.00660866422715523,5.11942285697586e-05,0.00343736550465456,-0.000157186955795182,0.0111851172186751,-0.00948608410185654,0.0735759043014277
296.986267477709,-0.00827770269792433,-0.00650330883339586,5.16297868370281e-05,0.00341234712765286,-0.000148820847967334,0.0111020340903705,-0.00935808027787632,0.0730855768333877
299.045911320291,-0.00821010087847863,-0.00639928904753201,5.20400347381242e-05,0.00338751351327445,-0.00014067277657145,0.0110195625493018,-0.00923177571350314,0.0725982985843786
301.119839098607,-0.00814263726299848,-0.00629659477539125,5.24255475759641e-05,0.0033628634175498,-0.000132738622686896,0.0109376991549521,-0.00910714858444644,0.0721140550098603
303.208149873869,-0.00807531953363268,-0.00619521587193284,5.27868926997879e-05,0.00333839560111953,-0.000125014319985774,0.0108564404564857,-0.00898417732729619,0.0716328315411086
305.310943394298,-0.00800815525405014,-0.00609514214336847,5.31246295405324e-05,0.00331410882926565,-0.000117495854538216,0.0107757829933851,-0.00886284063693167,0.0711546135876846
307.428320099879,-0.00794115186830964,-0.00599636334931096,5.34393096469627e-05,0.0032900018719433,-0.00011017926461058,0.0106957232960848,-0.00874311746394091,0.0706793865398486
309.560381127168,-0.0078743166997917,-0.00589886920494886,5.37314767225804e-05,0.00326607350381284,-0.000103060640456543,0.0106162578865998,-0.00862498701205117,0.0702071357709176
311.707228314113,-0.00780765695019324,-0.00580264938324485,5.40016666633265e-05,0.00324232250427236,-9.6136124101077e-05,0.0105373832791509,-0.00850842873557101,0.0697378466395696
313.868964204927,-0.00774117969858521,-0.00570769351715581,5.42504075960946e-05,0.00321874765749052,-8.94019091173346e-05,0.0104590959807852,-0.00839342233684423,0.0692715044920924
316.045692054981,-0.00767489190053366,-0.00561399120187253,5.44782199180714e-05,0.00319534775243966,-8.2854240396438e-05,0.0103813924919917,-0.00827994776371623,0.0688080946645815
318.237515835737,-0.00760880038728424,-0.00552153199707689,5.46856163369134e-05,0.00317212158292914,-7.64894139102074e-05,0.0103042693073126,-0.00816798520701305,0.0683476024850845
320.444540239715,-0.00754291186501052,-0.00543030542921448,5.48731019117734e-05,0.00314906794763893,-7.03037764668494e-05,0.0102277229159493,-0.00805751509803348,0.0678900132756962
322.666870685493,-0.0074772329141261,-0.00534030099378066,5.50411740951838e-05,0.00312618565015333,-6.42937254596552e-05,0.0101517498023638,-0.00794851810605476,0.0674353123546026
324.904613322743,-0.00741176998866047,-0.00525150815761779,5.51903227758057e-05,0.00310347349899475,-5.84557086087331e-05,0.0100763464468745,-0.00784097513585186,0.0669834850380755
327.1578750373,-0.00734652941569867,-0.0051639163612219,5.53210303220471e-05,0.00308093030765765,-5.27862236958513e-05,0.0100015093262464,-0.00773486732523099,0.06653451664242
329.426763456268,-0.00728151739488452,-0.00507751502105644,5.54337716265564e-05,0.00305855489464246,-4.72818182924277e-05,0.00992723491427627,-0.00763017604257746,0.0660883924858735
331.711386953162,-0.00721673999798731,-0.00499229353187144,5.55290141515905e-05,0.00303634608348946,-4.19390894807583e-05,0.00985351968237169,-0.00752688288441825,0.0656450978904584
334.011854653082,-0.00715220316853154,-0.00490824126902583,5.56072179752601e-05,0.00301430270281266,-3.67546835685301e-05,0.00978036010012432,-0.00742496967299944,0.0652046181837893
336.328276437929,-0.00708791272148964,-0.00482534759081116,5.56688358386489e-05,0.00299242358633354,-3.17252957967268e-05,0.00970775263587708,-0.00732441845387894,0.0647669387008343
338.660762951648,-0.00702387434303694,-0.00474360184077468,5.57143131938067e-05,0.00297070757291465,-2.68476700409949e-05,0.00963569375728519,-0.00722521149353462,0.0643320447856342
341.009425605519,-0.00696009359036873,-0.00466299335004001,5.57440882526089e-05,0.00294915350659305,-2.21185985065735e-05,0.00956417993187079,-0.00712733127698809,0.0638999217929755
343.374376583475,-0.00689657589157877,-0.00458351143962336,5.57585920364782e-05,0.00292776023661351,-1.75349214168886e-05,0.00949320762757106,-0.00703076050544441,0.0634705550900236
345.75572884746,-0.00683332654559861,-0.00450514542274365,5.57582484269614e-05,0.00290652661746148,-1.30935266959176e-05,0.00942277331327972,-0.00693548209394783,0.0630439300579124
348.153596142828,-0.00677035072219732,-0.00442788460712467,5.57434742171519e-05,0.00288545150889571,-8.79134964443273e-06,0.00935287345938175,-0.00684147916905383,0.0626200320932934
350.568093003772,-0.00670765346204062,-0.00435171829728753,5.57146791639473e-05,0.00286453377598057,-4.62537261025154e-06,0.00928350453828108,-0.00674873506651758,0.0621988466098454
352.999334758797,-0.00664523967680904,-0.00427663579683161,5.56722660411324e-05,0.00284377228911804,-5.92624652611751e-07,0.00921466302492133,-0.00665723332899909,0.0617803590397432
355.44743753623,-0.00658311414937402,-0.00420262641070252,5.56166306932737e-05,0.00282316592407919,3.30981879920092e-06,0.00914634539729929,-0.00656695770378493,0.0613645548350888
357.912518269762,-0.0065212815340313,-0.00412967944744524,5.55481620904103e-05,0.0028027135620353,7.08483629282522e-06,0.00907854813697106,-0.00647789214052713,0.0609514194693042
360.39469470404,-0.00645974635679069,-0.00405778422144101,5.54672423835294e-05,0.00278241408958847,1.07352607052777e-05,0.00901126772955081,-0.0063900207889988,0.0605409384384862
362.894085400285,-0.00639851301572123,-0.00398693005512627,5.53742469608068e-05,0.00276226639880174,1.42638796007197e-05,0.00894450066520193,-0.00630332799686719,0.0601330972627262
365.410809741959,-0.00633758578135087,-0.00391710628119235,5.52695445045974e-05,0.00274226938722868,1.76734355934034e-05,0.0088782434391205,-0.00621779830748377,0.0597278814873923
367.944987940466,-0.00627696879711957,-0.00384830224476422,5.51534970491564e-05,0.00272242195794231,2.09666267156454e-05,0.00881249255201101,-0.00613341645769185,0.0593252766843773
370.496741040893,-0.00621666607988492,-0.00378050730555716,5.50264600390716e-05,0.0027027230195636,2.41461067906524e-05,0.00874724451055421,-0.00605016737565151,0.058925268453312
373.066190927794,-0.00615668152047902,-0.00371371084000972,5.48887823883881e-05,0.00268317148628914,2.72144858100655e-05,0.00868249582786691,-0.00596803617868216,0.0585278424227446
375.653460331008,-0.00609701888431568,-0.00364790224339187,5.47408065404025e-05,0.00266376627791832,3.01743303160361e-05,0.00861824302395379,-0.00588700817112265,0.0581329842512863
378.258672831527,-0.0060376818120467,-0.00358307093188706,5.45828685281065e-05,0.00264450631987971,3.30281637876743e-05,0.00855448262615103,-0.00580706884220903,0.0577406796287255
380.881952867393,-0.00597867382026608,-0.00351920634464679,5.44152980352555e-05,0.00262539054325677,3.57784670317051e-05,0.00849121116956171,-0.0057282038639701,0.0573509142771087
383.523425739646,-0.00591999830226098,-0.00345629794581684,5.42384184580407e-05,0.00260641788481288,3.84276785771493e-05,0.00842842519748286,-0.00565039908914063,0.0569636739517918
386.183217618305,-0.00586165852880825,-0.0033943352265338,5.405254696734e-05,0.00258758728701551,4.09781950738619e-05,0.00836612126182425,-0.00557364054909249,0.0565789444424586
388.861455548399,-0.00580365764901511,-0.00333330770689091,5.38579945715215e-05,0.00256889769805967,4.34323716947463e-05,0.00830429592351856,-0.00549791445178347,0.0561967115741112
391.558267456034,-0.00574599869120302,-0.00327320493787236,5.36550661797792e-05,0.00255034807189059,4.57925225414684e-05,0.00824294575292327,-0.00542320717972416,0.0558169612080298
394.273782154498,-0.0056886845638331,-0.00321401650325485,5.34440606659677e-05,0.0025319373682255,4.80609210534842e-05,0.00818206733021384,-0.0053495052879625,0.055439679242704
397.008129350424,-0.00563171805647214,-0.0031557320214757,5.32252709329185e-05,0.00251366455257466,5.02398004202089e-05,0.00812165724576837,-0.00527679550208639,0.0550648516147354
399.761439649975,-0.00557510184079761,-0.0030983411474666,5.29989839772048e-05,0.00249552859626146,5.23313539961317e-05,0.00806171210054364,-0.00520506471624406,0.0546924642997132
402.533844565089,-0.00551883847164057,-0.00304183357445213,5.2765480954331e-05,0.0024775284764417,5.43377357187045e-05,0.00800222850644248,-0.00513429999118242,0.054322503313062
405.325476519761,-0.0054629303880649,-0.00298619903571251,5.25250372443202e-05,0.00245966317612195,5.62610605288107e-05,0.00794320308667239,-0.00506448855230322,0.053954954710863
408.136468856361,-0.00540737991448178,-0.00293142730630962,5.22779225176689e-05,0.00244193168417707,5.81034047936314e-05,0.0078846324760956,-0.00499561778773719,0.0535898045906497
410.966955842014,-0.00535218926179789,-0.00287750820477582,5.2024400801647e-05,0.0024243329953667,5.9866806731731e-05,0.00782651332157024,-0.00492767524643585,0.0532270390921772
413.817072675003,-0.00529736052859593,-0.002824431594765,5.17647305469101e-05,0.002406866110351,6.15532668401655e-05,0.00776884228228289,-0.00486064863628133,0.0528666443981674
416.686955491232,-0.00524289570234635,-0.00277218738666513,5.14991646943988e-05,0.00238953003570527,6.31647483234359e-05,0.00771161603007233,-0.00479452582221385,0.0525086067350287
419.576741370729,-0.00518879666064863,-0.00272076553917204,5.1227950742497e-05,0.00237232378393378,6.4703177524104e-05,0.00765483124974461,-0.004729294824377,0.0521529123735528
422.486568344193,-0.00513506517250093,-0.00267015606082379,5.09513308144207e-05,0.00235524637348254,6.61704443548815e-05,0.0075984846393793,-0.00466494381628076,0.0517995476295869
425.416575399583,-0.00508170289959677,-0.0026203490114954,5.06695417258093e-05,0.0023382968287512,6.75684027320132e-05,0.00754257291062715,-0.00460146112298219,0.0514484988646839
428.366902488763,-0.00502871139764727,-0.00257133450385342,5.03828150524926e-05,0.00232147418010393,6.88988710097747e-05,0.00748709278899893,-0.00453883521928364,0.0510997524867294
431.337690534184,-0.00497609211772765,-0.00252310270477018,5.00913771984043e-05,0.00230477746387932,7.01636324159006e-05,0.00743204101414569,-0.0044770547279487,0.0507532949505469
434.329081435613,-0.00492384640764672,-0.00247564383669735,4.97954494636143e-05,0.0022882057223994,7.13644354877669e-05,0.00737741434013029,-0.00441610841793554,0.0504091127584813
437.341218076915,-0.00487197551333796,-0.00242894817899871,4.94952481124545e-05,0.00227175800397755,7.25029945091523e-05,0.00732320953569035,-0.00435598520264772,0.0500671924609616
440.374244332875,-0.00482048058027081,-0.00238300606924177,4.91909844417076e-05,0.00225543336292556,7.35809899473991e-05,0.0072694233844927,-0.00429667413820242,0.0497275206570425
443.428305076071,-0.00476936265488103,-0.00233780790444834,4.88828648488342e-05,0.00223923085955963,7.46000688908072e-05,0.00721605268537915,-0.00423816442171595,0.0493900839949261
446.503546183793,-0.00471862268601866,-0.00229334414230376,4.85710909002101e-05,0.00222314956020543,7.55618454860835e-05,0.00716309425260388,-0.00418044538960656,0.0490548691724635
449.600114545014,-0.00466826152641236,-0.00224960530232492,4.82558593993483e-05,0.00220718853720218,7.64679013756852e-05,0.0071105449160624,-0.00412350651591431,0.0487218629376375
452.718158067401,-0.00461827993414895,-0.00220658196698686,4.79373624550779e-05,0.00219134686890574,7.73197861348858e-05,0.00705840152151207,-0.00406733741063818,0.0483910520890259
455.857825684385,-0.00456867857416665,-0.00216426478280817,4.76157875496552e-05,0.00217562363969077,7.81190177084031e-05,0.00700666093078436,-0.00401192781809008,0.0480624234762461
459.01926736227,-0.00451945801976112,-0.00212264446139514,4.72913176067823e-05,0.00216001793995186,7.88670828464296e-05,0.00695532002198885,-0.00395726761526582,0.0477359640003827
462.202634107401,-0.0044706187541028,-0.00208171178044482,4.69641310595048e-05,0.00214452886610376,7.9565437539904e-05,0.00690437568970904,-0.00390334681023292,0.0474116606143956
465.408077973374,-0.00442216117176444,-0.00204145758470707,4.66344019179681e-05,0.0021291555205806,8.02155074548765e-05,0.00685382484519008,-0.00385015554053518,0.0470895003235126
468.635752068297,-0.0043740855802577,-0.00200187278690586,4.63022998370047e-05,0.00211389701183421,8.08186883658064e-05,0.00680366441651841,-0.0037976840716139,0.0467694701856035
471.885810562108,-0.0043263922015776,-0.00196294836861992,4.59679901835309e-05,0.00209875245433149,8.13763465876522e-05,0.00675389134879357,-0.00374592279524566,0.0464515573115387
475.158408693936,-0.00427908117375369,-0.00192467538112309,4.56316341037273e-05,0.00208372096855077,8.1889819406606e-05,0.006704502604292,-0.00369486222799659,0.0461357488655307
478.453702779515,-0.00423215255240679,-0.00188704494618452,4.52933885899828e-05,0.00206880168097733,8.23604155093278e-05,0.00665549516262319,-0.00364449300969296,0.0458220320654609
481.771850218653,-0.0041856063123103,-0.0018500482568291,4.49534065475781e-05,0.002053993724098,8.27894154105476e-05,0.00660686602087808,-0.00359480590190813,0.0455103941831895
485.113009502749,-0.00413944234895492,-0.00181367657805843,4.46118368610871e-05,0.00203929623639475,8.31780718788955e-05,0.00655861219376987,-0.00354579178646557,0.0452008225448512
488.477340222363,-0.00409366048011575,-0.00177792124753268,4.42688244604758e-05,0.00202470836233754,8.35276103608295e-05,0.00651073071376737,-0.00349744166395802,0.0448933045311363
491.865003074839,-0.00404826044742079,-0.00174277367621363,4.39245103868762e-05,0.00201022925237611,8.38392294025342e-05,0.00646321863122092,-0.00344974665228255,0.0445878275775561
495.276159871982,-0.0040032419179198,-0.00170822534896948,4.35790318580178e-05,0.00199585806293104,8.41141010696693e-05,0.00641607301448101,-0.00340269798519155,0.0442843791746956
498.710973547785,-0.00395860448565255,-0.00167426782514167,4.32325223332942e-05,0.00198159395638387,8.43533713648404e-05,0.00636929095000979,-0.00335628701085936,0.0439829468684515
502.169608166212,-0.00391434767321558,-0.00164089273907422,4.28851115784482e-05,0.00196743610106634,8.45581606426843e-05,0.00632286954248536,-0.00331050519046467,0.0436835182602569
505.652228929035,-0.0038704709333264,-0.00160809180060615,4.25369257298543e-05,0.0019533836712489,8.47295640224475e-05,0.00627680591489921,-0.00326534409678829,0.0433860810072929
509.159002183727,-0.00382697365038443,-0.00157585679552728,4.21880873583857e-05,0.0019394358471283,8.48686517979589e-05,0.00623109720864673,-0.00322079541282646,0.0430906228226872
512.690095431402,-0.00378385514202763,-0.00154417958599809,4.18387155328412e-05,0.00192559181481435,8.49764698448806e-05,0.00618574058361099,-0.00317685093041942,0.0427971314757007
516.245677334823,-0.00374111466068412,-0.00151305211093409,4.14889258829233e-05,0.00191185076631601,8.50540400251454e-05,0.00614073321823984,-0.00313350254889511,0.0425055947919006
519.825917726449,-0.00369875139511787,-0.00148246638635522,4.11388306617455e-05,0.00189821189952656,8.51023605884765e-05,0.00609607230961658,-0.00309074227372804,0.0422160006533226
523.430987616559,-0.00365676447196774,-0.00145241450570086,4.07885388078568e-05,0.00188467441820805,8.51224065709005e-05,0.00605175507352411,-0.00304856221521303,0.0419283369986212
527.061059201407,-0.00361515295727909,-0.00142288864011108,4.04381560067673e-05,0.00187123753197503,8.51151301901613e-05,0.00600777874450286,-0.00300695458715384,0.0416425918232081
530.716305871459,-0.00357391585802722,-0.00139388103867453,4.00877847519613e-05,0.00185790045627752,8.50814612379492e-05,0.00596414057590254,-0.00296591170556649,0.0413587531793798
534.396902219665,-0.00353305212363187,-0.00136538402864384,3.97375244053836e-05,0.0018446624123832,8.50223074688658e-05,0.00592083783992782,-0.00292542598739721,0.0410768091764344
538.103024049808,-0.00349256064746227,-0.00133739001561886,3.93874712573879e-05,0.00183152262735901,8.49385549860412e-05,0.00587786782767811,-0.00288548994925486,0.0407967479807774
541.834848384891,-0.00345244026833187,-0.00130989148369854,3.90377185861318e-05,0.00181848033405194,8.48310686233335e-05,0.00583522784918151,-0.00284609620615771,0.0405185578160175
545.592553475602,-0.00341268977198229,-0.00128288099560199,3.86883567164105e-05,0.00180553477106923,8.47006923240384e-05,0.00579291523342302,-0.00280723747029447,0.0402422269630521
549.376318808822,-0.00337330789255581,-0.00125635119275941,3.83394730779157e-05,0.00179268518275789,8.45482495160422e-05,0.00575092732836736,-0.00276890654979947,0.0399677437601429
553.1863251162,-0.00333429331405581,-0.00123029479537345,3.79911522629089e-05,0.00177993081918355,8.43745434833505e-05,0.00570926150097612,-0.00273109634754185,0.0396950966029821
557.022754382788,-0.00329564467179469,-0.00120470460245173,3.76434760833013e-05,0.0017672709361087,8.41803577339411e-05,0.00566791513721976,-0.00269379985992856,0.0394242739447487
560.885789855729,-0.00325736055382863,-0.00117957349181114,3.72965236271296e-05,0.00175470479497036,8.3966456363877e-05,0.00562688564208433,-0.00265701017572122,0.0391552642961563
564.775616053012,-0.00321943950237879,-0.00115489442005451,3.69503713144183e-05,0.00174223166285712,8.37335844176302e-05,0.00558617043957318,-0.00262072047486658,0.0388880562254914
568.692418772287,-0.00318188001523845,-0.00113066042252048,3.66050929524217e-05,0.0017298508124856,8.34824682445669e-05,0.00554576697270366,-0.00258492402734056,0.0386226383586435
572.636385099737,-0.00314468054716559,-0.001106864613207,3.62607597902384e-05,0.00171756152217638,8.32138158515495e-05,0.00550567270349899,-0.00254961419200555,0.0383589993791261
576.607703419018,-0.00310783951126055,-0.00108350018466937,3.59174405727885e-05,0.00170536307582939,8.29283172516092e-05,0.00546588511297553,-0.0025147844154812,0.0380971280280903
580.606563420252,-0.00307135528032833,-0.00106056040789326,3.5575201594151e-05,0.00169325476289874,8.26266448086546e-05,0.0054264017011253,-0.00248042823102821,0.037837013104329
584.633156109091,-0.00303522618822517,-0.00103803863214357,3.52341067502515e-05,0.0016812358783671,8.23094535781775e-05,0.00538721998689421,-0.00244653925744521,0.037578643464275
588.687673815838,-0.00299945053118905,-0.00101592828478964,3.48942175908983e-05,0.00166930572271955,8.19773816439248e-05,0.0053483375081558,-0.00241311119797861,0.0373220080219897
592.77031020464,-0.00296402656915376,-0.000994222871107596,3.45555933711592e-05,0.00165746360191697,8.16310504505065e-05,0.00530975182168088,-0.00238013783924518,0.0370670957491456
596.881260282727,-0.00292895252704627,-0.000972915974060426,3.42182911020763e-05,0.00164570882736898,8.12710651319138e-05,0.00527146050310297,-0.00234761305016737,0.0368138956750011
601.020720409738,-0.00289422659606709,-0.000952001254056449,3.38823656007147e-05,0.00163404071590641,8.08980148359236e-05,0.00523346114687987,-0.00231553078092114,0.036562396886368
605.188888307094,-0.00285984693495331,-0.000931472448686888,3.35478695395413e-05,0.00162245858975345,8.05124730443697e-05,0.00519575136625122,-0.00228388506189625,0.0363125885275722
609.385963067442,-0.00282581167122422,-0.000911323372443153,3.32148534951306e-05,0.00161096177649923,8.01149978892628e-05,0.00515832879319245,-0.00225267000266891,0.0360644598004083
613.612145164168,-0.00279211890240904,-0.000891547916414507,3.28833659961961e-05,0.00159954960906918,7.9706132464744e-05,0.00512119107836501,-0.00222187979098657,0.0358179999640869
617.867636460969,-0.00275876669725683,-0.000872140047966759,3.25534535709446e-05,0.00158822142569589,7.92864051348628e-05,0.00508433589106313,-0.00219150869176485,0.0355731983351759
622.152640221499,-0.00272575309692823,-0.000853093810402631,3.22251607937514e-05,0.0015769765698897,7.88563298371649e-05,0.00504776091915712,-0.00216155104609636,0.0353300442875356
626.467361119072,-0.00269307611616884,-0.000834403322604435,3.18985303311568e-05,0.00156581439040889,7.84164063820909e-05,0.00501146386903347,-0.00213200127027149,0.0350885272522477
630.812005246445,-0.00266073374446424,-0.000816062778659688,3.15736029871818e-05,0.00155473424122959,7.79671207481734e-05,0.00497544246553165,-0.00210285385481078,0.0348486367175386
635.186780125658,-0.0026287239471764,-0.000798066447470301,3.12504177479632e-05,0.00154373548151535,7.7508945373038e-05,0.00493969445187794,-0.00207410336350905,0.0346103622286972
639.591894717946,-0.00259704466666137,-0.000780408672345945,3.09290118257089e-05,0.00153281747558647,7.70423394402049e-05,0.00490421758961624,-0.00204574443249088,0.0343736933879862
644.027559433723,-0.00256569382336827,-0.00076308387058223,3.06094207019725e-05,0.00152197959288893,7.65677491616949e-05,0.00486900965853604,-0.00201777176927762,0.0341386198545497
648.493986142629,-0.00253466931691935,-0.00074608653302428,3.02916781702502e-05,0.00151122120796326,7.60856080564475e-05,0.00483406845659763,-0.00199018015186554,0.0339051313443139
652.991388183652,-0.00250396902717118,-0.000729411223616311,2.99758163778985e-05,0.00150054170041293,7.55963372245544e-05,0.00479939179985466,-0.00196296442781519,0.0336732176298838
657.519980375318,-0.00247359081525685,-0.000713052578937805,2.9661865867378e-05,0.00148994045487269,7.51003456173224e-05,0.00476497752237416,-0.00193611951335178,0.0334428685404346
662.07997902595,-0.00244353252460919,-0.000697005307726856,2.93498556168205e-05,0.00147941686097661,7.45980303031745e-05,0.00473082347615415,-0.00190964039247652,0.0332140739615984
666.671601944003,-0.00241379198196498,-0.000681264190391263,2.9039813079927e-05,0.00146897031332592,7.40897767294035e-05,0.00469692753103881,-0.00188352211608867,0.0329868238353461
671.295068448464,-0.00238436699835017,-0.000665824078507925,2.87317642251946e-05,0.00145860021145668,7.35759589797939e-05,0.00466328757463148,-0.0018577598011184,0.0327611081598649
675.950599379332,-0.00235525537004608,-0.000650679894311119,2.84257335744779e-05,0.00144830595980727,7.30569400281297e-05,0.00462990151220549,-0.00183234862967016,0.0325369169894318
680.638417108163,-0.0023264548795366,-0.000635826630170175,2.81217442408878e-05,0.00143808696768567,7.25330719876064e-05,0.00459676726661292,-0.00180728384817651,0.0323142404342819
685.358745548692,-0.00229796329643654,-0.000621259348057104,2.78198179660298e-05,0.00142794264923671,7.20046963561676e-05,0.00456388277819139,-0.00178256076656242,0.0320930686604737
690.11181016753,-0.00226977837840103,-0.000606973179004699,2.75199751565873e-05,0.00141787242340902,7.14721442577907e-05,0.00453124600466896,-0.00175817475741965,0.0318733918897497
694.897837994932,-0.00224189787201609,-0.000592963322555636,2.72222349202523e-05,0.00140787571392201,7.09357366797412e-05,0.00449885492106733,-0.00173412125519145,0.0316552003993932
699.717057635642,-0.00221431951367052,-0.000579225046203067,2.69266151010098e-05,0.00139795194923264,7.03957847058276e-05,0.00446670751960317,-0.00171039575536711,0.0314384845220816
704.569699279812,-0.00218704103040906,-0.000565753684823213,2.66331323137771e-05,0.00138810056250211,6.98525897456742e-05,0.00443480180958803,-0.00168699381368663,0.031223234645736
709.455994713995,-0.00216006014076703,-0.000552544640100448,2.63418019784074e-05,0.00137832099156252,6.9306443760052e-05,0.00440313581732654,-0.00166391104535504,0.0310094412133672
714.376177332221,-0.00213337455558643,-0.000539593379945338,2.60526383530572e-05,0.00136861267888339,6.87576294822832e-05,0.00437170758601333,-0.00164114312426653,0.0307970947229182
719.33048214714,-0.00210698197881379,-0.000526895437906115,2.57656545669274e-05,0.00135897507153811,6.8206420635762e-05,0.00434051517562842,-0.00161868578223812,0.0305861857271037
724.31914580125,-0.00208088010827971,-0.000514446412574039,2.54808626523806e-05,0.00134940762117042,6.76530821476166e-05,0.00430955666283144,-0.00159653480825292,0.0303767048332461
729.342406578201,-0.00205506663646032,-0.000502241966983094,2.51982735764407e-05,0.00133990978396076,6.70978703585446e-05,0.00427883014085458,-0.00157468604771267,0.0301686427031087
734.400504414174,-0.00202953925122081,-0.00049027782800445,2.49178972716808e-05,0.00133048102059262,6.65410332288613e-05,0.00424833371939443,-0.00155313540169967,0.0299619900527255
739.493680909344,-0.00200429563654112,-0.000478549785736132,2.46397426665058e-05,0.00132112079621892,6.5982810540789e-05,0.00421806552450268,-0.00153187882624783,0.0297567376522288
744.622179339418,-0.00197933347322393,-0.000467053692888294,2.43638177148333e-05,0.00131182858042828,6.54234340970266e-05,0.00418802369847597,-0.00151091233162287,0.0295528763256735
749.786244667259,-0.00195465043958526,-0.000455785464164511,2.4090129425182e-05,0.00130260384721138,6.48631279156361e-05,0.00415820639974463,-0.00149023198161146,0.0293503969508586
754.98612355458,-0.00193024421212763,-0.000444741075639493,2.38186838891722e-05,0.00129344607492727,6.430210842128e-05,0.00412861180276077,-0.00146983389281926,0.0291492904591465
760.222064373731,-0.00190611246619612,-0.000433916564133589,2.35494863094443e-05,0.00128435474626975,6.37405846328531e-05,0.00409923809788538,-0.00144971423397774,0.0289495478352799
765.494317219563,-0.00188225287661741,-0.000423308026584467,2.32825410270026e-05,0.00127532934823376,6.31787583475404e-05,0.00407008349127484,-0.0014298692252597,0.0287511601171956
770.803133921369,-0.00185866311832211,-0.000412911619416337,2.30178515479918e-05,0.00126636937208174,6.26168243213464e-05,0.00404114620476673,-0.00141029513760337,0.0285541183958367
776.148768054917,-0.00183534086695033,-0.000402723557907064,2.27554205699106e-05,0.00125747431331016,6.20549704461335e-05,0.00401242447576501,-0.00139098829204504,0.0283584138149621
781.531474954562,-0.00181228379944104,-0.000392740115553514,2.24952500072715e-05,0.001248643671616,6.14933779232076e-05,0.00398391655712473,-0.00137194505905998,0.0281640375709545
786.951511725437,-0.00178948959460501,-0.000382957623435475,2.22373410167118e-05,0.00123987695086336,6.09322214334963e-05,0.00395562071703612,-0.00135316185791181,0.0279709809126252
792.40913725574,-0.0017669559336819,-0.000373372469578477,2.19816940215647e-05,0.00123117365905009,6.03716693043568e-05,0.00392753523890844,-0.00133463515600995,0.027779235141018
797.904612229097,-0.00174468050088146,-0.000363981098315819,2.17283087358954e-05,0.0012225333082745,5.98118836730582e-05,0.00389965842125331,-0.00131636146827523,0.0275887916092108
803.438199137013,-0.00172266098390917,-0.000354780009650116,2.14771841880105e-05,0.00121395541470221,5.92530206469786e-05,0.00387198857756774,-0.00129833735651355,0.0273996417221151
809.01016229141,-0.00170089507447645,-0.000345765758614649,2.12283187434479e-05,0.00120543949853305,5.869523046056e-05,0.003844524036217,-0.0012805594287974,0.0272117769362742
814.620767837254,-0.00167938046879577,-0.000336934954634827,2.09817101274536e-05,0.00119698508396802,5.81386576290636e-05,0.00381726314031711,-0.00126302433885527,0.0270251887596594
820.270283765263,-0.00165811486806078,-0.000328284260890008,2.07373554469533e-05,0.00118859169917646,5.75834410991686e-05,0.00379020424761731,-0.00124572878546877,0.0268398687514645
825.958979924714,-0.00163709597891166,-0.000319810393675976,2.0495251212025e-05,0.00118025887626321,5.70297143964567e-05,0.00376334573038229,-0.00122866951187744,0.0266558085218995
831.687128036326,-0.00161632151388604,-0.000311510121768301,2.02553933568817e-05,0.00117198615123601,5.64776057698271e-05,0.00373668597527442,-0.00121184330519107,0.0264729997319816
837.455001705243,-0.00159578919185558,-0.000303380265786871,2.00177772603692e-05,0.00116377306397289,5.59272383328841e-05,0.00371022338323593,-0.00119524699580953,0.0262914340933259
843.262876434102,-0.00157549673844855,-0.000295417697561787,1.97823977659879e-05,0.00115561915818981,5.53787302023404e-05,0.00368395636937104,-0.00117887745685003,0.0261111033679343
849.111029636188,-0.00155544188645846,-0.000287619339500902,1.95492492014454e-05,0.00114752398140838,5.4832194633482e-05,0.00365788336282826,-0.00116273160358159,0.0259319993679827
854.999740648693,-0.00153562237623923,-0.000279982163959193,1.9318325397747e-05,0.00113948708492371,5.42877401527347e-05,0.00363200280668265,-0.00114680639286681,0.0257541139556082
860.92929074605,-0.00151603595608686,-0.000272503192610191,1.9089619707831e-05,0.00113150802377242,5.37454706873794e-05,0.00360631315781827,-0.00113109882261071,0.0255774390426937
866.899963153375,-0.00149668038260802,-0.00026517949581968,1.88631250247578e-05,0.00112358635670082,5.3205485692456e-05,0.00358081288681086,-0.00111560593121669,0.0254019665906522
872.91204305999,-0.00147755342107569,-0.00025800819202186,1.86388337994577e-05,0.0011157216461332,5.2667880274903e-05,0.00355550047781054,-0.00110032479704935,0.0252276886102102
878.965817633049,-0.0014586528457721,-0.000250986447098161,1.84167380580464e-05,0.00110791345814032,5.21327453149739e-05,0.00353037442842497,-0.00108525253790433,0.0250545971611898
885.061576031251,-0.00143997644031923,-0.000244111473758893,1.81968294187147e-05,0.00110016136240803,5.16001675849728e-05,0.0035054332496026,-0.0010703863104848,0.0248826843522896
891.199609418655,-0.00142152199799707,-0.000237380530927905,1.79790991081994e-05,0.00109246493220609,5.10702298653551e-05,0.00348067546551628,-0.00105572330988477,0.0247119423408655
897.380210978585,-0.00140328732204983,-0.000230790923130426,1.77635379778434e-05,0.00108482374435714,5.05430110582347e-05,0.00345609961344724,-0.00104126076907904,0.0245423633327099
903.603675927636,-0.00138527022598043,-0.00022433999988424,1.7550136519251e-05,0.00107723737920583,5.0018586298339e-05,0.0034317042436694,-0.00102699595841962,0.0243739395818306
909.870301529772,-0.00136746853383343,-0.000218025155094345,1.73388848795469e-05,0.0010697054205882,4.94970270614571e-05,0.00340748791933402,-0.00101292618513875,0.0242066633902291
916.18038711053,-0.00134988008046656,-0.000211843826451259,1.71297728762442e-05,0.00106222745580111,4.89784012704218e-05,0.00338344921635482,-0.0009990487928582,0.0240405271076774
922.534234071309,-0.00133250271181127,-0.000205793494833087,1.69227900117304e-05,0.00105480307557199,4.84627733986665e-05,0.00335958672329359,-0.000985361161105023,0.0238755231314953
928.932145903777,-0.00131533428512228,-0.000199871683711499,1.67179254873761e-05,0.00104743187402871,4.79502045714012e-05,0.00333589904124609,-0.000971860704833453,0.0237116439063265
935.374428204358,-0.00129837266921659,-0.000194075958561733,1.65151682172761e-05,0.00104011344866962,4.74407526644483e-05,0.00331238478372866,-0.000958544873953029,0.0235488819239139
941.861388688833,-0.00128161574470194,-0.000188403926276756,1.63145068416266e-05,0.00103284740033387,4.69344724007773e-05,0.00328904257656519,-0.000945411152862805,0.0233872297228754
948.39333720704,-0.00126506140419517,-0.000182853234585669,1.61159297397481e-05,0.00102563333317181,4.6431415444782e-05,0.00326587105777464,-0.000932457059991595,0.0232266798884779
954.970585757668,-0.00124870755253052,-0.000177421571476494,1.59194250427592e-05,0.00101847085461566,4.59316304943398e-05,0.0032428688774592,-0.000919680147344152,0.0230672250524124
961.593448503166,-0.00123255210695815,-0.000172106664623419,1.5724980645908e-05,0.00101135957535038,4.54351633706933e-05,0.00322003469769294,-0.000907078000053244,0.0229088578925673
968.262241784745,-0.00121659299733313,-0.000166906280818604,1.55325842205688e-05,0.00100429910928474,4.4942057106193e-05,0.00319736719241104,-0.000894648235937532,0.0227515711328025
974.977284137491,-0.00120082816629506,-0.00016181822540864,1.53422232259095e-05,0.000997289073522533,4.4452352029943e-05,0.00317486504729975,-0.000882388505065186,0.0225953575427228
981.738896305574,-0.00118525556943856,-0.000156840341735735,1.51538849202366e-05,0.000990329088334061,4.39660858513859e-05,0.00315252695968681,-0.000870296489323163,0.0224402099374507
988.547401257578,-0.00116987317547483,-0.000151970510583716,1.49675563720246e-05,0.000983418777127822,4.34832937418689e-05,0.00313035163843266,-0.000858369901992093,0.0222861211773996
995.403124201917,-0.00115467896638445,-0.000147206649628906,1.47832244706355e-05,0.00097655776642237,4.30040084142257e-05,0.00310833780382221,-0.000846606487326685,0.0221330841680466
1002.30639260238,-0.00113967093756175,-0.000142546712895955,1.46008759367356e-05,0.000969745685818409,4.25282602004155e-05,0.00308648418745734,-0.0008350040201416,0.021981091859705
1009.25753619375,-0.00112484709795076,-0.000137988690218685,1.44204973324147e-05,0.000962982167971095,4.20560771272546e-05,0.00306478953215004,-0.000823560305402713,0.0218301372472971
1016.2568869976,-0.00111020547017312,-0.000133530606705992,1.42420750710147e-05,0.000956266848562538,4.15874849902782e-05,0.0030432525918163,-0.000812273177823704,0.0216802133701261
1023.30477933808,-0.00109574409064802,-0.000129170522212892,1.40655954266734e-05,0.000949599366274539,4.11225074257691e-05,0.00302187213137066,-0.000801140501467924,0.0215313133116496
1030.40154985798,-0.00108146100970448,-0.000124906530816712,1.38910445435891e-05,0.000942979362761509,4.06611659809894e-05,0.00300064692662149,-0.000790160169355423,0.0213834301992508
1037.5475375347,-0.00106735429168601,-0.000120736760298516,1.37184084450133e-05,0.000936406482623639,4.02034801826518e-05,0.00297957576416708,-0.000779330103075157,0.021236557204012
1044.74308369654,-0.00105342201504803,-0.000116659371629771,1.35476730419749e-05,0.000929880373380246,3.97494676036635e-05,0.00295865744129231,-0.00076864825240222,0.0210906875404868
1051.98853203895,-0.00103966227244805,-0.000112672558464315,1.33788241417447e-05,0.000923400685443371,3.92991439281812e-05,0.00293789076586625,-0.000758112594920115,0.0209458144664724
1059.28422864097,-0.00102607317082895,-0.000108774546635632,1.32118474560427e-05,0.000916967072091561,3.8852523015007e-05,0.0029172745562404,-0.000747721135647944,0.0208019312827829
1066.63052198171,-0.00101265283149541,-0.000104963593659493,1.30467286089973e-05,0.000910579189443894,3.84096169593644e-05,0.00289680764114772,-0.000737471906672504,0.020659031333022
1074.02776295709,-0.000999399390183807,-0.000101237988241948,1.28834531448577e-05,0.000904236696434194,3.79704361530828e-05,0.00287648885960246,-0.000727362966785168,0.020517108003356
1081.4763048965,-0.000986310997125638,-9.75960497927417e-05,1.27220065354698e-05,0.000897939254785492,3.75349893432278e-05,0.00285631706080077,-0.000717392401123581,0.0203761547222873
1088.97650357974,-0.000973385817104678,-9.40361279441057e-05,1.25623741875163e-05,0.000891686528984669,3.71032836892064e-05,0.00283629110402205,-0.000707558320817994,0.0202361649604277
1096.52871725401,-0.000960622029508108,-9.05566020750043e-05,1.24045414495302e-05,0.000885478186257352,3.66753248183817e-05,0.00281640985853114,-0.000697858862642296,0.0200971322302721
1104.13330665098,-0.000948017828371671,-8.71558808407931e-05,1.22484936186835e-05,0.000879313896542991,3.62511168802268e-05,0.0027966722034813,-0.00068829218866959,0.019959050085973
1111.79063500406,-0.00093557142241914,-8.38324017083363e-05,1.20942159473597e-05,0.000873193332470182,3.5830662599052e-05,0.00277707702781795,-0.000678856485932328,0.0198219121231145
1119.50106806575,-0.000923281035096144,-8.05846304965547e-05,1.19416936495113e-05,0.000867116169332185,3.54139633253304e-05,0.00275762323018325,-0.000669549966086882,0.0196857119784867
1127.26497412507,-0.000911144904598631,-7.74110609224366e-05,1.17909119068115e-05,0.000861082085062668,3.50010190856598e-05,0.00273830971882153,-0.000660370865082567,0.0195504433298614
1135.0827240252,-0.00089916128389601,-7.43102141524791e-05,1.16418558746007e-05,0.000855090760211661,3.45918286313826e-05,0.00271913541148539,-0.000651317442834977,0.019416099895767
1142.95469118117,-0.000887328440749239,-7.12806383595866e-05,1.1494510687636e-05,0.000849141877921732,3.41863894859005e-05,0.00270009923534278,-0.000642387982903678,0.0192826754352643
1150.8812515977,-0.000875644657723906,-6.83209082853905e-05,1.13488614656469e-05,0.000843235123904361,3.3784697990705e-05,0.00268120012688479,-0.000633580792174089,0.0191501637477228
1158.86278388715,-0.000864108232198554,-6.54296248080088e-05,1.12048933187017e-05,0.000837370186416553,3.33867493501604e-05,0.00266243703183428,-0.00062489420054362,0.0190185586725974
1166.89966928762,-0.000852717476368295,-6.26054145152067e-05,1.10625913523894e-05,0.000831546756237631,3.29925376750592e-05,0.00264380890505531,-0.000616326560611892,0.018887854089205
1174.99229168114,-0.000841470717243965,-5.98469292829725e-05,1.09219406728228e-05,0.000825764526646275,3.26020560249841e-05,0.00262531471046348,-0.000607876247375103,0.0187580439165026
1183.14103761204,-0.000830366296646849,-5.71528458594645e-05,1.07829263914642e-05,0.000820023193397745,3.22152964494974e-05,0.00260695342093692,-0.000599541657924379,0.018629122112865
1191.34629630538,-0.00081940257119923,-5.45218654543385e-05,1.06455336297822e-05,0.000814322454701334,3.18322500281899e-05,0.00258872401822828,-0.000591321211148157,0.0185010826758633
1199.60845968555,-0.000808577912310783,-5.19527133334101e-05,1.05097475237392e-05,0.000808662011198008,3.14529069096106e-05,0.00257062549287738,-0.000583213347438465,0.0183739196420439
1207.92792239501,-0.000797890706161063,-4.94441384186546e-05,1.03755532281185e-05,0.000803041565938287,3.1077256349107e-05,0.00255265684412481,-0.000575216528401125,0.0182476270867081
1216.3050818131,-0.000787339353678103,-4.69949128934964e-05,1.02429359206907e-05,0.000797460824360299,3.07052867455961e-05,0.00253481707982622,-0.000567329236569749,0.0181221991236923
1224.74033807505,-0.00077692227051336,-4.46038318133864e-05,1.01118808062268e-05,0.000791919494268069,3.03369856772966e-05,0.00251710521636757,-0.000559549975123569,0.0179976299051486
1233.23409409112,-0.000766637887013037,-4.22697127216179e-05,9.98237312036002e-06,0.000786417285809988,2.99723399364413e-05,0.00249952027858101,-0.000551877267608961,0.017873913621326
1241.78675556577,-0.000756484648185992,-3.99913952703738e-05,9.85439813330109e-06,0.000780953911457515,2.96113355629969e-05,0.00248206129966175,-0.000544309657664699,0.0177510445003523
1250.39873101711,-0.000746461013668267,-3.77677408469534e-05,9.7279411534101e-06,0.000775529085984054,2.92539578774127e-05,0.00246472732108564,-0.000536845708750818,0.0176290168080165
1259.07043179635,-0.000736565457684449,-3.55976322051695e-05,9.60298753062948e-06,0.000770142526444056,2.89001915124221e-05,0.00244751739252753,-0.000529484003881106,0.0175078248475521
1267.80227210752,-0.000726796469005881,-3.34799731018618e-05,9.47952265978104e-06,0.000764793952152306,2.85500204439188e-05,0.00243043057178056,-0.000522223145359121,0.0173874629594206
1276.5946690272,-0.000717152550905915,-3.14136879385085e-05,9.3575319837309e-06,0.000759483084663416,2.82034280209299e-05,0.00241346592467609,-0.000515061754517725,0.0172679255210959
1285.44804252445,-0.000707632221112293,-2.93977214078956e-05,9.23700099642615e-06,0.000754209647751525,2.78603969947081e-05,0.00239662252500453,-0.000507998471462088,0.0171492069468493
1294.36281548089,-0.000698234011756721,-2.74310381458e-05,9.11791524580587e-06,0.000748973367390176,2.75209095469628e-05,0.00237989945443698,-0.000501031954816081,0.0170313016875355
1303.33941371088,-0.000688956469321825,-2.55126223876645e-05,9.0002603365908e-06,0.000743773971732414,2.71849473172529e-05,0.00236329580244755,-0.000494160881472073,0.0169142042303786
1312.37826598188,-0.0006797981545855,-2.36414776302083e-05,8.88402193295414e-06,0.000738611191091051,2.68524914295596e-05,0.00234681066623658,-0.000487383946344028,0.0167979090987593
1321.47980403488,-0.000670757642562846,-2.18166262979517e-05,8.76918576107743e-06,0.000733484757919153,2.6523522518061e-05,0.00233044315065458,-0.000480699862123913,0.0166824108520031
1330.6444626051,-0.000661833522445696,-2.00371094145968e-05,8.65573761159393e-06,0.000728394406790692,2.61980207521265e-05,0.00231419236812696,-0.000474107359041323,0.0165677040851681
1339.87267944269,-0.00065302439753992,-1.83019862792402e-05,8.54366334192338e-06,0.000723339874381415,2.58759658605522e-05,0.00229805743857956,-0.000467605184626337,0.0164537834288348
1349.16489533366,-0.00064432888520052,-1.66103341473596e-05,8.43294887850042e-06,0.000718320899449872,2.55573371550539e-05,0.00228203748936488,-0.000461192103475502,0.0163406435488959
1358.52155412096,-0.000635745616764683,-1.49612479165472e-05,8.3235802189002e-06,0.000713337222818665,2.52421135530375e-05,0.00226613165518918,-0.00045486689702097,0.0162282791463468
1367.94310272563,-0.000627273237482802,-1.33538398169315e-05,8.21554343386362e-06,0.000708388587355849,2.49302735996645e-05,0.00225033907804022,-0.000448628363302679,0.0161166849570777
1377.42999116818,-0.000618910406447642,-1.17872391062594e-05,8.10882466922567e-06,0.000703474737956552,2.46217954892311e-05,0.00223465890711588,-0.000442475316743607,0.0160058557516652
1386.98267259009,-0.000610655796521638,-1.02605917695778e-05,8.00341014774872e-06,0.000698595421524746,2.43166570858762e-05,0.00221909029875337,-0.000436406587927994,0.0158957863351654
1396.60160327544,-0.000602508094262506,-8.77306022348509e-06,7.89928617086448e-06,0.000693750386955228,2.40148359436373e-05,0.0022036324163594,-0.000430421023382554,0.0157864715469083
1406.2872426727,-0.000594465999847154,-7.32382302489396e-06,7.79643912032638e-06,0.000688939385115757,2.37163093258705e-05,0.00218828443034085,-0.00042451748536058,0.0156779062602915
1416.04005341668,-0.000586528226994069,-5.91207458427202e-06,7.69485545977585e-06,0.000684162168829389,2.34210542240499e-05,0.00217304551803638,-0.000418694851628966,0.0155700853825763
1425.86050135065,-0.00057869350288415,-4.53702488330088e-06,7.59452173622401e-06,0.000679418492856975,2.31290473759625e-05,0.00215791486364861,-0.000412952015258038,0.0154630038546835
1435.74905554856,-0.000570960568080175,-3.19789919692115e-06,7.49542458145235e-06,0.000674708113879852,2.28402652833166e-05,0.00214289165817716,-0.000407287884414234,0.0153566566509906
1445.70618833745,-0.000563328176444867,-1.89393781970264e-06,7.39755071333381e-06,0.000670030790482679,2.2554684228774e-05,0.00212797509935227,-0.000401701382155522,0.0152510387791292
1455.73237532004,-0.000555795095057727,-6.243957965063e-07,7.30088693707753e-06,0.000665386283136486,2.22722802924269e-05,0.00211316439156925,-0.000396191446229584,0.0151461452797842
1465.8280953974,-0.00054836010413061,6.11457342622999e-07,7.20542014639869e-06,0.000660774354181851,2.19930293677285e-05,0.00209845874582357,-0.000390757028874677,0.0150419712264929
1475.99383079187,-0.000541021996922213,1.81433784336704e-06,7.11113732461664e-06,0.000656194767812286,2.17169071768959e-05,0.00208385737964667,-0.000385397096623183,0.0149385117254454
1486.23006707006,-0.000533779579651427,2.9849479839088e-06,7.01802554568252e-06,0.000651647290057758,2.14438892857966e-05,0.00206935951704243,-0.000380110630107764,0.0148357619152855
1496.53729316606,-0.000526631671409734,4.12397632760591e-06,6.92607197513951e-06,0.000647131688768404,2.11739511183333e-05,0.00205496438842442,-0.000374896623870146,0.0147337169669129
1506.9160014048,-0.000519577104072601,5.23209797162347e-06,6.83526387101702e-06,0.000642647733598385,2.09070679703399e-05,0.00204067123055369,-0.00036975408617243,0.0146323720832861
1517.36668752555,-0.000512614722210028,6.30997479156237e-06,6.74558858466141e-06,0.000638195195989931,2.06432150230031e-05,0.00202647928647739,-0.00036468203881097,0.0145317224992258
1527.88985070559,-0.000505743382996224,7.35825568214189e-06,6.65703356150478e-06,0.000633773849157521,2.03823673558191e-05,0.00201238780546792,-0.000359679516932708,0.0144317634812194
1538.4859935841,-0.000498961956118545,8.37757679397449e-06,6.56958634177436e-06,0.000629383468072245,2.01244999591026e-05,0.00199839604296287,-0.000354745568854013,0.0143324903272268
1549.15562228612,-0.000492269323685674,9.3685617664904e-06,6.48323456114375e-06,0.000625023829446307,1.98695877460555e-05,0.00198450326050549,-0.000349879255881913,0.014233898366486
1559.89924644673,-0.000485664380135172,1.03318219570507e-05,6.39796595132849e-06,0.000620694711717707,1.96176055644108e-05,0.00197070872568594,-0.000345079652137759,0.014135982959321
1570.71737923542,-0.00047914603214038,1.12679566663051e-05,6.31376834062717e-06,0.000616395895035048,1.93685282076609e-05,0.00195701171208308,-0.000340345844383228,0.0140387394969489
1581.61053738059,-0.000472713198516791,1.21775533598349e-05,6.23062965441057e-06,0.000612127161242532,1.91223304258838e-05,0.00194341149920696,-0.000335676931848695,0.0139421634012895
1592.57924119422,-0.000466364810127869,1.30611878861353e-05,6.14853791555968e-06,0.000607888293865077,1.88789869361757e-05,0.00192990737244189,-0.000331072026063872,0.0138462501247746
1603.62401459674,-0.000460099809790443,1.39194246909777e-05,6.06748124485523e-06,0.000603679078093612,1.86384724327037e-05,0.00191649862299025,-0.000326530250690765,0.0137509951501589
1614.74538514202,-0.000453917152179638,1.47528170282076e-05,5.9874478613195e-06,0.000599499300770497,1.84007615963871e-05,0.00190318454781673,-0.000322050741358838,0.0136563939903312
1625.94388404263,-0.000447815803733468,1.55619071670153e-05,5.90842608251267e-06,0.000595348750375112,1.81658291042181e-05,0.0018899644495934,-0.000317632645502424,0.0135624421881271
1637.22004619516,-0.000441794742557063,1.63472265957371e-05,5.83040432478483e-06,0.000591227217009579,1.79336496382326e-05,0.00187683763664521,-0.000313275122200302,0.0134691353161419
1648.57441020578,-0.000435852958326635,1.71092962222235e-05,5.75337110348554e-06,0.000587134492384637,1.77041978941408e-05,0.00186380342289618,-0.000308977342017447,0.0133764689765452
1660.00751841599,-0.000429989452193161,1.78486265708301e-05,5.67731503313192e-06,0.00058307036980565,1.7477448589626e-05,0.00185086112781619,-0.000304738486848892,0.0132844388008955
1671.51991692849,-0.000424203236685893,1.85657179760694e-05,5.60222482753738e-06,0.000579034644158775,1.72533764723231e-05,0.00183801007636833,-0.00030055774976572,0.0131930404499566
1683.11215563331,-0.000418493335615656,1.92610607729767e-05,5.52808929990172e-06,0.000575027111897247,1.70319563274838e-05,0.00182524959895682,-0.000296434334863094,0.013102269613514
1694.78478823403,-0.000412858783978045,1.9935135484229e-05,5.45489736286452e-06,0.000571047571027827,1.68131629853394e-05,0.00181257903137555,-0.000292367457110368,0.0130121220101931
1706.53837227424,-0.000407298627856492,2.05884130040698e-05,5.38263802852265e-06,0.000567095821097367,1.65969713281681e-05,0.00179999771475716,-0.000288356342203191,0.0129225933872773
1718.37346916419,-0.000401811924325293,2.12213547790768e-05,5.31130040841373e-06,0.00056317166317953,1.63833562970768e-05,0.0017875049955227,-0.000284400226417622,0.012833679520528
1730.2906442076,-0.000396397741352582,2.18344129858255e-05,5.24087371346629e-06,0.000559274899861623,1.61722928985047e-05,0.00177510022533181,-0.000280498356466197,0.0127453762140049
1742.29046662864,-0.000391055157703322,2.24280307054855e-05,5.1713472539183e-06,0.000555405335231588,1.59637562104575e-05,0.00176278276103354,-0.000276649989355952,0.012657679299887
1754.37350959913,-0.000385783262842306,2.30026420954014e-05,5.10271043920488e-06,0.000551562774865102,1.57577213884797e-05,0.0017505519646176,-0.000272854392248342,0.0125705846382954
1766.54035026596,-0.000380581156837242,2.35586725576951e-05,5.03495277781659e-06,0.00054774702581282,1.55541636713721e-05,0.00173840720316624,-0.000269110842321066,0.012484088117116
1778.79156977856,-0.000375447950261914,2.40965389049375e-05,4.96806387712954e-06,0.000543957896587749,1.5353058386664e-05,0.00172634784880664,-0.000265418626631755,0.0123981856518238
1791.12775331676,-0.000370382764099458,2.46166495229321e-05,4.90203344320793e-06,0.00054019519715274,1.51543809558452e-05,0.00171437327866379,-0.000261777041983479,0.0123128731853075
1803.54949011869,-0.000365384729645801,2.51194045306509e-05,4.83685128058079e-06,0.000536458738908114,1.49581068993658e-05,0.00170248287481397,-0.000258185394792099,0.0122281466876957
1816.05737350894,-0.000360452988413239,2.56051959373692e-05,4.77250729199318e-06,0.000532748334679405,1.47642118414111e-05,0.00169067602423863,-0.00025464300095539,0.0121440021561835
1828.65200092687,-0.00035558669203425,2.60744077970359e-05,4.70899147813372e-06,0.000529063798705238,1.45726715144584e-05,0.00167895211877893,-0.000251149185723935,0.0120604356148602
1841.33397395519,-0.00035078500216549,2.65274163599269e-05,4.64629393733853e-06,0.000525404946625317,1.43834617636213e-05,0.00166731055509064,-0.000247703283573769,0.0119774431145376
1854.10389834867,-0.000346047090392059,2.69645902216176e-05,4.58440486527342e-06,0.000521771595468543,1.41965585507893e-05,0.00165575073459966,-0.000244304638080738,0.0118950207325797
1866.9623840631,-0.000341372138132012,2.73862904693199e-05,4.52331455459439e-06,0.000518163563641243,1.40119379585676e-05,0.0016442720634579,-0.000240952601796552,0.0118131645727329
1879.91004528435,-0.000336759336541176,2.77928708256191e-05,4.46301339458823e-06,0.000514580670915526,1.38295761940249e-05,0.0016328739524998,-0.00023764653612653,0.0117318707649575
1892.94750045783,-0.000332207886418253,2.81846777896565e-05,4.40349187079327e-06,0.000511022738417746,1.36494495922534e-05,0.0016215558171992,-0.000234385811208973,0.0116511354652595
1906.0753723179,-0.00032771699811027,2.85620507757922e-05,4.34474056460173e-06,0.000507489588617093,1.3471534619748e-05,0.00161031707762679,-0.000231169805796191,0.0115709548555238
1919.29428791772,-0.000323285891418357,2.89253222497914e-05,4.2867501528442e-06,0.00050398104531428,1.32958078776098e-05,0.00159915715840791,-0.000227997907137122,0.011491325143348
1932.60487865912,-0.000318913795503908,2.92748178625689e-05,4.22951140735719e-06,0.000500496933630366,1.31222461045799e-05,0.00158807548868098,-0.000224869510861555,0.0114122425618777
1946.00778032282,-0.0003145999487951,2.96108565815347e-05,4.17301519453431e-06,0.000497037079995666,1.29508261799078e-05,0.00157707150205618,-0.000221784020865898,0.0113337033696414
1959.50363309877,-0.000310343598893833,2.99337508195747e-05,4.11725247486229e-06,0.000493601312138794,1.27815251260617e-05,0.00156614463657482,-0.000218740849200517,0.0112557038503881
1973.09308161673,-0.000306144002483068,3.02438065617069e-05,4.06221430244193e-06,0.000490189459075794,1.26143201112827e-05,0.00155529433466892,-0.000215739415958577,0.0111782403129239
1986.77677497706,-0.000302000425234605,3.05413234894481e-05,4.00789182449538e-06,0.000486801351099401,1.24491884519911e-05,0.00154452004312145,-0.000212779149166406,0.011101309090951
2000.55536678172,-0.000297912141717292,3.08265951029292e-05,3.9542762808598e-06,0.000483436819768383,1.22861076150474e-05,0.00153382121302683,-0.000209859484675327,0.0110249065429069
2014.42951516552,-0.00029387843530571,3.10999088407942e-05,3.90135900346871e-06,0.000480095697897018,1.21250552198735e-05,0.001523197299752,-0.000206979866054972,0.0109490290518043
2028.39988282751,-0.000289898598089308,3.13615461979208e-05,3.849131415821e-06,0.000476777819544644,1.19660090404387e-05,0.0015126477628978,-0.000204139744488026,0.0108736730250725
2042.46713706267,-0.000285971930782041,3.16117828409945e-05,3.79758503243889e-06,0.000473483020005341,1.18089470071149e-05,0.00150217206626088,-0.000201338578666406,0.0107988348943991
2056.63194979376,-0.000282097742632488,3.18508887219752e-05,3.74671145831487e-06,0.000470211135797689,1.16538472084047e-05,0.00149176967779591,-0.000198575834688842,0.010724511115573
2070.89499760343,-0.00027827535133449,3.20791281894867e-05,3.69650238834879e-06,0.000466962004654652,1.15006878925481e-05,0.00148144006957837,-0.000195850985959851,0.010650698168328
2085.25696176653,-0.000274504082938294,3.22967600981674e-05,3.64694960677503e-06,0.000463735465513537,1.134944746901e-05,0.00147118271776753,-0.000193163513090076,0.0105773925561875
2099.71852828265,-0.000270783271762238,3.25040379160121e-05,3.59804498658094e-06,0.000460531358506069,1.12001045098542e-05,0.00146099710257003,-0.000190512903797977,0.0105045908063099
2114.2803879089,-0.000267112260304958,3.27012098297408e-05,3.54978048891659e-06,0.000457349524948557,1.10526377510063e-05,0.00145088270820371,-0.000187898652812855,0.010432289469335
2128.94323619287,-0.000263490399158164,3.28885188482255e-05,3.50214816249671e-06,0.000454189807332155,1.09070260934105e-05,0.00144083902286196,-0.000185320261779196,0.010360485119231
2143.7077735059,-0.000259917046919947,3.30662029040087e-05,3.45514014299504e-06,0.00045105204931322,1.07632486040835e-05,0.00143086553867831,-0.000182777239162299,0.010289174353143
2158.57470507649,-0.000256391570108674,3.32344949529445e-05,3.40874865243184e-06,0.000447936095703765,1.06212845170683e-05,0.00142096175169159,-0.000180269100155205,0.0102183537912415
2173.54474102402,-0.000252913343077432,3.3393623071995e-05,3.36296599855477e-06,0.000444841792461999,1.04811132342927e-05,0.00141112716181123,-0.000177795366586868,0.0101480200765726
2188.61859639264,-0.000249481747929076,3.35438105552113e-05,3.31778457421391e-06,0.000441768986682969,1.03427143263354e-05,0.00140136127278321,-0.000175355566831587,0.0100781698749083
2203.79699118545,-0.00024609617443184,3.36852760079318e-05,3.27319685673096e-06,0.000438717526589283,1.02060675331017e-05,0.0013916635921561,-0.000172949235719656,0.0100087998745984
2219.08065039887,-0.000242756019935557,3.38182334392269e-05,3.22919540726357e-06,0.000435687261521929,1.00711527644147e-05,0.00138203363124769,-0.000170575914449239,0.00993990678642277
2234.47030405729,-0.000239460689288464,3.39428923526195e-05,3.18577287016456e-06,0.000432678041931178,9.93795010052183e-06,0.00137247090511184,-0.000168235150499429,0.0098714873434445
2249.9666872479,-0.000236209594754629,3.40594578351123e-05,3.14292197233718e-06,0.00042968971936758,9.80643979252255e-06,0.00136297493250575,-0.000165926497544499,0.00980353830086414
2265.57054015586,-0.000233002155931966,3.41681306445491e-05,3.10063552258614e-06,0.00042672214647304,9.67660226271834e-06,0.00135354523585754,-0.000163649515369306,0.00973605643587459
2281.28260809959,-0.000229837799670877,3.42691072953405e-05,3.05890641096509e-06,0.000423775176971992,9.54841810488875e-06,0.00134418134123423,-0.000161403769785854,0.00966903854751696
2297.10364156645,-0.000226715959993512,3.43625801425799e-05,3.01772760812104e-06,0.000420848665662636,9.42186808449558e-06,0.00133488277831001,-0.000159188832550985,0.00960248145653713
2313.0343962485,-0.000223636078013648,3.44487374645805e-05,2.97709216463574e-06,0.000417942468408285,9.29693313881865e-06,0.00132564908033487,-0.000157004281285191,0.00953638200524338
2329.07563307866,-0.000220597601857187,3.45277635438577e-05,2.93699321036454e-06,0.000415056442128773,9.17359437702484e-06,0.00131647978410354,-0.000154849699392526,0.00947073705736455
2345.22811826701,-0.000217599986583305,3.45998387465862e-05,2.89742395377315e-06,0.000412190444791961,9.05183308017396e-06,0.00130737442992483,-0.00015272467598161,0.00940554349790938
2361.49262333744,-0.000214642694106202,3.46651396005571e-05,2.8583776812724e-06,0.000409344335405306,8.93163070116281e-06,0.00129833256159119,-0.000150628805787703,0.00934079823302637
2377.86992516445,-0.000211725193117518,3.47238388716618e-05,2.81984775655144e-06,0.000406517974007535,8.81296886461087e-06,0.00128935372634868,-0.000148561689095845,0.00927649818986473
2394.36080601029,-0.000208846959009363,3.4776105638928e-05,2.78182761990963e-06,0.000403711221660368,8.69582936668893e-06,0.0012804374748672,-0.000146522931665028,0.0092126403164359
2410.96605356231,-0.000206007473797999,3.48221053681333e-05,2.74431078758746e-06,0.000400923940440349,8.58019417489381e-06,0.0012715833612111,-0.000144512144653416,0.0091492215814762
2427.6864609706,-0.000203206226048159,3.48619999840226e-05,2.70729085109663e-06,0.00039815599343073,8.46604542777054e-06,0.00126279094280998,-0.00014252894454457,0.00908623897430996
2444.52282688584,-0.000200442710798007,3.48959479411519e-05,2.67076147654975e-06,0.000395407244713445,8.35336543458498e-06,0.00125405978042994,-0.000140572953074679,0.0090236895047138
2461.4759554975,-0.000197716429484745,3.49241042933844e-05,2.6347164039897e-06,0.000392677559361158,8.24213667494781e-06,0.00124538943814501,-0.000138643797160782,0.00896157020278144
2478.54665657221,-0.000195026889870861,3.49466207620624e-05,2.59914944671907e-06,0.000389966803429378,8.13234179839307e-06,0.00123677948330898,-0.000136741108829965,0.00889987811878952
2495.73574549243,-0.00019237360597103,3.49636458028778e-05,2.56405449062986e-06,0.000387274843948661,8.02396362391238e-06,0.00122822948652742,-0.000134864525149528,0.00883861032306416
2513.04404329547,-0.000189756097979649,3.49753246714662e-05,2.52942549353354e-06,0.000384601548916869,7.91698513944687e-06,0.00121973902163008,-0.000133013688158088,0.00877776390584824
2530.47237671259,-0.00018717389219903,3.49817994877447e-05,2.49525648449191e-06,0.000381946787291518,7.81138950133901e-06,0.00121130766564353,-0.000131188244797638,0.00871733597716973
2548.02157820863,-0.000184626520968227,3.49832092990187e-05,2.46154156314874e-06,0.000379310428982181,7.70716003374529e-06,0.00120293499876409,-0.000129387846846511,0.00865732366671044
2565.69248602162,-0.000182113522592525,3.49796901418778e-05,2.42827489906266e-06,0.000376692344842975,7.60428022801274e-06,0.00119462060433102,-0.000127612150853276,0.00859772412367598
2583.48594420295,-0.000179634441273556,3.49713751029036e-05,2.39545073104108e-06,0.000374092406665108,7.5027337420192e-06,0.00118636406880006,-0.000125860818071519,0.00853853451666613
2601.4028026576,-0.000177188827040077,3.49583943782101e-05,2.36306336647584e-06,0.000371510487169503,7.40250439948086e-06,0.00117816498171715,-0.000124133514395519,0.00847975203354638
2619.4439171848,-0.000174776235679375,3.49408753318386e-05,2.33110718068032e-06,0.000368946459999482,7.30357618922703e-06,0.00117002293569247,-0.000122429910296799,0.00842137388131985
2637.61014951883,-0.000172396228669334,3.4918942553027e-05,2.29957661622842e-06,0.000366400199713524,7.20593326444457e-06,0.00116193752637474,-0.00012074968076154,0.00836339728600039
2655.90236737027,-0.000170048373111124,3.48927179123747e-05,2.26846618229548e-06,0.000363871581778085,7.10955994189302e-06,0.00115390835242578,-0.000119092505228848,0.00830581949248607
2674.32144446737,-0.00016773224166255,3.48623206169221e-05,2.23777045400142e-06,0.000361360482560491,7.01444070109224e-06,0.00114593501549531,-0.000117458067529863,0.00824863776443386
2692.86826059784,-0.000165447412472022,3.48278672641659e-05,2.20748407175597e-06,0.000358866779321881,6.92056018348325e-06,0.00113801712019605,-0.000115846055827695,0.00819184938413465
2711.54370165082,-0.000163193469113178,3.47894718950284e-05,2.17760174060656e-06,0.000356390350210238,6.82790319156451e-06,0.00113015427407903,-0.00011425616255818,0.00813545165238946
2730.34865965925,-0.000160970000520126,3.47472460458004e-05,2.1481182295885e-06,0.000353931074253457,6.73645468800389e-06,0.00112234608760917,-0.000112688084371443,0.00807944188838602
2749.28403284242,-0.000158776600923341,3.47012987990761e-05,2.11902837107805e-06,0.000351488831352497,6.64619979472865e-06,0.00111459217414109,-0.00011114152207426,0.00802381742957646
2768.35072564895,-0.000156612869786167,3.46517368336996e-05,2.09032706014816e-06,0.000349063502274585,6.55712379199363e-06,0.0011068921498952,-0.000109616180573197,0.00796857563155546
2787.54964879989,-0.000154478411741974,3.45986644737397e-05,2.06200925392724e-06,0.000346654968646485,6.4692121174296e-06,0.001099245633934,-0.000108111768818538,0.00791371386793945
2806.88171933232,-0.000152372836531922,3.45421837365116e-05,2.03406997096084e-06,0.000344263112947823,6.38245036507233e-06,0.0010916522481386,-0.00010662799974896,0.00785922953024622
2826.34786064308,-0.00015029575894336,3.44823943796638e-05,2.00650429057659e-06,0.000341887818504481,6.29682428437399e-06,0.00108411161718553,-0.000105164590236979,0.00780512002777565
2845.94900253294,-0.000148246798748844,3.44193939473456e-05,1.9793073522523e-06,0.000339528969482042,6.21231977919722e-06,0.00107662336852374,-0.000103721261035127,0.00775138278749083
2865.68608125093,-0.000146225580645771,3.43532778154741e-05,1.95247435498749e-06,0.000337186450879298,6.12892290679389e-06,0.00106918713235183,-0.000102297736722874,0.00769801525390025
2885.56003953913,-0.000144231734196633,3.42841392361163e-05,1.9260005566782e-06,0.000334860148521817,6.04661987676833e-06,0.00106180254159553,-0.000100893745654259,0.00764501488894041
2905.57182667768,-0.000142264893769883,3.42120693810034e-05,1.89988127349553e-06,0.000332549949055564,5.96539705002727e-06,0.00105446923188537,-9.95090199062533e-05,0.00759237917185945
2925.72239853012,-0.000140324698481407,3.41371573841923e-05,1.87411187926755e-06,0.00033025573994058,5.88524093771613e-06,0.0010471868415346,-9.81432952278122e-05,0.00754010559910129
2946.01271758903,-0.000138410792136611,3.40594903838922e-05,1.84868780486513e-06,0.000327977409444726,5.80613820014372e-06,0.00103995501151734,-9.67963109896325e-05,0.00748819168419064
2966.44375302203,-0.000136522823173101,3.3979153563469e-05,1.82360453759131e-06,0.000325714846637463,5.72807564569525e-06,0.00103277338544687,-9.54678101345872e-05,0.00743663495761863
2987.01648071805,-0.000134660444603976,3.38962301916464e-05,1.79885762057467e-06,0.000323467941383709,5.65104022973523e-06,0.00102564160955422,-9.41575391288443e-05,0.00738543296672927
3007.73188333398,-0.000132823313961703,3.3810801661915e-05,1.77444265216644e-06,0.000321236584337735,5.57501905350039e-06,0.00101855933266693,-9.28652479136449e-05,0.00733458327560649
3028.59095034155,-0.0001310110932426,3.37229475311676e-05,1.75035528534167e-06,0.000319020666937124,5.4999993629841e-06,0.00101152620618803,-9.15906898577456e-05,0.00728408346496208
3049.59467807464,-0.000129223448851898,3.36327455575724e-05,1.72659122710437e-06,0.000316820081396777,5.4259685478123e-06,0.00100454188407518,-9.03336217105048e-05,0.00723393113202406
3070.74406977686,-0.000127460051549397,3.35402717377008e-05,1.70314623789677e-06,0.000314634720702977,5.3529141401124e-06,0.000997606022820104,-8.90938035556139e-05,0.00718412389042609
3092.04013564946,-0.000125720576395697,3.34456003429219e-05,1.68001613101252e-06,0.0003124644786075,5.28082381337509e-06,0.000990718281428111,-8.78709987654551e-05,0.0071346593700973
3113.48389289956,-0.000124004702699014,3.33488039550793e-05,1.65719677201434e-06,0.000310309249621783,5.20968538131052e-06,0.000983878321397916,-8.66649739560873e-05,0.00708553521715298
3135.07636578881,-0.000122312113962571,3.32499535014615e-05,1.63468407815558e-06,0.000308168929011135,5.13948679669868e-06,0.000977085806701582,-8.54754989428408e-05,0.00703674909378589
3156.8185856822,-0.000120642497832555,3.3149118289082e-05,1.61247401780629e-06,0.000306043412789013,5.07021615023547e-06,0.000970340403764705,-8.43023466965246e-05,0.00698829867815832
3178.71159109747,-0.000118995546046645,3.30463660382796e-05,1.59056260988334e-06,0.000303932597711328,5.00186166937409e-06,0.000963641781446748,-8.31452933002246e-05,0.00694018166429475
3200.75642775457,-0.000117370954383105,3.29417629156536e-05,1.56894592328509e-06,0.000301836381270819,4.9344117171634e-06,0.000956989611021604,-8.20041179066989e-05,0.00689239576197531
3222.9541486257,-0.000115768422610432,3.28353735663456e-05,1.54762007633022e-06,0.000299754661691464,4.86785479108277e-06,0.000950383566158301,-8.08786026963473e-05,0.00684493869662978
3245.30581398558,-0.000114187654437564,3.27272611456805e-05,1.52658123620106e-06,0.000297687337922944,4.8021795218748e-06,0.00094382332290194,-7.97685328357623e-05,0.00679780820923245
3267.81249146208,-0.000112628357464631,3.26174873501786e-05,1.50582561839131e-06,0.000295634309635153,4.73737467237584e-06,0.00093730855965476,-7.8673696436839e-05,0.0067510020561974
3290.47525608724,-0.00011109024313427,3.25061124479523e-05,1.48534948615816e-06,0.000293595477212761,4.67342913634521e-06,0.000930838957157436,-7.75938845164498e-05,0.00670451800927477
3313.29519034861,-0.000109573026683459,3.23931953084964e-05,1.46514914997889e-06,0.000291570741749811,4.61033193729328e-06,0.000924414198470506,-7.65288909566644e-05,0.00665835385544734
3336.27338424092,-0.000108076427095916,3.22787934318862e-05,1.44522096701198e-06,0.00028956000504438,4.54807222730916e-06,0.000918033968956015,-7.54785124655181e-05,0.00661250739682812
3359.41093531822,-0.000106600167055006,3.21629629773932e-05,1.42556134056261e-06,0.000287563169593268,4.48663928588815e-06,0.000911697956259294,-7.44425485383108e-05,0.00656697645055829
3382.70894874623,-0.000105143972897207,3.20457587915306e-05,1.40616671955281e-06,0.000285580138586745,4.42602251875969e-06,0.000905405850290944,-7.34208014194405e-05,0.00652175884870606
3406.16853735517,-0.000103707574566073,3.19272344355374e-05,1.38703359799599e-06,0.000283610815903337,4.36621145671593e-06,0.000899157343208961,-7.24130760647521e-05,0.00647685243816594
3429.7908216929,-0.000102290705566746,3.18074422123155e-05,1.3681585144761e-06,0.000281655106104661,4.30719575444155e-06,0.00089295212940105,-7.14191801044067e-05,0.0064322550805589
3453.57693007845,-0.000100893102920962,3.16864331928267e-05,1.34953805163128e-06,0.000279712914430296,4.24896518934495e-06,0.000886789905467083,-7.04389238062529e-05,0.00638796465213294
3477.5279986559,-9.95145071225891e-05,3.15642572419618e-05,1.33116883564204e-06,0.000277784146792706,4.19150966039145e-06,0.000880670370201735,-6.94721200397015e-05,0.00634397904366446
3501.64517144866,-9.81546620936655e-05,3.14409630438919e-05,1.31304753572406e-06,0.000275868709772201,4.13481918693872e-06,0.000874593224577285,-6.85185842400949e-05,0.00630029616036028
3525.92960041413,-9.68133151409406e-05,3.13165981269115e-05,1.29517086362547e-06,0.00027396651061194,4.07888390757462e-06,0.000868558171726551,-6.7578134373559e-05,0.00625691392176009
3550.38244549867,-9.54902169129236e-05,3.11912088877833e-05,1.27753557312871e-06,0.000272077457212984,4.02369407895811e-06,0.000862564916926017,-6.66505909023413e-05,0.00621383026163982
3575.00487469309,-9.41851213574213e-05,3.10648406155943e-05,1.26013845955694e-06,0.000270201458129377,3.96924007466317e-06,0.000856613167579083,-6.57357767506172e-05,0.0061710431279154
3599.79806408833,-9.28977856795733e-05,3.09375375151328e-05,1.24297635928499e-06,0.000268338422563283,3.91551238402634e-06,0.000850702633199494,-6.48335172707683e-05,0.00612855048254727
3624.76319793175,-9.16279703003694e-05,3.08093427297954e-05,1.2260461492549e-06,0.00026648826036015,3.86250161099785e-06,0.000844833025394901,-6.39436402101176e-05,0.00608635030144544
3649.9014686836,-9.03754388156555e-05,3.06802983640332e-05,1.20934474649594e-06,0.000264650882003928,3.810198472997e-06,0.000839004057850591,-6.30659756781237e-05,0.00604444057437528
3675.21407707406,-8.91399579556125e-05,3.05504455053457e-05,1.19286910764919e-06,0.000262826198612316,3.7585937997715e-06,0.000833215446313347,-6.22003561140188e-05,0.00600281930486372
3700.7022321605,-8.7921297544715e-05,3.04198242458327e-05,1.17661622849668e-06,0.000261014121932054,3.70767853226166e-06,0.00082746690857547,-6.13466162548938e-05,0.00596148451010631
3726.36715138533,-8.67192304621551e-05,3.02884737033101e-05,1.16058314349496e-06,0.000259214564334253,3.6574437214691e-06,0.000821758164458933,-6.05045931042155e-05,0.00592043422087464
3752.21006063407,-8.55335326027369e-05,3.01564320420013e-05,1.1447669253133e-06,0.000257427438809765,3.60788052733051e-06,0.000816088935799694,-5.96741259007783e-05,0.00587966648142459
3778.23219429398,-8.43639828382264e-05,3.0023736492809e-05,1.12916468437626e-06,0.000255652658964588,3.55898021759656e-06,0.000810458946432131,-5.88550560880763e-05,0.00583917934940498
3804.43479531291,-8.32103629791652e-05,2.98904233731791e-05,1.11377356841084e-06,0.000253890139015312,3.51073416671632e-06,0.000804867922173638,-5.80472272840986e-05,0.00579897089576698
3830.81911525882,-8.207245773713e-05,2.9756528106562e-05,1.09859076199803e-06,0.000252139793784604,3.46313385472701e-06,0.000799315590809339,-5.72504852515332e-05,0.00575903920467395
3857.3864143794,-8.09500546874466e-05,2.96220852414799e-05,1.08361348612886e-06,0.000250401538696727,3.41617086614977e-06,0.00079380168207696,-5.64646778683828e-05,0.00571938237341206
3884.13796166242,-7.98429442323426e-05,2.94871284702088e-05,1.06883899776484e-06,0.000248675289773092,3.36983688889117e-06,0.000788325927651814,-5.5689655098978e-05,0.00567999851230129
3911.07503489621,-7.87509195645448e-05,2.93516906470813e-05,1.0542645894029e-06,0.000246960963627863,3.3241237131509e-06,0.000782888061131945,-5.49252689653919e-05,0.00564088574460719
3938.19892073078,-7.76737766313071e-05,2.92158038064183e-05,1.03988758864459e-06,0.000245258477463574,3.27902323033565e-06,0.000777487818023377,-5.41713735192403e-05,0.00560204220645309
3965.51091473924,-7.66113140988747e-05,2.90794991800971e-05,1.02570535776988e-06,0.000243567749066802,3.2345274319795e-06,0.000772124935725518,-5.34278248138731e-05,0.005563466046733
3993.0123214797,-7.556333331737e-05,2.89428072147624e-05,1.01171529331506e-06,0.000241888696803868,3.19062840867061e-06,0.000766799153516678,-5.26944808769409e-05,0.00552515542702491
4020.70445455755,-7.45296382861066e-05,2.88057575886878e-05,9.97914825655238e-07,0.000240221239616569,3.14731834898489e-06,0.000761510212539724,-5.19712016833416e-05,0.00548710852150491
4048.58863668828,-7.35100356193159e-05,2.86683792282943e-05,9.84301418590942e-07,0.000238565297017951,3.10458953842608e-06,0.000756257855787853,-5.12578491285333e-05,0.00544932351686159
4076.66619976054,-7.2504334512294e-05,2.85307003243328e-05,9.7087256893921e-07,0.000236920789088114,3.06243435837312e-06,0.0007510418280905,-5.05542870022151e-05,0.00541179861221126
4104.93848489989,-7.15123467079535e-05,2.83927483477362e-05,9.57625806128811e-07,0.00023528763647005,3.02084528503417e-06,0.000745861876099361,-4.98603809623658e-05,0.00537453201901352
4133.40684253274,-7.05338864637848e-05,2.82545500651503e-05,9.44558691799815e-07,0.00023366576036552,2.979814888408e-06,0.000740717748274546,-4.91759985096401e-05,0.00533752196098758
4162.07263245095,-6.95687705192162e-05,2.81161315541459e-05,9.31668819407331e-07,0.000232055082530954,2.93933583125244e-06,0.000735609194870843,-4.85010089621124e-05,0.00530076667402889
4190.93722387671,-6.86168180633752e-05,2.79775182181219e-05,9.18953813829516e-07,0.000230455525273394,2.89940086806022e-06,0.000730535967924119,-4.78352834303695e-05,0.00526426440612661
4220.00199552799,-6.76778507032386e-05,2.78387348009034e-05,9.06411330979689e-07,0.000228867011446464,2.86000284404202e-06,0.000725497821237813,-4.71786947929403e-05,0.00522801341728135
4249.26833568435,-6.6751692432177e-05,2.76998054010417e-05,8.94039057422679e-07,0.00022728946444638,2.82113469411723e-06,0.000720494510369578,-4.65311176720661e-05,0.00519201197942367
4278.73764225332,-6.58381695988798e-05,2.7560753485822e-05,8.81834709995232e-07,0.000225722808207977,2.78278944191197e-06,0.000715525792618008,-4.58924284097981e-05,0.00515625837633293
4308.41132283705,-6.49371108766664e-05,2.74216019049843e-05,8.69796035430587e-07,0.000224166967200788,2.74496019876489e-06,0.000710591427009509,-4.52625050444255e-05,0.00512075090355687
4338.2907947997,-6.40483472331692e-05,2.72823729041629e-05,8.57920809987071e-07,0.000222621866425133,2.70764016274048e-06,0.000705691174285252,-4.46412272872242e-05,0.00508548786833153
4368.37748533501,-6.31717119003954e-05,2.71430881380518e-05,8.46206839080798e-07,0.000221087431408259,2.67082261765022e-06,0.00070082479688827,-4.4028476499525e-05,0.00505046758950186
4398.67283153455,-6.23070403451527e-05,2.70037686832986e-05,8.34651956922326e-07,0.000219563588200498,2.63450093208134e-06,0.000695992058950638,-4.34241356700941e-05,0.00501568839744273
4429.17828045629,-6.14541702398457e-05,2.68644350511348e-05,8.23254026157386e-07,0.000218050263371459,2.59866855843351e-06,0.000691192726280786,-4.28280893928258e-05,0.00498114863398058
4459.89528919383,-6.06129414336281e-05,2.67251071997466e-05,8.12010937511497e-07,0.000216547384006253,2.56331903196324e-06,0.000686426566350902,-4.2240223844737e-05,0.00494684665231547
4490.82532494586,-5.97831959239173e-05,2.65858045463913e-05,8.00920609438591e-07,0.000215054877701743,2.52844596983632e-06,0.000681693348284456,-4.1660426764267e-05,0.00491278081694377
4521.96986508636,-5.8964777828259e-05,2.64465459792645e-05,7.89980987773471e-07,0.000213572672562829,2.49404307018793e-06,0.000676992842843818,-4.10885874298704e-05,0.00487894950358119
4553.33039723509,-5.81575333565442e-05,2.63073498691238e-05,7.79190045388235e-07,0.000212100697198758,2.460104111191e-06,0.000672324822417998,-4.05245966389067e-05,0.00484535109908659
4584.90841932869,-5.73613107835694e-05,2.61682340806721e-05,7.68545781852461e-07,0.000210638880719469,2.42662295013216e-06,0.000667689061010468,-3.99683466868158e-05,0.00481198400138597
4616.7054396922,-5.6575960421942e-05,2.60292159837074e-05,7.58046223097286e-07,0.000209187152731956,2.39359352249604e-06,0.000663085334227111,-3.9419731346581e-05,0.00477884661939725
4648.72297711114,-5.58013345953205e-05,2.58903124640419e-05,7.47689421083213e-07,0.000207745443336675,2.36100984105725e-06,0.000658513419264247,-3.88786458484715e-05,0.00474593737295536
4680.96256090399,-5.50372876119934e-05,2.57515399341964e-05,7.37473453471738e-07,0.000206313683123964,2.32886599498058e-06,0.000653973094896785,-3.83449868600638e-05,0.00471325469273796
4713.42573099534,-5.42836757387845e-05,2.56129143438736e-05,7.27396423300654e-07,0.000204891803170502,2.2971561489291e-06,0.000649464141466451,-3.78186524665349e-05,0.00468079702019149
4746.11403798933,-5.35403571752895e-05,2.54744511902151e-05,7.17456458663088e-07,0.000203479735035792,2.26587454218035e-06,0.000644986340870137,-3.72995421512274e-05,0.00464856280745797
4779.02904324382,-5.28071920284326e-05,2.53361655278461e-05,7.07651712390186e-07,0.000202077410758669,2.23501548775046e-06,0.000640539476548325,-3.67875567764783e-05,0.00461655051730195
4812.17231894485,-5.20840422873466e-05,2.51980719787129e-05,6.97980361737463e-07,0.000200684762853842,2.20457337152648e-06,0.000636123333473633,-3.62825985647134e-05,0.00458475862303831
4845.54544818188,-5.13707717985651e-05,2.50601847417161e-05,6.88440608074724e-07,0.000199301724308452,2.17454265140648e-06,0.000631737698139427,-3.57845710797972e-05,0.0045531856084602
4879.1500250233,-5.06672462415309e-05,2.49225176021441e-05,6.79030676579587e-07,0.00019792822857867,2.14491785644786e-06,0.000627382358548556,-3.52933792086409e-05,0.00452182996776773
4912.98765459257,-4.99733331044126e-05,2.47850839409122e-05,6.69748815934561e-07,0.000196564209586316,2.11569358602363e-06,0.000623057104202168,-3.48089291430614e-05,0.00449069020549699
4947.05995314498,-4.92889016602251e-05,2.46478967436081e-05,6.60593298027596e-07,0.000195209601715496,2.08686450898659e-06,0.000618761726088607,-3.43311283618879e-05,0.00445976483644957
4981.36854814472,-4.86138229432552e-05,2.45109686093515e-05,6.51562417656171e-07,0.000193864339809282,2.05842536284164e-06,0.000614496016672434,-3.38598856133153e-05,0.00442905238562259
5015.91507834275,-4.79479697257831e-05,2.43743117594685e-05,6.42654492234791e-07,0.000192528359166399,2.03037095292589e-06,0.000610259769883496,-3.33951108974973e-05,0.00439855138813913
5050.70119385496,-4.72912164951014e-05,2.4237938045986e-05,6.3386786150593e-07,0.000191201595537958,2.00269615159689e-06,0.000606052781106129,-3.29367154493801e-05,0.00436826038917921
5085.72855624109,-4.66434394308236e-05,2.41018589599488e-05,6.25200887254352e-07,0.000189883985124192,1.97539589742864e-06,0.000601874847168412,-3.24846117217692e-05,0.00433817794391112
5120.998838584,-4.60045163824843e-05,2.3966085639565e-05,6.16651953024812e-07,0.000188575464571239,1.94846519441562e-06,0.000597725766331539,-3.20387133686297e-05,0.00430830261742337
5156.51372556965,-4.53743268474207e-05,2.38306288781796e-05,6.08219463843047e-07,0.000187275970967931,1.92189911118457e-06,0.000593605338279253,-3.15989352286142e-05,0.00427863298465688
5192.27491356752,-4.47527519489395e-05,2.3695499132084e-05,5.99901845940115e-07,0.000185985441842623,1.89569278021433e-06,0.000589513364107393,-3.11651933088175e-05,0.00424916763033789
5228.28411071172,-4.41396744147594e-05,2.35607065281606e-05,5.91697546479949e-07,0.000184703815160035,1.86984139706322e-06,0.000585449646313495,-3.07374047687527e-05,0.00421990514891102
5264.54303698245,-4.35349785557314e-05,2.34262608713693e-05,5.83605033290192e-07,0.000183431029318125,1.84434021960449e-06,0.000581413988786512,-3.03154879045477e-05,0.00419084414447305
5301.0534242883,-4.29385502448289e-05,2.32921716520762e-05,5.75622794596201e-07,0.000182167023144984,1.81918456726938e-06,0.000577406196796587,-2.98993621333576e-05,0.00416198323070694
5337.81701654885,-4.23502768964088e-05,2.31584480532308e-05,5.67749338758255e-07,0.000180911735895756,1.79436982029795e-06,0.000573426076984933,-2.94889479779914e-05,0.00413332103081648
5374.83556977805,-4.1770047445736e-05,2.30250989573908e-05,5.59983194011878e-07,0.000179665107249577,1.76989141899759e-06,0.000569473437353774,-2.90841670517481e-05,0.00410485617746116
5412.11085216805,-4.1197752328773e-05,2.28921329536018e-05,5.52322908211296e-07,0.000178427077306544,1.74574486300921e-06,0.00056554808725639,-2.86849420434623e-05,0.00407658731269168
5449.64464417369,-4.06332834622265e-05,2.27595583441313e-05,5.44767048575963e-07,0.000177197586584701,1.72192571058106e-06,0.000561649837387219,-2.82911967027526e-05,0.00404851308788577
5487.43873859751,-4.00765342238526e-05,2.26273831510627e-05,5.37314201440154e-07,0.000175976576017057,1.69842957785012e-06,0.00055777849977206,-2.79028558254746e-05,0.00402063216368449
5525.49494067543,-3.95273994330129e-05,2.24956151227495e-05,5.2996297200555e-07,0.000174763986948612,1.67525213813101e-06,0.00055393388775834,-2.75198452393703e-05,0.00399294320992893
5563.81506816292,-3.89857753314842e-05,2.23642617401356e-05,5.22711984096856e-07,0.000173559761133422,1.65238912121246e-06,0.000550115816005467,-2.71420917899172e-05,0.00396544490559737
5602.40095142188,-3.84515595645112e-05,2.22333302229408e-05,5.15559879920334e-07,0.000172363840731675,1.62983631266118e-06,0.000546324100475254,-2.67695233263687e-05,0.00393813593874281
5641.254433508,-3.79246511621083e-05,2.21028275357182e-05,5.08505319825303e-07,0.000171176168306794,1.60758955313318e-06,0.000542558558422432,-2.64020686879879e-05,0.00391101500643105
5680.37737025889,-3.74049505205985e-05,2.19727603937821e-05,5.01546982068517e-07,0.000169996686822559,1.58564473769247e-06,0.00053881900838522,-2.60396576904679e-05,0.00388408081467892
5719.77163038263,-3.68923593843946e-05,2.18431352690126e-05,4.94683562581433e-07,0.000168825339640258,1.56399781513708e-06,0.000535105270175991,-2.56822211125407e-05,0.00385733207839329
5759.43909554709,-3.63867808280124e-05,2.17139583955367e-05,4.87913774740294e-07,0.000167662070515846,1.54264478733232e-06,0.000531417164871995,-2.5329690682767e-05,0.00383076752131012
5799.38166046975,-3.58881192383201e-05,2.15852357752902e-05,4.81236349139057e-07,0.000166506823597142,1.52158170855134e-06,0.000527754514806169,-2.49819990665095e-05,0.00380438587593425
5839.60123300829,-3.53962802970152e-05,2.14569731834612e-05,4.74650033365071e-07,0.000165359543421035,1.50080468482284e-06,0.000524117143558007,-2.46390798530823e-05,0.00377818588347931
5880.09973425162,-3.49111709633302e-05,2.132917617382e-05,4.68153591777534e-07,0.000164220174910714,1.48030987328595e-06,0.00052050487594452,-2.43008675430789e-05,0.00375216629380829
5920.87909861173,-3.44326994569612e-05,2.12018500839347e-05,4.61745805288658e-07,0.000163088663372922,1.46009348155212e-06,0.000516917538011245,-2.39672975358716e-05,0.00372632586537425
5961.94127391598,-3.39607752412204e-05,2.10750000402773e-05,4.55425471147538e-07,0.000161964954495229,1.44015176707418e-06,0.000513354957023351,-2.36383061172843e-05,0.00370066336516172
6003.28822150028,-3.34953090064047e-05,2.09486309632213e-05,4.4919140272668e-07,0.000160848994343324,1.42048103652223e-06,0.000509816961456789,-2.33138304474322e-05,0.00367517756862821
6044.92191630263,-3.30362126533838e-05,2.08227475719331e-05,4.43042429311184e-07,0.000159740729358327,1.40107764516663e-06,0.000506303380989534,-2.29938085487298e-05,0.00364986725964635
6086.84434695757,-3.2583399277399e-05,2.06973543891601e-05,4.36977395890508e-07,0.000158640106354126,1.38193799626775e-06,0.000502814046492879,-2.26781792940627e-05,0.00362473123044622
6129.05751589107,-3.2136783152076e-05,2.05724557459165e-05,4.30995162952849e-07,0.000157547072514729,1.36305854047263e-06,0.000499348790022813,-2.23668823951213e-05,0.00359976828155828
6171.56343941625,-3.16962797136428e-05,2.04480557860698e-05,4.25094606282042e-07,0.000156461575391636,1.3444357752184e-06,0.000495907444811448,-2.20598583908945e-05,0.00357497722175645
6214.36414782964,-3.12618055453572e-05,2.03241584708298e-05,4.19274616757018e-07,0.000155383562901234,1.32606624414241e-06,0.000492489845258537,-2.1757048636322e-05,0.00355035686800181
6257.46168550822,-3.08332783621343e-05,2.02007675831412e-05,4.13534100153734e-07,0.00015431298332221,1.30794653649907e-06,0.000489095826923031,-2.14583952911e-05,0.00352590604538647
6300.85811100697,-3.04106169953777e-05,2.00778867319836e-05,4.07871976949592e-07,0.000153249785292981,1.2900732865833e-06,0.000485725226514727,-2.11638413086432e-05,0.003501623587078
6344.55549715731,-2.99937413780066e-05,1.99555193565793e-05,4.02287182130289e-07,0.000152193917809145,1.27244317316053e-06,0.000482377881885964,-2.08733304251958e-05,0.00347750833426409
6388.55593116599,-2.95825725296807e-05,1.98336687305108e-05,3.96778664999093e-07,0.000151145330220955,1.2550529189033e-06,0.000479053632023395,-2.0586807149093e-05,0.00345355913609769
6432.86151471492,-2.91770325422174e-05,1.97123379657509e-05,3.91345388988502e-07,0.000150103972230801,1.23789928983414e-06,0.000475752317039811,-2.0304216750169e-05,0.00342977484964243
6477.47436406142,-2.87770445652013e-05,1.95915300166064e-05,3.85986331474276e-07,0.000149069793890726,1.22097909477513e-06,0.000472473778166043,-2.00255052493109e-05,0.00340615433981851
6522.39661013943,-2.83825327917805e-05,1.94712476835768e-05,3.80700483591785e-07,0.000148042745599945,1.20428918480351e-06,0.000469217857742913,-1.97506194081551e-05,0.00338269647934887
6567.63039866118,-2.79934224446515e-05,1.93514936171315e-05,3.75486850054701e-07,0.000147022778102392,1.18782645271385e-06,0.000465984399213259,-1.9479506718926e-05,0.00335940014870576
6613.17789021977,-2.76096397622262e-05,1.92322703214042e-05,3.70344448975935e-07,0.000146009842484283,1.17158783248629e-06,0.000462773247114011,-1.92121153944123e-05,0.00333626423605765
6659.0412603923,-2.72311119849824e-05,1.911358015781e-05,3.65272311690867e-07,0.000145003890171698,1.15557029876108e-06,0.00045958424706834,-1.89483943580828e-05,0.00331328763721659
6705.22269984387,-2.68577673419914e-05,1.89954253485826e-05,3.60269482582784e-07,0.000144004872928177,1.13977086631912e-06,0.000456417245777855,-1.86882932343358e-05,0.00329046925558576
6751.7244144321,-2.6489535037626e-05,1.88778079802371e-05,3.55335018910548e-07,0.000143012742852339,1.12418658956877e-06,0.00045327209101487,-1.84317623388836e-05,0.00326780800210753
6798.54862531261,-2.61263452384401e-05,1.87607300069576e-05,3.50467990638422e-07,0.000142027452375513,1.10881456203851e-06,0.000450148631614725,-1.81787526692683e-05,0.0032453027952118
6845.69756904508,-2.57681290602235e-05,1.86441932539109e-05,3.45667480268071e-07,0.000141048954259392,1.09365191587563e-06,0.000447046717468169,-1.7929215895507e-05,0.00322295256076469
6893.17349769999,-2.54148185552267e-05,1.85281994204905e-05,3.40932582672697e-07,0.000140077201593701,1.0786958213509e-06,0.000443966199513802,-1.76831043508668e-05,0.00320075623201762
6940.97867896634,-2.50663466995531e-05,1.84127500834885e-05,3.3626240493326e-07,0.000139112147793885,1.06394348636898e-06,0.000440906929730567,-1.74403710227647e-05,0.00317871274955663
6989.11539625983,-2.47226473807194e-05,1.82978467002006e-05,3.31656066176817e-07,0.000138153746598808,1.04939215598471e-06,0.000437868761130314,-1.72009695437934e-05,0.00315682106125224
7037.58594883204,-2.43836553853782e-05,1.81834906114623e-05,3.27112697416883e-07,0.000137201952068476,1.03503911192514e-06,0.000434851547750406,-1.69648541828692e-05,0.0031350801222094
7086.39265188015,-2.40493063872048e-05,1.80696830446211e-05,3.22631441395859e-07,0.000136256718581773,1.02088167211725e-06,0.000431855144646391,-1.67319798365023e-05,0.00311348889471802
7135.53783665763,-2.3719536934942e-05,1.79564251164423e-05,3.18211452429452e-07,0.000135318000834215,1.00691719022127e-06,0.000428879407884728,-1.6502302020186e-05,0.00309204634820362
7185.02385058548,-2.33942844406051e-05,1.7843717835953e-05,3.13851896253098e-07,0.000134385753835719,9.93143055169649e-07,0.000425924194535564,-1.62757768599046e-05,0.00307075145917852
7234.85305736446,-2.3073487167841e-05,1.77315621072237e-05,3.09551949870327e-07,0.000133459932908389,9.79556690711521e-07,0.000422989362665572,-1.60523610837568e-05,0.00304960321119318
7285.02783708791,-2.27570842204428e-05,1.76199587320894e-05,3.05310801403104e-07,0.000132540493684321,9.66155554962649e-07,0.000420074771330841,-1.58320120136953e-05,0.00302860059478801
7335.55058635552,-2.24450155310157e-05,1.75089084128118e-05,3.01127649944053e-07,0.000131627392103417,9.52937139960774e-07,0.000417180280569816,-1.56146875573786e-05,0.00300774260744538
7386.42371838768,-2.21372218497939e-05,1.73984117546825e-05,2.97001705410605e-07,0.000130720584411224,9.39898971226375e-07,0.000414305751396302,-1.54003462001349e-05,0.00298702825354212
7437.64966314091,-2.18336447336045e-05,1.72884692685702e-05,2.92932188401004e-07,0.000129820027156781,9.27038607328693e-07,0.000411451045792507,-1.51889469970362e-05,0.00296645654430214
7489.23086742376,-2.1534226534979e-05,1.7179081373412e-05,2.8891833005217e-07,0.000128925677190489,9.14353639457066e-07,0.00040861602670215,-1.49804495650813e-05,0.00294602649774956
7541.16979501382,-2.12389103914086e-05,1.70702483986497e-05,2.84959371899395e-07,0.000128037491661988,9.01841690997416e-07,0.000405800558023613,-1.47748140754856e-05,0.00292573713866205
7593.46892677528,-2.09476402147428e-05,1.69619705866132e-05,2.81054565737838e-07,0.000127155428018059,8.89500417113944e-07,0.000403004504603149,-1.45720012460769e-05,0.00290558749852451
7646.13076077758,-2.06603606807275e-05,1.68542480948511e-05,2.77203173485812e-07,0.00012627944400053,8.77327504335883e-07,0.00040022773222814,-1.43719723337955e-05,0.00288557661548306
7699.15781241454,-2.03770172186841e-05,1.67470809984108e-05,2.7340446704984e-07,0.000125409497644211,8.65320670149331e-07,0.000397470107620406,-1.41746891272969e-05,0.00286570353429937
7752.55261452471,-2.00975560013239e-05,1.66404692920677e-05,2.6965772819144e-07,0.000124545547274833,8.53477662594049e-07,0.00039473149842956,-1.39801139396564e-05,0.00284596730630529
7806.31771751215,-1.98219239346992e-05,1.65344128925055e-05,2.65962248395652e-07,0.000123687551507004,8.4179625986524e-07,0.000392011773226426,-1.37882096011733e-05,0.00282636698935776
7860.45568946846,-1.95500686482875e-05,1.64289116404485e-05,2.62317328741246e-07,0.000122835469242186,8.3027426992018e-07,0.000389310801496484,-1.35989394522739e-05,0.00280690164779405
7914.96911629522,-1.92819384852086e-05,1.63239653027468e-05,2.58722279772635e-07,0.000121989259666678,8.18909530089731e-07,0.000386628453633391,-1.34122673365121e-05,0.00278757035238734
7969.86060182773,-1.90174824925702e-05,1.62195735744154e-05,2.55176421373421e-07,0.000121148882249622,8.07699906694593e-07,0.000383964600932528,-1.3228157593666e-05,0.00276837218030251
8025.13276795918,-1.87566504119447e-05,1.61157360806279e-05,2.51679082641608e-07,0.000120314296741015,7.96643294666354e-07,0.000381319115584609,-1.30465750529283e-05,0.00274930621505232
8080.78825476607,-1.84993926699701e-05,1.60124523786659e-05,2.4822960176642e-07,0.000119485463169744,7.8573761717317e-07,0.000378691870669328,-1.28674850261916e-05,0.00273037154645385
8136.82972063413,-1.82456603690791e-05,1.5909721959826e-05,2.44827325906721e-07,0.000118662341841629,7.74980825250123e-07,0.000376082740149066,-1.26908533014245e-05,0.00271156727058524
8193.25984238548,-1.79954052783492e-05,1.58075442512831e-05,2.41471611071026e-07,0.000117844893337481,7.64370897434139e-07,0.000373491598862628,-1.25166461361391e-05,0.00269289248974273
8250.08131540631,-1.77485798244773e-05,1.57059186179129e-05,2.38161821999062e-07,0.000117033078511179,7.53905839403472e-07,0.000370918322519048,-1.23448302509484e-05,0.00267434631239798
8307.29685377578,-1.75051370828726e-05,1.56048443640739e-05,2.34897332044879e-07,0.000116226858487753,7.43583683621633e-07,0.000368362787691416,-1.21753728232111e-05,0.00265592785315569
8364.90919039556,-1.72650307688708e-05,1.55043207353492e-05,2.31677523061491e-07,0.000115426194661488,7.33402488985814e-07,0.000365824871810772,-1.20082414807647e-05,0.00263763623271152
8422.92107712043,-1.70282152290634e-05,1.54043469202494e-05,2.28501785286999e-07,0.000114631048694037,7.23360340479635e-07,0.000363304453160031,-1.18434042957439e-05,0.00261947057781027
8481.33528488963,-1.67946454327446e-05,1.53049220518776e-05,2.25369517232236e-07,0.000113841382512552,7.13455348830306e-07,0.000360801410867964,-1.16808297784838e-05,0.00260143002120437
8540.15460385936,-1.65642769634717e-05,1.52060452095566e-05,2.22280125569844e-07,0.000113057158307822,7.03685650170011e-07,0.000358315624903212,-1.1520486871507e-05,0.00258351370161263
8599.38184353586,-1.63370660107389e-05,1.51077154204203e-05,2.19233025024834e-07,0.000112278338532431,6.94049405701599e-07,0.000355846976068358,-1.13623449435931e-05,0.00256572076367931
8659.01983290984,-1.61129693617619e-05,1.50099316609679e-05,2.16227638266549e-07,0.000111504885898927,6.84544801368421e-07,0.000353395345994028,-1.12063737839291e-05,0.00254805035793343
8719.07142059136,-1.58919443933735e-05,1.49126928585849e-05,2.13263395802066e-07,0.000110736763378002,6.75170047528364e-07,0.000350960617133049,-1.10525435963413e-05,0.00253050164074835
8779.53947494611,-1.56739490640261e-05,1.4815997893028e-05,2.10339735870975e-07,0.000109973934196687,6.65923378631953e-07,0.000348542672754643,-1.09008249936043e-05,0.00251307377430167
8840.42688423224,-1.54589419059036e-05,1.47198455978776e-05,2.07456104341557e-07,0.00010921636183656,6.56803052904534e-07,0.000346141396938662,-1.07511889918301e-05,0.00249576592653539
8901.73655673848,-1.52468820171365e-05,1.4624234761957e-05,2.04611954608307e-07,0.000108464010031969,6.4780735203246e-07,0.000343756674569874,-1.06036070049329e-05,0.0024785772711163
8963.47142092288,-1.50377290541235e-05,1.45291641307191e-05,2.01806747490815e-07,0.000107716842768262,6.38934580853248e-07,0.000341388391332282,-1.04580508391705e-05,0.0024615069873967
9025.63442555289,-1.48314432239547e-05,1.4434632407602e-05,1.99039951133962e-07,0.000106974824280035,6.30183067049644e-07,0.00033903643370349,-1.03144926877598e-05,0.00244455426037533
9088.228539846,-1.46279852769373e-05,1.43406382553535e-05,1.96311040909452e-07,0.000106237919049392,6.21551160847598e-07,0.00033670068894911,-1.01729051255675e-05,0.00242771828065864
9151.25675361174,-1.44273164992208e-05,1.42471802973257e-05,1.93619499318605e-07,0.000105506091804213,6.13037234718022e-07,0.000334381045117208,-1.00332611038716e-05,0.00241099824442224
9214.72207739435,-1.42293987055217e-05,1.41542571187393e-05,1.90964815896465e-07,0.000104779307516442,6.04639683082388e-07,0.000332077391032794,-9.89553394519738e-06,0.00239439335337268
9278.6275426167,-1.40341942319461e-05,1.40618672679197e-05,1.88346487117144e-07,0.000104057531400377,5.96356922022022e-07,0.000329789616292348,-9.75969733822151e-06,0.00237790281470945
9342.97620172496,-1.38416659289081e-05,1.39700092575046e-05,1.8576401630043e-07,0.000103340728910985,5.8818738899115e-07,0.000327517611258392,-9.62572533274829e-06,0.00236152584108728
9407.77112833456,-1.36517771541436e-05,1.38786815656234e-05,1.83216913519617e-07,0.000102628865742217,5.80129542533547e-07,0.000325261267054094,-9.49359233475332e-06,0.00234526165057863
9473.0154173768,-1.34644917658183e-05,1.37878826370496e-05,1.80704695510559e-07,0.000101921907825345,5.72181862002853e-07,0.000323020475557924,-9.36327310149611e-06,0.00232910946663651
9538.71218524687,-1.32797741157281e-05,1.36976108843273e-05,1.78226885581915e-07,0.000101219821327301,5.64342847286421e-07,0.00032079512939833,-9.23474273669907e-06,0.00231306851805753
9604.86456995261,-1.30975890425902e-05,1.36078646888705e-05,1.75783013526587e-07,0.000100522572649036,5.56611018532723e-07,0.000318585121948474,-9.10797668579304e-06,0.00229713803894514
9671.47573126437,-1.29179018654265e-05,1.35186424020381e-05,1.73372615534331e-07,9.98301284238889e-05,5.48984915882244e-07,0.000316390347320992,-8.98295073122808e-06,0.00228131726867327
9738.54885086602,-1.27406783770333e-05,1.34299423461826e-05,1.70995234105514e-07,9.91424555159636e-05,5.414630992018e-07,0.000314210700362797,-8.85964098784813e-06,0.00226560545185003
9806.08713250685,-1.25658848375414e-05,1.33417628156761e-05,1.68650417966019e-07,9.84595210185219e-05,5.34044147822304e-07,0.000312046076649921,-8.73802389832979e-06,0.00225000183828181
9874.09380215466,-1.2393487968061e-05,1.32541020779107e-05,1.66337721983273e-07,9.77812922523842e-05,5.26726660279861e-07,0.000309896372482391,-8.61807622868303e-06,0.00223450568293755
9942.57210814976,-1.22234549444136e-05,1.31669583742768e-05,1.64056707083395e-07,9.71077367643457e-05,5.19509254060225e-07,0.000307761484879151,-8.49977506381418e-06,0.00221911624591326
10011.5253213603,-1.20557533909472e-05,1.30803299211176e-05,1.61806940169427e-07,9.64388223255991e-05,5.12390565346512e-07,0.000305641311573003,-8.38309780314933e-06,0.00220383279239682
10080.9567353381,-1.18903513744358e-05,1.29942149106619e-05,1.59587994040666e-07,9.57745169301735e-05,5.05369248770195e-07,0.00030353575100561,-8.2680221563182e-06,0.00218865459263299
10150.8696664767,-1.172721739806e-05,1.29086115119344e-05,1.57399447313054e-07,9.51147887933801e-05,4.9844397716528e-07,0.000301444702322511,-8.1545261388968e-06,0.00217358092188863
10221.267454169,-1.15663203954704e-05,1.2823517871645e-05,1.55240884340631e-07,9.44596063502722e-05,4.91613441325678e-07,0.00029936806536819,-8.04258806820894e-06,0.00215861106041826
10292.1534609671,-1.14076297249289e-05,1.27389321150566e-05,1.53111895138025e-07,9.38089382541136e-05,4.84876349765691e-07,0.000297305740681167,-7.93218655918491e-06,0.0021437442934297
10363.5310727429,-1.12511151635311e-05,1.26548523468331e-05,1.51012075303981e-07,9.31627533748605e-05,4.78231428483616e-07,0.000295257629489141,-7.82330052027739e-06,0.00212897991105014
10435.4036988501,-1.10967469015053e-05,1.2571276651866e-05,1.48941025945894e-07,9.25210207976512e-05,4.71677420728381e-07,0.000293223633704148,-7.71590914943301e-06,0.00211431720829222
10507.7747722864,-1.09444955365888e-05,1.24882030960832e-05,1.4689835360536e-07,9.18837098213099e-05,4.65213086769234e-07,0.000291203655917774,-7.60999193011953e-06,0.00209975548502055
10580.647749858,-1.07943320684804e-05,1.24056297272363e-05,1.44883670184699e-07,9.12507899568574e-05,4.58837203668388e-07,0.000289197599396385,-7.50552862740725e-06,0.0020852940459183
10654.0261123446,-1.06462278933673e-05,1.23235545756709e-05,1.4289659287448e-07,9.06222309260365e-05,4.52548565056642e-07,0.000287205368076407,-7.40249928410439e-06,0.00207093220045415
10727.9133646656,-1.05001547985262e-05,1.22419756550775e-05,1.40936744081983e-07,8.99980026598436e-05,4.46345980911886e-07,0.000285226866559628,-7.30088421694532e-06,0.00205666926284933
10802.3130360475,-1.03560849569977e-05,1.21608909632245e-05,1.39003751360642e-07,8.93780752970746e-05,4.40228277340523e-07,0.000283262000108543,-7.2006640128313e-06,0.00204250455204502
10877.2286801926,-1.02139909223314e-05,1.20802984826737e-05,1.37097247340401e-07,8.8762419182878e-05,4.34194296361689e-07,0.000281310674641724,-7.10181952512249e-06,0.00202843739166987
10952.6638754485,-1.00738456234035e-05,1.20001961814781e-05,1.35216869659026e-07,8.81510048673206e-05,4.28242895694323e-07,0.000279372796729233,-7.00433186998128e-06,0.00201446711000778
11028.6222249794,-9.93562235930343e-06,1.19205820138635e-05,1.33362260894305e-07,8.75438031039616e-05,4.22372948546976e-07,0.000277448273588058,-6.90818242276527e-06,0.00200059303996594
11105.1073569377,-9.79929479429037e-06,1.18414539208925e-05,1.31533068497181e-07,8.69407848484383e-05,4.16583343410393e-07,0.000275537013077593,-6.81335281447025e-06,0.001986814519043
11182.1229246378,-9.66483695281696e-06,1.17628098311135e-05,1.29728944725751e-07,8.63419212570601e-05,4.10872983852764e-07,0.000273638923695137,-6.71982492822155e-06,0.00197313088929757
11259.6726067303,-9.53222321462136e-06,1.16846476611929e-05,1.27949546580166e-07,8.57471836854147e-05,4.05240788317686e-07,0.000271753914571441,-6.62758089581391e-06,0.00195954149731681
11337.7601073777,-9.40142830988496e-06,1.16069653165318e-05,1.26194535738391e-07,8.51565436869817e-05,3.99685689924732e-07,0.000269881895466272,-6.53660309429846e-06,0.00194604569418534
11416.3891564316,-9.27242731445614e-06,1.15297606918685e-05,1.24463578492826e-07,8.45699730117583e-05,3.94206636272655e-07,0.00026802277676402,-6.44687414261692e-06,0.00193264283545433
11495.5635096105,-9.14519564513814e-06,1.14530316718649e-05,1.22756345687776e-07,8.39874436048925e-05,3.88802589245144e-07,0.000266176469469333,-6.3583768982816e-06,0.00191933228111075
11575.2869486794,-9.01970905504123e-06,1.13767761316792e-05,1.21072512657751e-07,8.34089276053281e-05,3.83472524819139e-07,0.000264342885202779,-6.27109445410131e-06,0.00190611339554692
11655.5632816306,-8.89594362899734e-06,1.1300991937524e-05,1.194117591666e-07,8.28343973444575e-05,3.78215432875649e-07,0.000262521936196546,-6.18501013495184e-06,0.00189298554753021
11736.3963428651,-8.7738757790372e-06,1.12256769472106e-05,1.17773769347455e-07,8.22638253447856e-05,3.73030317013055e-07,0.000260713535290171,-6.10010749459115e-06,0.00187994811017295
11817.7899933763,-8.6534822399283e-06,1.11508290106798e-05,1.16158231643477e-07,8.16971843186013e-05,3.67916194362857e-07,0.000258917595926293,-6.01637031251785e-06,0.00186700046090257
11899.7481209338,-8.53474006477381e-06,1.10764459705192e-05,1.14564838749402e-07,8.11344471666606e-05,3.62872095407853e-07,0.000257134032146451,-5.93378259087318e-06,0.00185414198143192
11982.2746402699,-8.41762662067051e-06,1.10025256624672e-05,1.12993287553863e-07,8.05755869768765e-05,3.57897063802683e-07,0.000255362758586892,-5.85232855138512e-06,0.00184137205772982
12065.3734932659,-8.30211958442619e-06,1.09290659159051e-05,1.1144327908249e-07,8.00205770230207e-05,3.5299015619676e-07,0.000253603690474431,-5.77199263235481e-06,0.0018286900799918
12149.0486491407,-8.18819693833453e-06,1.0856064554336e-05,1.09914518441771e-07,7.9469390763432e-05,3.48150442059506e-07,0.000251856743622318,-5.69275948568396e-06,0.001816095442611
12233.3041046402,-8.07583696600776e-06,1.07835193958517e-05,1.08406714763668e-07,7.89220018397363e-05,3.4337700350791e-07,0.000250121834426161,-5.61461397394342e-06,0.00180358754414937
12318.1438842285,-7.96501824826534e-06,1.07114282535875e-05,1.06919581150969e-07,7.83783840755728e-05,3.3866893513633e-07,0.000248398879859846,-5.53754116748156e-06,0.00179116578730893
12403.5720402798,-7.85571965907886e-06,1.06397889361659e-05,1.05452834623386e-07,7.78385114753324e-05,3.34025343848571e-07,0.000246687797471522,-5.4615263415728e-06,0.00177882957890337
12489.5926532723,-7.74792036157146e-06,1.05685992481283e-05,1.04006196064362e-07,7.73023582229016e-05,3.29445348692148e-07,0.000244988505379579,-5.38655497360476e-06,0.00176657832982973
12576.2098319827,-7.64159980407202e-06,1.04978569903555e-05,1.02579390168606e-07,7.67698986804184e-05,3.24928080694753e-07,0.000243300922268686,-5.31261274030454e-06,0.00175441145504036
12663.427713683,-7.53673771622237e-06,1.04275599604777e-05,1.0117214539032e-07,7.62411073870345e-05,3.20472682702869e-07,0.000241624967385832,-5.23968551500254e-06,0.00174232837351498
12751.2504643373,-7.43331410513783e-06,1.03577059532739e-05,9.97841938921346e-08,7.57159590576877e-05,3.16078309222534e-07,0.000239960560536417,-5.16775936493431e-06,0.00173032850823303
12839.6822788018,-7.33130925161937e-06,1.028829276106e-05,9.84152714947187e-08,7.51944285818822e-05,3.11744126262183e-07,0.000238307622080351,-5.096820548579e-06,0.00171841128614614
12928.7273810244,-7.23070370641763e-06,1.02193181740675e-05,9.70651176270763e-08,7.4676491022478e-05,3.07469311177592e-07,0.000236666072928196,-5.02685551303469e-06,0.00170657613815082
13018.3900242466,-7.13147828654727e-06,1.01507799808119e-05,9.57334752775048e-08,7.41621216144879e-05,3.03253052518861e-07,0.000235035834537329,-4.95785089142946e-06,0.00169482249906134
13108.6744912069,-7.03361407165174e-06,1.00826759684515e-05,9.4420090945219e-08,7.36512957638848e-05,2.99094549879428e-07,0.000233416828908131,-4.88979350036821e-06,0.00168314980758275
13199.5850943454,-6.93709240041701e-06,1.00150039231363e-05,9.31247145926213e-08,7.31439890464147e-05,2.94993013747074e-07,0.000231808978580204,-4.82267033741429e-06,0.00167155750628418
13291.1261760091,-6.84189486703442e-06,9.94776163034771e-06,9.1847099598217e-08,7.26401772064207e-05,2.90947665356917e-07,0.000230212206628622,-4.75646857860597e-06,0.00166004504157219
13383.3021086605,-6.7480033177112e-06,9.88094687522939e-06,9.05870027101621e-08,7.21398361556735e-05,2.86957736546339e-07,0.000228626436660196,-4.69117557600668e-06,0.00164861186366444
13476.1172950852,-6.6553998472287e-06,9.81455744290858e-06,8.93441840004381e-08,7.16429419722104e-05,2.83022469611845e-07,0.000227051592809776,-4.6267788552891e-06,0.00163725742656344
13569.576168603,-6.56406679554728e-06,9.74859111880924e-06,8.81184068196446e-08,7.11494708991841e-05,2.79141117167832e-07,0.000225487599736575,-4.56326611335238e-06,0.00162598118803054
13663.6831932795,-6.47398674445718e-06,9.68304568895622e-06,8.69094377523972e-08,7.06593993437162e-05,2.75312942007207e-07,0.000223934382620518,-4.50062521597186e-06,0.00161478260956006
13758.4428641392,-6.38514251427526e-06,9.6179189402714e-06,8.57170465733322e-08,7.01727038757627e-05,2.71537216963886e-07,0.00022239186715862,-4.43884419548138e-06,0.00160366115635362
13853.8597073802,-6.29751716058621e-06,9.55320866086131e-06,8.4541006203699e-08,6.96893612269839e-05,2.67813224777094e-07,0.000220859979561389,-4.37791124848699e-06,0.00159261629729462
13949.9382805904,-6.21109397102852e-06,9.48891264029712e-06,8.33810926685433e-08,6.92093482896255e-05,2.64140257957495e-07,0.000219338646549253,-4.31781473361248e-06,0.00158164750492297
14046.6831729655,-6.12585646212372e-06,9.42502866988644e-06,8.2237085054462e-08,6.87326421154042e-05,2.60517618655076e-07,0.000217827795349009,-4.2585431692754e-06,0.00157075425540984
14144.0990055278,-6.04178837614915e-06,9.36155454293783e-06,8.11087654679342e-08,6.82592199144041e-05,2.56944618528815e-07,0.000216327353690311,-4.20008523149403e-06,0.00155993602853281
14242.190431347,-5.95887367805283e-06,9.29848805501751e-06,7.99959189942081e-08,6.77890590539789e-05,2.53420578618062e-07,0.000214837249802162,-4.14242975172405e-06,0.00154919230765093
14340.9621357626,-5.87709655241078e-06,9.23582700419905e-06,7.88983336567498e-08,6.73221370576627e-05,2.49944829215652e-07,0.00021335741240945,-4.08556571472525e-06,0.00153852257968019
14440.4188366077,-5.79644140042522e-06,9.17356919130565e-06,7.78158003772327e-08,6.68584316040877e-05,2.46516709742692e-07,0.000211887770729498,-4.02948225645722e-06,0.00152792633506896
14540.5652844341,-5.7168928369641e-06,9.11171242014571e-06,7.67481129360733e-08,6.63979205259112e-05,2.43135568625032e-07,0.000210428254468639,-3.97416866200417e-06,0.00151740306777379
14641.4062627396,-5.63843568764051e-06,9.05025449774129e-06,7.5695067933495e-08,6.59405818087469e-05,2.39800763171371e-07,0.000208978793818821,-3.919614363528e-06,0.00150695227523516
14742.946588196,-5.56105498593215e-06,8.98919323455018e-06,7.46564647511232e-08,6.54863935901076e-05,2.36511659453003e-07,0.000207539319454229,-3.86580893824966e-06,0.00149657345835362
14845.1911108798,-5.48473597033974e-06,8.92852644468115e-06,7.36321055140925e-08,6.50353341583518e-05,2.3326763218515e-07,0.000206109762527934,-3.81274210645807e-06,0.00148626612146592
14948.1447145032,-5.4094640815844e-06,8.86825194610312e-06,7.26217950536749e-08,6.45873819516406e-05,2.300680646099e-07,0.00020469005466857,-3.7604037295465e-06,0.00147602977232137
15051.8123166476,-5.33522495984284e-06,8.80836756084785e-06,7.16253408704048e-08,6.4142515556899e-05,2.26912348380691e-07,0.000203280127977024,-3.70878380807568e-06,0.0014658639220584
15156.1988689989,-5.26200444202059e-06,8.74887111520672e-06,7.0642553097708e-08,6.37007137087876e-05,2.23799883448352e-07,0.000201879915023161,-3.65787247986381e-06,0.00145576808518124
15261.3093575835,-5.18978855906194e-06,8.68976043992138e-06,6.96732444660206e-08,6.32619552886782e-05,2.20730077948658e-07,0.000200489348842565,-3.60766001810244e-06,0.00144574177953669
15367.1488030065,-5.11856353329695e-06,8.63103337036881e-06,6.87172302673944e-08,6.28262193236399e-05,2.17702348091396e-07,0.000199108362933302,-3.55813682949853e-06,0.00143578452629123
15473.7222606918,-5.04831577582415e-06,8.57268774674043e-06,6.77743283205795e-08,6.23934849854292e-05,2.14716118050907e-07,0.000197736891252713,-3.50929345244169e-06,0.00142589584990811
15581.0348211234,-4.97903188392935e-06,8.51472141421588e-06,6.68443589365816e-08,6.19637315894894e-05,2.11770819858103e-07,0.000196374868214223,-3.46112055519689e-06,0.00141607527812467
15689.0916100885,-4.91069863853914e-06,8.45713222313121e-06,6.59271448846833e-08,6.15369385939559e-05,2.08865893293922e-07,0.000195022228684173,-3.41360893412168e-06,0.00140632234192985
15797.8977889225,-4.84330300170956e-06,8.3999180291419e-06,6.50225113589286e-08,6.1113085598669e-05,2.06000785784214e-07,0.000193678907978681,-3.36674951190814e-06,0.00139663657554178
15907.4585547554,-4.77683211414854e-06,8.3430766933805e-06,6.41302859450563e-08,6.06921523441926e-05,2.03174952296028e-07,0.000192344841860514,-3.32053333584873e-06,0.00138701751638557
16017.7791407599,-4.71127329277253e-06,8.28660608260948e-06,6.3250298587888e-08,6.02741187108413e-05,2.00387855235306e-07,0.000191019966535993,-3.27495157612613e-06,0.00137746470507127
16128.8648164017,-4.646614028296e-06,8.23050406936883e-06,6.23823815591503e-08,5.9858964717713e-05,1.97638964345924e-07,0.000189704218651913,-3.22999552412639e-06,0.00136797768537192
16240.720887691,-4.58284198285424e-06,8.17476853211908e-06,6.15263694257407e-08,5.9446670521729e-05,1.94927756610113e-07,0.000188397535292488,-3.18565659077537e-06,0.00135855600420178
16353.352697436,-4.51994498765813e-06,8.11939735537937e-06,6.06820990184158e-08,5.90372164166798e-05,1.92253716150193e-07,0.000187099853976313,-3.1419263048979e-06,0.00134919921159477
16466.765625498,-4.45791104068127e-06,8.06438842986114e-06,5.98494094009117e-08,5.86305828322795e-05,1.89616334131644e-07,0.000185811112653355,-3.09879631159955e-06,0.00133990686068294
16580.9650890484,-4.39672830437832e-06,8.00973965259708e-06,5.9028141839476e-08,5.82267503332243e-05,1.87015108667465e-07,0.000184531249701957,-3.05625837067051e-06,0.00133067850767519
16695.9565428276,-4.33638510343473e-06,7.95544892706584e-06,5.82181397728185e-08,5.78256996182599e-05,1.84449544723826e-07,0.000183260203925869,-3.01430435501151e-06,0.00132151371183609
16811.7454794054,-4.27686992254688e-06,7.90151416331234e-06,5.74192487824647e-08,5.74274115192534e-05,1.81919154026981e-07,0.000181997914551296,-2.97292624908118e-06,0.00131241203546484
16928.3374294433,-4.21817140423281e-06,7.84793327806397e-06,5.66313165635165e-08,5.70318670002733e-05,1.79423454971438e-07,0.000180744321223972,-2.93211614736488e-06,0.0013033730438744
17045.737961959,-4.16027834667246e-06,7.79470419484256e-06,5.58541928958037e-08,5.6639047156675e-05,1.76961972529358e-07,0.000179499364006245,-2.89186625286442e-06,0.00129439630537073
17163.9526845917,-4.10317970157771e-06,7.74182484407248e-06,5.50877296154329e-08,5.6248933214193e-05,1.74534238161177e-07,0.000178262983374194,-2.85216887560861e-06,0.00128548139123225
17282.9872438709,-4.04686457209119e-06,7.68929316318469e-06,5.43317805867176e-08,5.58615065280388e-05,1.72139789727423e-07,0.000177035120214758,-2.81301643118412e-06,0.00127662787568929
17402.8473254854,-3.99132221071396e-06,7.63710709671711e-06,5.35862016744925e-08,5.54767485820067e-05,1.69778171401728e-07,0.00017581571582289,-2.77440143928669e-06,0.00126783533590387
17523.5386545551,-3.93654201726133e-06,7.58526459641107e-06,5.28508507168013e-08,5.50946409875836e-05,1.67448933585003e-07,0.000174604711898724,-2.73631652229202e-06,0.00125910335194948
17645.0669959044,-3.8825135368467e-06,7.53376362130437e-06,5.21255874979579e-08,5.47151654830669e-05,1.65151632820775e-07,0.000173402050544773,-2.69875440384646e-06,0.00125043150679103
17767.4381543379,-3.82922645789275e-06,7.48260213782047e-06,5.14102737219706e-08,5.43383039326874e-05,1.62885831711657e-07,0.000172207674263137,-2.66170790747687e-06,0.00124181938626498
17890.6579749169,-3.77667061016995e-06,7.43177811985456e-06,5.07047729863296e-08,5.39640383257391e-05,1.60651098836949e-07,0.000171021525952733,-2.62516995521975e-06,0.00123326657905957
18014.7323432395,-3.72483596286168e-06,7.38128954885582e-06,5.00089507561483e-08,5.35923507757141e-05,1.58447008671344e-07,0.000169843548906548,-2.58913356626895e-06,0.00122477267669518
18139.667185721,-3.67371262265594e-06,7.33113441390683e-06,4.93226743386591e-08,5.32232235194448e-05,1.56273141504735e-07,0.000168673686808907,-2.55359185564221e-06,0.00121633727350485
18265.4684698776,-3.62329083186284e-06,7.28131071179931e-06,4.86458128580514e-08,5.28566389162506e-05,1.54129083363098e-07,0.000167511883732764,-2.51853803286576e-06,0.00120795996661494
18392.1422046107,-3.57356096655816e-06,7.23181644710707e-06,4.7978237230656e-08,5.2492579447092e-05,1.52014425930444e-07,0.000166358084137005,-2.48396540067713e-06,0.00119964035592586
18519.6944404947,-3.52451353475185e-06,7.18264963225557e-06,4.73198201404627e-08,5.21310277137292e-05,1.49928766471821e-07,0.00016521223286378,-2.44986735374568e-06,0.00119137804409302
18648.1312700654,-3.4761391745819e-06,7.13380828758876e-06,4.66704360149748e-08,5.17719664378881e-05,1.47871707757361e-07,0.000164074275135846,-2.41623737741075e-06,0.00118317263650785
18777.4588281112,-3.42842865253259e-06,7.08529044143274e-06,4.60299610013874e-08,5.14153784604303e-05,1.45842857987343e-07,0.00016294415655393,-2.38306904643709e-06,0.00117502374127898
18907.6832919665,-3.38137286167725e-06,7.03709413015667e-06,4.53982729430934e-08,5.10612467405303e-05,1.43841830718275e-07,0.000161821823094114,-2.35035602378736e-06,0.0011669309692135
19038.810881806,-3.33496281994498e-06,6.989217398231e-06,4.47752513565073e-08,5.07095543548583e-05,1.41868244789968e-07,0.000160707221105233,-2.31809205941155e-06,0.00115889393379847
19170.8478609426,-3.28918966841093e-06,6.94165829828268e-06,4.41607774082035e-08,5.03602844967674e-05,1.39921724253599e-07,0.000159600297306297,-2.28627098905292e-06,0.00115091225118237
19303.8005361258,-3.24404466961015e-06,6.89441489114802e-06,4.35547338923677e-08,5.00134204754885e-05,1.38001898300744e-07,0.000158500998783924,-2.25488673307041e-06,0.00114298554015686
19437.6752578439,-3.19951920587421e-06,6.84748524592272e-06,4.29570052085522e-08,4.96689457153286e-05,1.36108401193367e-07,0.000157409272989799,-2.22393329527714e-06,0.00113511342213857
19572.4784206263,-3.15560477769079e-06,6.80086744000959e-06,4.23674773397372e-08,4.93268437548764e-05,1.34240872194759e-07,0.000156325067738145,-2.19340476179494e-06,0.001127295521151
19708.2164633496,-3.1122930020855e-06,6.75455955916353e-06,4.17860378306867e-08,4.89870982462127e-05,1.32398955501408e-07,0.000155248331203212,-2.16329529992447e-06,0.00111953146380662
19844.8958695448,-3.06957561102593e-06,6.70855969753441e-06,4.12125757666034e-08,4.86496929541262e-05,1.30582300175793e-07,0.000154179011916787,-2.13359915703106e-06,0.00111182087928902
19982.5231677076,-3.02744444984738e-06,6.66286595770729e-06,4.06469817520698e-08,4.83146117553348e-05,1.28790560080078e-07,0.000153117058765719,-2.10431065944556e-06,0.00110416339933524
20121.1049316092,-2.98589147570027e-06,6.61747645074062e-06,4.00891478902792e-08,4.7981838637713e-05,1.27023393810716e-07,0.00015206242098946,-2.07542421138055e-06,0.00109655865821815
20260.6477806113,-2.94490875601858e-06,6.57238929620205e-06,3.95389677625474e-08,4.76513576995232e-05,1.25280464633926e-07,0.000151015048177629,-2.04693429386124e-06,0.00108900629272905
20401.1583799816,-2.90448846700938e-06,6.52760262220209e-06,3.89963364081047e-08,4.73231531486542e-05,1.23561440422049e-07,0.000149974890267582,-2.01883546367114e-06,0.00108150594216028
20542.6434412127,-2.86462289216286e-06,6.48311456542568e-06,3.8461150304162e-08,4.69972093018631e-05,1.2186599359076e-07,0.000148941897542013,-1.99112235231212e-06,0.00107405724828807
20685.1097223421,-2.82530442078289e-06,6.43892327116167e-06,3.79333073462493e-08,4.66735105840241e-05,1.20193801037139e-07,0.000147916020626561,-1.96378966497888e-06,0.00106665985535536
20828.5640282755,-2.78652554653749e-06,6.39502689333025e-06,3.7412706828821e-08,4.63520415273814e-05,1.1854454407857e-07,0.000146897210487436,-1.93683217954729e-06,0.0010593134100549
20973.0132111114,-2.74827886602924e-06,6.35142359450852e-06,3.68992494261267e-08,4.60327867708078e-05,1.16917908392474e-07,0.000145885418429066,-1.91024474557687e-06,0.00105201756151234
21118.464170469,-2.71055707738518e-06,6.30811154595396e-06,3.63928371733408e-08,4.57157310590683e-05,1.15313583956853e-07,0.000144880596091755,-1.8840222833267e-06,0.00104477196126948
21264.923853817,-2.673352978866e-06,6.26508892762628e-06,3.5893373447951e-08,4.5400859242089e-05,1.13731264991649e-07,0.000143882695449361,-1.85815978278506e-06,0.00103757626326768
21412.3992568061,-2.63665946749421e-06,6.22235392820717e-06,3.54007629513993e-08,4.50881562742306e-05,1.1217064990088e-07,0.000142891668806987,-1.83265230271222e-06,0.00103043012383129
21560.8974236026,-2.60046953770118e-06,6.17990474511855e-06,3.49149116909734e-08,4.47776072135677e-05,1.10631441215583e-07,0.000141907468798694,-1.8074949696965e-06,0.00102333320165129
21710.4254472254,-2.56477627999247e-06,6.13773958453885e-06,3.44357269619448e-08,4.44691972211723e-05,1.09113345537507e-07,0.000140930048385219,-1.78268297722317e-06,0.00101628515776897
21860.9904698845,-2.52957287963166e-06,6.09585666141782e-06,3.39631173299514e-08,4.41629115604028e-05,1.07616073483587e-07,0.000139959360851723,-1.75821158475625e-06,0.00100928565555975
22012.599683322,-2.49485261534195e-06,6.0542541994895e-06,3.34969926136176e-08,4.38587355961976e-05,1.06139339631162e-07,0.000138995359805542,-1.73407611683279e-06,0.00100233436071715
22165.260329156,-2.46060885802574e-06,6.01293043128379e-06,3.30372638674153e-08,4.35566547943743e-05,1.04682862463937e-07,0.000138037999173964,-1.71027196216967e-06,0.000995430941236773
22318.9796992262,-2.42683506950145e-06,5.9718835981363e-06,3.25838433647539e-08,4.32566547209323e-05,1.0324636431868e-07,0.000137087233202011,-1.68679457278263e-06,0.000988575067400515
22473.7651359423,-2.39352480125792e-06,5.93111195019681e-06,3.21366445813058e-08,4.29587210413623e-05,1.01829571332639e-07,0.000136143016450247,-1.66363946311741e-06,0.000981766411760791
22629.6240326348,-2.36067169322556e-06,5.89061374643615e-06,3.16955821785546e-08,4.26628395199584e-05,1.00432213391674e-07,0.000135205303792595,-1.64080220919275e-06,0.000975004649124908
22786.5638339077,-2.32826947256457e-06,5.85038725465175e-06,3.12605719875716e-08,4.2368996019137e-05,9.90540240790969e-08,0.000134274050414169,-1.61827844775525e-06,0.00096828945653956
22944.592035995,-2.29631195246948e-06,5.8104307514717e-06,3.083153099301e-08,4.20771764987583e-05,9.76947406251935e-08,0.000133349211809123,-1.59606387544577e-06,0.000961620513275389
23103.7161871177,-2.26479303099029e-06,5.77074252235755e-06,3.04083773173213e-08,4.1787367015455e-05,9.63541038574464e-08,0.000132430743778517,-1.57415424797727e-06,0.000954997500811694
23263.9438878451,-2.23370668986951e-06,5.73132086160565e-06,2.99910302051831e-08,4.14995537219632e-05,9.50318581514209e-08,0.000131518602428194,-1.55254537932396e-06,0.00094842010282121
23425.2827914574,-2.20304699339532e-06,5.69216407234739e-06,2.95794100081425e-08,4.12137228664598e-05,9.37277513823256e-08,0.000130612744166673,-1.53123314092157e-06,0.000941888005155024
23587.7406043117,-2.17280808727023e-06,5.65327046654797e-06,2.91734381694665e-08,4.09298607919032e-05,9.24415348772251e-08,0.000129713125703055,-1.5102134608786e-06,0.000935400895827562
23751.3250862094,-2.14298419749538e-06,5.6146383650042e-06,2.87730372092017e-08,4.06479539353796e-05,9.11729633679076e-08,0.000128819704044952,-1.48948232319838e-06,0.000928958465001711
23916.0440507678,-2.11356962926997e-06,5.57626609734085e-06,2.83781307094352e-08,4.03679888274528e-05,8.99217949443864e-08,0.000127932436496416,-1.46903576701183e-06,0.000922560404974014
24081.9053657923,-2.08455876590588e-06,5.53815200200611e-06,2.79886432997586e-08,4.00899520915196e-05,8.86877910090389e-08,0.000127051280655896,-1.44886988582073e-06,0.000916206410159995
24248.9169536531,-2.05594606775701e-06,5.5002944262657e-06,2.76045006429293e-08,3.98138304431687e-05,8.74707162313637e-08,0.0001261761944142,-1.42898082675141e-06,0.000909896177079555
24417.0867916629,-2.02772607116337e-06,5.46269172619608e-06,2.72256294207289e-08,3.95396106895449e-05,8.62703385033576e-08,0.00012530713595248,-1.40936478981864e-06,0.000903629404342504
24586.4229124585,-1.99989338740959e-06,5.42534226667646e-06,2.68519573200119e-08,3.92672797287167e-05,8.50864288954931e-08,0.000124444063740217,-1.39001802719966e-06,0.00089740579263415
24756.933404384,-1.97244270169768e-06,5.3882444213799e-06,2.64834130189486e-08,3.89968245490495e-05,8.39187616133009e-08,0.000123586936533238,-1.37093684251816e-06,0.000891225044701031
24928.6264118777,-1.94536877213382e-06,5.3513965727633e-06,2.61199261734521e-08,3.87282322285817e-05,8.27671139545362e-08,0.000122735713371732,-1.35211759013806e-06,0.00088508686533671
25101.5101358603,-1.91866642872909e-06,5.31479711205655e-06,2.57614274037936e-08,3.84614899344067e-05,8.16312662669333e-08,0.000121890353578286,-1.33355667446709e-06,0.000878990961367691
25275.5928341276,-1.8923305724138e-06,5.27844443925057e-06,2.54078482813984e-08,3.81965849220579e-05,8.05110019065294e-08,0.000121050816755937,-1.31525054926975e-06,0.000872937041639412
25450.882821744,-1.86635617406536e-06,5.24233696308465e-06,2.50591213158235e-08,3.79335045348988e-05,7.94061071965599e-08,0.000120217062786231,-1.29719571698987e-06,0.000866924817002361
25627.3884714405,-1.84073827354944e-06,5.20647310103267e-06,2.47151799419121e-08,3.76722362035164e-05,7.83163713869084e-08,0.000119389051827299,-1.27938872808239e-06,0.000860954000298253
25805.1182140139,-1.81547197877428e-06,5.17085127928868e-06,2.43759585071246e-08,3.74127674451201e-05,7.72415866141129e-08,0.000118566744311952,-1.26182618035431e-06,0.000855024306346338
25984.08053873,-1.79055246475787e-06,5.13546993275144e-06,2.40413922590411e-08,3.71550858629436e-05,7.6181547861911e-08,0.000117750100945776,-1.24450471831471e-06,0.000849135451929773
26164.2839937291,-1.76597497270801e-06,5.10032750500832e-06,2.37114173330365e-08,3.68991791456513e-05,7.51360529223269e-08,0.000116939082705252,-1.22742103253366e-06,0.000843287155782105
26345.7371864336,-1.74173480911489e-06,5.06542244831834e-06,2.33859707401226e-08,3.66450350667493e-05,7.41049023572856e-08,0.000116133650835885,-1.21057185901001e-06,0.000837479138573848
26528.4487839603,-1.71782734485609e-06,5.03075322359438e-06,2.3064990354956e-08,3.63926414839996e-05,7.30878994607477e-08,0.000115333766850344,-1.19395397854769e-06,0.000831711122899139
26712.4275135331,-1.69424801431391e-06,4.99631830038484e-06,2.2748414904012e-08,3.61419863388394e-05,7.2084850221365e-08,0.000114539392526621,-1.17756421614082e-06,0.0008259828332625
26897.6821629011,-1.67099231450466e-06,4.96211615685431e-06,2.24361839539169e-08,3.58930576558029e-05,7.10955632856372e-08,0.000113750489906192,-1.16139944036698e-06,0.000820293996065678
27084.2215807571,-1.64805580422003e-06,4.92814527976386e-06,2.21282378999429e-08,3.56458435419493e-05,7.0119849921578e-08,0.000112967021292203,-1.14545656278907e-06,0.000814644339594592
27272.0546771616,-1.62543410318003e-06,4.89440416445037e-06,2.18245179546575e-08,3.54003321862923e-05,6.91575239828688e-08,0.000112188949247663,-1.12973253736515e-06,0.000809033594006349
27461.1904239671,-1.60312289119774e-06,4.86089131480543e-06,2.15249661367301e-08,3.51565118592357e-05,6.82084018735064e-08,0.000111416236593643,-1.1142243598666e-06,0.000803461491316373
27651.6378552475,-1.58111790735529e-06,4.82760524325344e-06,2.12295252598904e-08,3.49143709120111e-05,6.72723025129279e-08,0.000110648846407503,-1.09892906730403e-06,0.000797927765385597
27843.4060677294,-1.5594149491913e-06,4.79454447072922e-06,2.0938138922038e-08,3.46738977761212e-05,6.6349047301614e-08,0.000109886742021116,-1.08384373736132e-06,0.000792432151907769
28036.5042212264,-1.53800987189931e-06,4.76170752665496e-06,2.06507514945009e-08,3.44350809627853e-05,6.54384600871576e-08,0.000109129887019113,-1.06896548783722e-06,0.000786974388396823
28230.9415390768,-1.51689858753729e-06,4.72909294891668e-06,2.03673081114408e-08,3.41979090623902e-05,6.45403671307977e-08,0.000108378245237138,-1.05429147609473e-06,0.000781554214174353
28426.7273085842,-1.49607706424793e-06,4.69669928383998e-06,2.0087754659403e-08,3.39623707439435e-05,6.36545970744071e-08,0.000107631780760114,-1.039818898518e-06,0.000776171370357161
28623.8708814609,-1.4755413254896e-06,4.66452508616546e-06,1.98120377670103e-08,3.37284547545316e-05,6.27809809079321e-08,0.000106890457920523,-1.02554498997671e-06,0.000770825599844902
28822.3816742749,-1.45528744927785e-06,4.63256891902344e-06,1.95401047947952e-08,3.34961499187812e-05,6.19193519372724e-08,0.000106154241296696,-1.01146702329774e-06,0.000765516647307803
29022.2691688993,-1.43531156743734e-06,4.60082935390835e-06,1.92719038251746e-08,3.32654451383244e-05,6.10695457526035e-08,0.000105423095711116,-9.97582308744194e-07,0.00076024425917448
29223.5429129655,-1.41560986486393e-06,4.56930497065245e-06,1.90073836525585e-08,3.30363293912675e-05,6.02314001971271e-08,0.000104696986228733,-9.83888193501473e-07,0.000755008183619819
29426.2125203191,-1.39617857879699e-06,4.53799435739927e-06,1.8746493773596e-08,3.28087917316639e-05,5.94047553362497e-08,0.00010397587815529,-9.70382061170472e-07,0.000749808170552965
29630.2876714792,-1.3770139981016e-06,4.50689611057648e-06,1.8489184377553e-08,3.25828212889897e-05,5.85894534271788e-08,0.000103259737035661,-9.57061331267685e-07,0.000744643971605369
29835.7781141006,-1.35811246256056e-06,4.47600883486839e-06,1.82354063368237e-08,3.23584072676243e-05,5.77853388889381e-08,0.000102548528652201,-9.43923458732225e-07,0.000739515340118942
30042.6936634399,-1.33947036217619e-06,4.44533114318798e-06,1.7985111197569e-08,3.21355389463333e-05,5.69922582727869e-08,0.000101842219023102,-9.30965933439546e-07,0.000734422031134261
30251.0442028234,-1.32108413648164e-06,4.41486165664861e-06,1.77382511704859e-08,3.19142056777556e-05,5.62100602330459e-08,0.000101140774400775,-9.18186279721912e-07,0.000729363801378891
30460.8396841202,-1.30295027386161e-06,4.38459900453525e-06,1.74947791217007e-08,3.1694396887894e-05,5.54385954983189e-08,0.000100444161270223,-9.05582055895375e-07,0.000724340409255755
30672.0901282168,-1.28506531088245e-06,4.35454182427541e-06,1.72546485637883e-08,3.14761020756093e-05,5.467771684311e-08,9.97523463474418e-05,-8.93150853793314e-07,0.000719351614831606
30884.8056254963,-1.26742583163133e-06,4.32468876140967e-06,1.70178136469136e-08,3.12593108121178e-05,5.39272790598236e-08,9.90652965778246e-05,-8.80890298306318e-07,0.000714397179825565
31098.9963363199,-1.25002846706462e-06,4.29503846956193e-06,1.67842291500946e-08,3.10440127404923e-05,5.31871389311511e-08,9.83829791345782e-05,-8.68798046928435e-07,0.000709476867597753
31314.6724915125,-1.23286989436501e-06,4.2655896104092e-06,1.65538504725844e-08,3.08301975751668e-05,5.24571552028303e-08,9.77053614171505e-05,-8.56871789309604e-07,0.000704590443137975
31531.8443928511,-1.21594683630762e-06,4.23634085365124e-06,1.63266336253714e-08,3.06178551014442e-05,5.17371885567799e-08,9.70324110496704e-05,-8.45109246814277e-07,0.00069973767305452
31750.5224135575,-1.19925606063464e-06,4.20729087697975e-06,1.61025352227963e-08,3.04069751750076e-05,5.1027101584597e-08,9.6364095879396e-05,-8.33508172086048e-07,0.000694918325562995
31970.7169987928,-1.18279437943866e-06,4.17843836604741e-06,1.58815124742828e-08,3.01975477214353e-05,5.03267587614205e-08,9.57003839751762e-05,-8.22066348618315e-07,0.000690132170475276
32192.4386661572,-1.16655864855437e-06,4.14978201443648e-06,1.56635231761821e-08,2.99895627357185e-05,4.96360264201471e-08,9.50412436259203e-05,-8.10781590330776e-07,0.000685378979188501
32415.6980061919,-1.15054576695864e-06,4.12132052362726e-06,1.54485257037289e-08,2.97830102817827e-05,4.89547727260024e-08,9.43866433390804e-05,-7.99651741151797e-07,0.000680658524674168
32640.5056828852,-1.13475267617881e-06,4.09305260296627e-06,1.52364790031073e-08,2.95778804920128e-05,4.82828676514567e-08,9.3736551839143e-05,-7.88674674606456e-07,0.000675970581467282
32866.8724341813,-1.11917635970907e-06,4.06497696963415e-06,1.50273425836257e-08,2.93741635667804e-05,4.76201829514856e-08,9.30909380661318e-05,-7.77848293410296e-07,0.000671314925655599
33094.8090724944,-1.10381384243485e-06,4.03709234861331e-06,1.4821076509998e-08,2.91718497739758e-05,4.69665921391657e-08,9.244977117412e-05,-7.67170529068605e-07,0.000666691334868926
33324.3264852235,-1.08866219006513e-06,4.00939747265549e-06,1.46176413947314e-08,2.89709294485418e-05,4.63219704616064e-08,9.18130205297541e-05,-7.56639341481239e-07,0.00066209958826851
33555.4356352742,-1.07371850857247e-06,3.9818910822489e-06,1.44169983906173e-08,2.87713929920116e-05,4.56861948762074e-08,9.11806557107866e-05,-7.46252718552831e-07,0.000657539466536486
33788.1475615808,-1.05897994364075e-06,3.9545719255854e-06,1.42191091833263e-08,2.85732308720502e-05,4.50591440272433e-08,9.05526465046203e-05,-7.3600867580839e-07,0.000653010751865411
34022.4733796346,-1.0444436801205e-06,3.92743875852725e-06,1.40239359841029e-08,2.83764336219975e-05,4.44406982227649e-08,8.99289629068607e-05,-7.25905256014133e-07,0.000648513227947854
34258.4242820144,-1.03010694149165e-06,3.90049034457386e-06,1.38314415225622e-08,2.81809918404164e-05,4.38307394118193e-08,8.93095751198812e-05,-7.15940528803572e-07,0.00064404667996608
34496.0115389212,-1.01596698933363e-06,3.87372545482829e-06,1.3641589039583e-08,2.79868961906423e-05,4.32291511619781e-08,8.86944535513951e-05,-7.06112590308676e-07,0.000639610894581777
34735.2464987164,-1.00202112280284e-06,3.8471428679636e-06,1.34543422803004e-08,2.77941374003375e-05,4.26358186371747e-08,8.80835688130402e-05,-6.96419562796155e-07,0.000635205659925883
34976.1405884643,-9.88266678117134e-07,3.82074137018904e-06,1.32696654871919e-08,2.76027062610468e-05,4.20506285758431e-08,8.74768917189711e-05,-6.86859594308684e-07,0.000630830765588459
35218.7053144771,-9.7470102804751e-07,3.79451975521615e-06,1.30875233932609e-08,2.74125936277579e-05,4.14734692693558e-08,8.68743932844631e-05,-6.77430858311097e-07,0.000626486002608645
35462.9522628655,-9.61321581416637e-07,3.7684768242246e-06,1.2907881215311e-08,2.72237904184631e-05,4.09042305407567e-08,8.62760447245239e-05,-6.68131553341394e-07,0.000622171163464682
35708.8931000911,-9.48125782604372e-07,3.74261138582807e-06,1.27307046473141e-08,2.7036287613726e-05,4.03428037237839e-08,8.56818174525166e-05,-6.58959902666584e-07,0.000617886042064002
35956.5395735246,-9.35111111059964e-07,3.71692225603989e-06,1.2555959853868e-08,2.68500762562493e-05,3.97890816421787e-08,8.50916830787908e-05,-6.49914153943206e-07,0.000613630433733382
36205.9035120061,-9.22275080821018e-07,3.69140825823861e-06,1.23836134637453e-08,2.6665147450447e-05,3.92429585892795e-08,8.45056134093247e-05,-6.40992578882557e-07,0.000609404135209182
36456.9968264106,-9.09615240038991e-07,3.66606822313346e-06,1.22136325635284e-08,2.64814923620185e-05,3.87043303078917e-08,8.39235804443746e-05,-6.3219347292047e-07,0.000605206944627623
36709.831510217,-8.97129170511232e-07,3.64090098872972e-06,1.20459846913338e-08,2.62991022175264e-05,3.81730939704343e-08,8.33455563771356e-05,-6.23515154891653e-07,0.000601038661515159
36964.4196400802,-8.84814487219438e-07,3.61590540029405e-06,1.18806378306207e-08,2.61179683039772e-05,3.76491481593589e-08,8.27715135924112e-05,-6.14955966708504e-07,0.0005968990867789
37220.7733764093,-8.72668837874395e-07,3.59108031031963e-06,1.17175604040854e-08,2.5938081968404e-05,3.7132392847833e-08,8.22014246652905e-05,-6.06514273044299e-07,0.000592788022697102
37478.9049639467,-8.60689902467027e-07,3.56642457849134e-06,1.1556721267639e-08,2.57594346174534e-05,3.66227293806913e-08,8.16352623598373e-05,-5.98188461020777e-07,0.000588705272909731
37738.8267323548,-8.48875392825525e-07,3.5419370716508e-06,1.1398089704467e-08,2.5582017716974e-05,3.61200604556441e-08,8.10729996277851e-05,-5.89976939899965e-07,0.000584650642409078
38000.5510968034,-8.37223052178623e-07,3.5176166637614e-06,1.12416354191717e-08,2.54058227916087e-05,3.56242901047451e-08,8.05146096072446e-05,-5.81878140780276e-07,0.000580623937530457
38264.0905585636,-8.25730654724787e-07,3.49346223587324e-06,1.1087328531993e-08,2.52308414243893e-05,3.51353236761103e-08,7.99600656214165e-05,-5.73890516296746e-07,0.000576624965942944
38529.4577056047,-8.14396005207385e-07,3.46947267608806e-06,1.093513957311e-08,2.50570652563338e-05,3.46530678158893e-08,7.94093411773165e-05,-5.6601254032541e-07,0.000572653536640204
38796.6652131954,-8.03216938495608e-07,3.44564687952407e-06,1.07850394770193e-08,2.48844859860473e-05,3.41774304504803e-08,7.88624099645066e-05,-5.58242707691713e-07,0.000568709459931362
39065.7258445091,-7.92191319171205e-07,3.42198374828085e-06,1.06369995769913e-08,2.47130953693244e-05,3.37083207689913e-08,7.83192458538371e-05,-5.50579533882949e-07,0.000564792547431948
39336.6524512341,-7.81317041120825e-07,3.39848219140409e-06,1.0490991599602e-08,2.45428852187554e-05,3.32456492059382e-08,7.77798228961953e-05,-5.43021554764621e-07,0.000560902612054899
39609.4579741865,-7.70592027134e-07,3.37514112485044e-06,1.03469876593397e-08,2.43738474033348e-05,3.27893274241824e-08,7.72441153212653e-05,-5.35567326300722e-07,0.000557039468001629
39884.1554439296,-7.60014228506591e-07,3.35195947145222e-06,1.02049602532855e-08,2.42059738480723e-05,3.23392682980986e-08,7.67120975362936e-05,-5.28215424277823e-07,0.000553202930753145
40160.7579813948,-7.49581624649722e-07,3.32893616088224e-06,1.0064882255867e-08,2.4039256533607e-05,3.18953858969759e-08,7.6183744124866e-05,-5.20964444032989e-07,0.00054939281706125
40439.2787985098,-7.39292222704027e-07,3.3060701296185e-06,9.92672691368345e-09,2.38736874958238e-05,3.14575954686435e-08,7.56590298456904e-05,-5.13813000185383e-07,0.000545608944939782
40719.7311988284,-7.29144057159227e-07,3.283360320909e-06,9.79046784040234e-09,2.37092588254727e-05,3.10258134233221e-08,7.51379296313904e-05,-5.06759726371602e-07,0.000541851133655925
41002.1285781671,-7.19135189478892e-07,3.26080568473642e-06,9.65607901172515e-09,2.35459626677905e-05,3.05999573176949e-08,7.46204185873049e-05,-4.99803274984601e-07,0.00053811920372158
41286.4844252437,-7.09263707730378e-07,3.23840517778298e-06,9.52353476042286e-09,2.33837912221256e-05,3.01799458391972e-08,7.41064719902982e-05,-4.92942316916244e-07,0.000534412976884793
41572.812322323,-6.99527726219807e-07,3.21615776339512e-06,9.39280977143876e-09,2.32227367415648e-05,2.97656987905209e-08,7.35960652875766e-05,-4.86175541303345e-07,0.000530732276121238
41861.1259458642,-6.89925385132083e-07,3.19406241154839e-06,9.2638790770591e-09,2.30627915325628e-05,2.9357137074331e-08,7.30891740955143e-05,-4.79501655277241e-07,0.000527076925625772
42151.4390671752,-6.80454850175814e-07,3.17211809881222e-06,9.13671805214903e-09,2.29039479545748e-05,2.89541826781901e-08,7.25857741984864e-05,-4.72919383716756e-07,0.00052344675080403
42443.7655530697,-6.71114312233142e-07,3.15032380831478e-06,9.01130240945484e-09,2.27461984196907e-05,2.85567586596916e-08,7.20858415477114e-05,-4.664274690046e-07,0.000519841578264092
42738.1193665299,-6.61901987014322e-07,3.12867852970786e-06,8.88760819496948e-09,2.25895353922729e-05,2.81647891317934e-08,7.15893522600999e-05,-4.60024670787073e-07,0.000516261235808201
43034.5145673733,-6.528161147171e-07,3.1071812591318e-06,8.76561178336256e-09,2.24339513885957e-05,2.77781992483549e-08,7.10962826171131e-05,-4.53709765737101e-07,0.000512705552424542
43332.9653129246,-6.43854959690703e-07,3.08583099918042e-06,8.64528987347221e-09,2.22794389764875e-05,2.73969151898695e-08,7.06066090636274e-05,-4.47481547320496e-07,0.000509174358279068
43633.4858586911,-6.35016810104485e-07,3.06462675886605e-06,8.52661948385933e-09,2.21259907749758e-05,2.70208641493949e-08,7.01203082068086e-05,-4.41338825565449e-07,0.0005056674847074
43936.0905590448,-6.26299977621079e-07,3.04356755358454e-06,8.40957794842214e-09,2.19735994539339e-05,2.66499743186731e-08,6.96373568149922e-05,-4.35280426835167e-07,0.000502184764206761
44240.7938679069,-6.17702797074068e-07,3.02265240508041e-06,8.29414291207151e-09,2.1822257733731e-05,2.62841748744433e-08,6.91577318165729e-05,-4.29305193603647e-07,0.000498726030427986
44547.6103394389,-6.09223626150038e-07,3.00188034141194e-06,8.18029232646491e-09,2.16719583848839e-05,2.59233959649396e-08,6.86814102989007e-05,-4.23411984234515e-07,0.00049529111816757
44856.5546287376,-6.00860845075029e-07,2.98125039691643e-06,8.06800444579933e-09,2.15226942277113e-05,2.55675686965753e-08,6.82083695071852e-05,-4.17599672762914e-07,0.000491879863359784
45167.641492535,-5.92612856305252e-07,2.96076161217544e-06,7.95725782266142e-09,2.1374458131991e-05,2.5216625120808e-08,6.77385868434072e-05,-4.11867148680371e-07,0.000488492103068836
45480.8857899031,-5.84478084222079e-07,2.94041303398017e-06,7.84803130393501e-09,2.12272430166188e-05,2.48704982211858e-08,6.72720398652382e-05,-4.06213316722631e-07,0.000485127675481094
45796.3024829641,-5.7645497483119e-07,2.92020371529678e-06,7.7403040267641e-09,2.10810418492697e-05,2.45291219005702e-08,6.68087062849665e-05,-4.0063709666039e-07,0.00048178641989735
46113.9066376045,-5.68541995465868e-07,2.90013271523197e-06,7.63405541457185e-09,2.09358476460626e-05,2.41924309685336e-08,6.63485639684322e-05,-3.95137423092922e-07,0.000478468176725156
46433.713424195,-5.6073763449434e-07,2.88019909899843e-06,7.52926517313347e-09,2.07916534712255e-05,2.38603611289298e-08,6.58915909339677e-05,-3.89713245244506e-07,0.000475172787471192
46755.7381183149,-5.53040401031163e-07,2.86040193788053e-06,7.42591328670353e-09,2.06484524367647e-05,2.35328489676346e-08,6.54377653513473e-05,-3.84363526763683e-07,0.000471900094733707
47079.9961014825,-5.45448824652531e-07,2.8407403092e-06,7.32398001419588e-09,2.0506237702135e-05,2.32098319404539e-08,6.49870655407425e-05,-3.79087245525239e-07,0.00046864994219499
47406.5028618884,-5.37961455115525e-07,2.82121329628171e-06,7.22344588541629e-09,2.03650024739134e-05,2.28912483611982e-08,6.4539469971686e-05,-3.73883393434932e-07,0.000465422174613917
47735.2739951367,-5.3057686208118e-07,2.80181998841955e-06,7.12429169734642e-09,2.02247400054734e-05,2.25770373899189e-08,6.40949572620412e-05,-3.68750976236871e-07,0.000462216637818527
48066.3252049891,-5.23293634841381e-07,2.78255948084239e-06,7.02649851047904e-09,2.00854435966638e-05,2.22671390213074e-08,6.36535061769809e-05,-3.63689013323571e-07,0.000459033178698664
48399.6723041153,-5.16110382049474e-07,2.76343087468009e-06,6.93004764520311e-09,1.99471065934871e-05,2.19614940732513e-08,6.32150956279704e-05,-3.58696537548585e-07,0.000455871645198664
48735.331214848,-5.09025731454603e-07,2.7444332769297e-06,6.83492067823888e-09,1.98097223877825e-05,2.16600441755491e-08,6.27797046717605e-05,-3.53772595041734e-07,0.000452731886310093
49073.317969944,-5.02038329639663e-07,2.72556580042165e-06,6.74109943912133e-09,1.96732844169096e-05,2.13627317587778e-08,6.2347312509385e-05,-3.48916245026848e-07,0.000449613752064533
49413.6487133493,-4.95146841762873e-07,2.70682756378609e-06,6.64856600673231e-09,1.95377861634347e-05,2.10695000433141e-08,6.19178984851671e-05,-3.44126559642037e-07,0.000446517093526424
49756.3397009709,-4.8834995130287e-07,2.68821769141929e-06,6.55730270587986e-09,1.94032211548193e-05,2.07802930285051e-08,6.14914420857305e-05,-3.39402623762402e-07,0.000443441762785946
50101.4073014524,-4.81646359807323e-07,2.66973531345023e-06,6.46729210392466e-09,1.92695829631112e-05,2.04950554819883e-08,6.10679229390199e-05,-3.34743534825202e-07,0.00044038761295196
50448.8679969571,-4.75034786644968e-07,2.65137956570715e-06,6.37851700745248e-09,1.91368652046363e-05,2.02137329291567e-08,6.06473208133258e-05,-3.301484026574e-07,0.000437354498144989
50798.7383839539,-4.68513968761078e-07,2.63314958968439e-06,6.29096045899259e-09,1.90050615396947e-05,1.99362716427692e-08,6.02296156163179e-05,-3.25616349305601e-07,0.000434342273490252
51151.0351740109,-4.62082660436253e-07,2.6150445325091e-06,6.20460573378082e-09,1.88741656722567e-05,1.96626186327023e-08,5.9814787394084e-05,-3.21146508868297e-07,0.000431350795110745
51505.7751945938,-4.5573963304854e-07,2.59706354690828e-06,6.11943633656712e-09,1.87441713496624e-05,1.93927216358433e-08,5.94028163301759e-05,-3.16738027330437e-07,0.00042837992012037
51862.9753898685,-4.49483674838823e-07,2.57920579117584e-06,6.03543599846712e-09,1.86150723623227e-05,1.91265291061211e-08,5.89936827446626e-05,-3.12390062400257e-07,0.00042542950661711
52222.6528215118,-4.43313590679398e-07,2.5614704291397e-06,5.95258867385638e-09,1.84868625434225e-05,1.88639902046739e-08,5.85873670931883e-05,-3.08101783348351e-07,0.000422499413676253
52584.8246695256,-4.37228201845764e-07,2.54385663012916e-06,5.87087853730773e-09,1.83595357686262e-05,1.86050547901513e-08,5.81838499660391e-05,-3.03872370848957e-07,0.000419589501343662
52949.5082330576,-4.31226345791512e-07,2.52636356894223e-06,5.79028998057012e-09,1.82330859557847e-05,1.83496734091495e-08,5.7783112087214e-05,-2.99701016823409e-07,0.000416699630629087
53316.7209312277,-4.25306875926323e-07,2.50899042581318e-06,5.71080760958937e-09,1.81075070646449e-05,1.80977972867776e-08,5.73851343135041e-05,-2.95586924285754e-07,0.000413829663499532
53686.4803039601,-4.19468661396998e-07,2.49173638638014e-06,5.63241624156936e-09,1.7982793096561e-05,1.78493783173528e-08,5.6989897633577e-05,-2.91529307190473e-07,0.000410979462872658
54058.8040128205,-4.13710586871502e-07,2.47460064165289e-06,5.55510090207379e-09,1.78589380942078e-05,1.76043690552234e-08,5.65973831670679e-05,-2.87527390282307e-07,0.000408148892610242
54433.709841861,-4.08031552325962e-07,2.45758238798071e-06,5.4788468221675e-09,1.77359361412959e-05,1.73627227057173e-08,5.62075721636772e-05,-2.83580408948128e-07,0.000405337817511667
54811.215698468,-4.02430472834596e-07,2.44068082702038e-06,5.40363943559715e-09,1.76137813622892e-05,1.71243931162145e-08,5.58204460022739e-05,-2.79687609070863e-07,0.000402546103307473
55191.3396142186,-3.96906278362514e-07,2.42389516570424e-06,5.32946437601037e-09,1.74924679221237e-05,1.6889334767342e-08,5.54359861900053e-05,-2.758482468854e-07,0.000399773616652937
55574.0997457415,-3.91457913561373e-07,2.40722461620853e-06,5.25630747421329e-09,1.73719900259294e-05,1.66575027642898e-08,5.50541743614134e-05,-2.72061588836498e-07,0.000397020225121712
55959.5143755845,-3.86084337567823e-07,2.39066839592167e-06,5.18415475546533e-09,1.72523419187522e-05,1.64288528282445e-08,5.46749922775562e-05,-2.68326911438621e-07,0.000394285797199494
56347.6019130871,-3.80784523804731e-07,2.37422572741278e-06,5.11299243681153e-09,1.71335178852801e-05,1.62033412879421e-08,5.42984218251367e-05,-2.64643501137721e-07,0.000391570202277749
56738.380895261,-3.75557459785117e-07,2.35789583840028e-06,5.04280692445097e-09,1.70155122495692e-05,1.5980925071335e-08,5.39244450156359e-05,-2.61010654174894e-07,0.000388873310647468
57131.8699876742,-3.704021469188e-07,2.34167796172068e-06,4.97358481114178e-09,1.68983193747729e-05,1.57615616973742e-08,5.35530439844541e-05,-2.57427676451933e-07,0.000386194993492979
57528.0879853436,-3.65317600321673e-07,2.32557133529739e-06,4.90531287364123e-09,1.67819336628723e-05,1.55452092679034e-08,5.31842009900558e-05,-2.53893883398701e-07,0.000383535122885786
57927.053813632,-3.60302848627618e-07,2.30957520210976e-06,4.8379780701814e-09,1.66663495544089e-05,1.53318264596648e-08,5.28178984131224e-05,-2.50408599842349e-07,0.00038089357177847
58328.7865291527,-3.5535693380298e-07,2.29368881016221e-06,4.77156753797904e-09,1.65515615282187e-05,1.51213725164138e-08,5.24541187557096e-05,-2.46971159878305e-07,0.00037827021399861
58733.3053206791,-3.50478910963607e-07,2.27791141245347e-06,4.70606859078003e-09,1.64375641011684e-05,1.49138072411425e-08,5.20928446404111e-05,-2.43580906743059e-07,0.000375664924242767
59140.6295100621,-3.45667848194381e-07,2.26224226694603e-06,4.64146871643696e-09,1.63243518278937e-05,1.47090909884089e-08,5.17340588095276e-05,-2.40237192688671e-07,0.000373077578070491
59550.7785531519,-3.40922826371243e-07,2.24668063653562e-06,4.57775557452058e-09,1.62119193005385e-05,1.4507184656772e-08,5.13777441242426e-05,-2.3693937885902e-07,0.000370508051898385
59963.7720407286,-3.36242938985639e-07,2.23122578902089e-06,4.51491699396337e-09,1.61002611484969e-05,1.43080496813302e-08,5.10238835638021e-05,-2.33686835167737e-07,0.000367956222994193
60379.6296994364,-3.31627291971402e-07,2.2158769970732e-06,4.45294097073594e-09,1.59893720381567e-05,1.4111648026362e-08,5.06724602247023e-05,-2.30478940177828e-07,0.000365421969470952
60798.3713927276,-3.2707500353398e-07,2.20063353820657e-06,4.39181566555495e-09,1.5879246672644e-05,1.39179421780675e-08,5.03234573198804e-05,-2.27315080982934e-07,0.000362905170281156
61220.0171218097,-3.2258520398203e-07,2.18549469474776e-06,4.3315294016227e-09,1.57698797915704e-05,1.37268951374097e-08,4.99768581779131e-05,-2.2419465309024e-07,0.000360405705210986
61644.5870266023,-3.18157035561305e-07,2.17045975380641e-06,4.27207066239753e-09,1.56612661707817e-05,1.35384704130532e-08,4.9632646242219e-05,-2.21117060304966e-07,0.000357923454874561
62072.1013866976,-3.13789652290843e-07,2.15552800724547e-06,4.21342808939498e-09,1.55534006221082e-05,1.33526320144009e-08,4.92908050702682e-05,-2.18081714616473e-07,0.000355458300708241
62502.5806223305,-3.09482219801371e-07,2.14069875165158e-06,4.15559048001892e-09,1.54462779931166e-05,1.31693444447244e-08,4.89513183327951e-05,-2.15088036085902e-07,0.00035301012496496
62936.0452953524,-3.05233915175961e-07,2.12597128830578e-06,4.09854678542265e-09,1.53398931668641e-05,1.29885726943908e-08,4.86141698130191e-05,-2.12135452735387e-07,0.000350578810708607
63372.5161102152,-3.01043926792844e-07,2.1113449231542e-06,4.04228610839908e-09,1.52342410616536e-05,1.28102822341797e-08,4.82793434058688e-05,-2.09223400438759e-07,0.000348164241808436
63812.0139149584,-2.96911454170402e-07,2.09681896677897e-06,3.9867977013001e-09,1.51293166307913e-05,1.26344390086946e-08,4.79468231172126e-05,-2.06351322813772e-07,0.000345766302933525
64254.5597022062,-2.92835707814271e-07,2.08239273436924e-06,3.93207096398428e-09,1.50251148623448e-05,1.24610094298621e-08,4.76165930630939e-05,-2.03518671115795e-07,0.000343384879547261
64700.1746101695,-2.88815909066552e-07,2.06806554569237e-06,3.87809544179288e-09,1.49216307789046e-05,1.22899603705221e-08,4.72886374689722e-05,-2.00724904132974e-07,0.000341019857901876
65148.8799236562,-2.84851289957085e-07,2.05383672506521e-06,3.82486082355348e-09,1.48188594373453e-05,1.21212591581045e-08,4.69629406689691e-05,-1.97969488082824e-07,0.00033867112503301
65600.697075087,-2.80941093056771e-07,2.03970560132559e-06,3.77235693961115e-09,1.47167959285901e-05,1.19548735683936e-08,4.66394871051196e-05,-1.95251896510244e-07,0.000336338568754318
66055.6476455202,-2.77084571332895e-07,2.02567150780382e-06,3.72057375988644e-09,1.46154353773758e-05,1.17907718193773e-08,4.63182613266282e-05,-1.92571610186936e-07,0.00033402207765211
66513.7533656814,-2.73280988006451e-07,2.01173378229454e-06,3.66950139196023e-09,1.45147729420203e-05,1.16289225651814e-08,4.59992479891311e-05,-1.89928117012196e-07,0.000331721541080032
66975.0361170023,-2.69529616411402e-07,1.99789176702845e-06,3.61913007918458e-09,1.44148038141908e-05,1.14692948900855e-08,4.5682431853962e-05,-1.87320911915075e-07,0.000329436849153777
67439.5179326655,-2.65829739855896e-07,1.98414480864444e-06,3.5694501988198e-09,1.43155232186742e-05,1.13118583026233e-08,4.53677977874247e-05,-1.84749496757881e-07,0.000327167892745845
67907.2209986571,-2.62180651485368e-07,1.97049225816164e-06,3.52045226019678e-09,1.42169264131489e-05,1.11565827297611e-08,4.5055330760069e-05,-1.82213380240997e-07,0.00032491456348032
68378.167654826,-2.58581654147529e-07,1.95693347095177e-06,3.47212690290477e-09,1.41190086879586e-05,1.10034385111586e-08,4.47450158459731e-05,-1.79712077809025e-07,0.000322676753727705
68852.3803959518,-2.55032060259203e-07,1.94346780671154e-06,3.42446489500385e-09,1.40217653658865e-05,1.08523963935066e-08,4.44368382220296e-05,-1.77245111558196e-07,0.000320454356599769
69329.8818728181,-2.51531191674999e-07,1.93009462943522e-06,3.377457131262e-09,1.39251918019326e-05,1.07034275249433e-08,4.41307831672378e-05,-1.74812010145066e-07,0.000318247265944457
69810.6948932956,-2.48078379557776e-07,1.91681330738734e-06,3.33109463141634e-09,1.38292833830911e-05,1.05565034495466e-08,4.38268360619996e-05,-1.72412308696459e-07,0.000316055376340803
70294.8424234306,-2.44672964250889e-07,1.90362321307558e-06,3.28536853845826e-09,1.37340355281307e-05,1.04115961019022e-08,4.35249823874211e-05,-1.70045548720652e-07,0.000313878583093912
70782.3475885425,-2.41314295152191e-07,1.89052372322368e-06,3.24027011694193e-09,1.36394436873748e-05,1.02686778017464e-08,4.32252077246185e-05,-1.67711278019769e-07,0.000311716782229944
71273.2336743282,-2.38001730589761e-07,1.87751421874467e-06,3.19579075131626e-09,1.35455033424852e-05,1.01277212486818e-08,4.29274977540296e-05,-1.6540905060339e-07,0.000309569870491161
71767.5241279742,-2.34734637699335e-07,1.86459408471405e-06,3.15192194427948e-09,1.3452210006245e-05,9.98869951696585e-09,4.26318382547285e-05,-1.63138426603335e-07,0.000307437745330985
72265.2425592773,-2.31512392303424e-07,1.85176271034327e-06,3.10865531515647e-09,1.33595592223454e-05,9.85158605037057e-09,4.23382151037468e-05,-1.60898972189622e-07,0.000305320304909106
72766.4127417709,-2.28334378792092e-07,1.83901948895325e-06,3.06598259829832e-09,1.32675465651718e-05,9.71635465711335e-09,4.20466142753987e-05,-1.58690259487585e-07,0.000303217448086618
73271.058613862,-2.25199990005358e-07,1.82636381794806e-06,3.02389564150375e-09,1.31761676395931e-05,9.58297950485635e-09,4.17570218406101e-05,-1.56511866496117e-07,0.000301129074421185
73779.2042799737,-2.2210862711723e-07,1.81379509878877e-06,2.98238640446234e-09,1.3085418080751e-05,9.45143511577546e-09,4.14694239662535e-05,-1.54363377007048e-07,0.000299055084162246
74290.8740116972,-2.19059699521312e-07,1.80131273696744e-06,2.94144695721894e-09,1.29952935538522e-05,9.32169636169583e-09,4.11838069144866e-05,-1.52244380525617e-07,0.00029699537824625
74806.0922489501,-2.16052624717996e-07,1.7889161419812e-06,2.90106947865935e-09,1.29057897539607e-05,9.19373845929517e-09,4.09001570420962e-05,-1.50154472192052e-07,0.000294949858291927
75324.8836011454,-2.13086828203191e-07,1.77660472730651e-06,2.86124625501656e-09,1.28169024057923e-05,9.06753696537191e-09,4.06184607998457e-05,-1.48093252704205e-07,0.000292918426595582
75847.2728483651,-2.1016174335859e-07,1.76437791037356e-06,2.82196967839769e-09,1.27286272635104e-05,8.94306777217896e-09,4.03387047318282e-05,-1.46060328241273e-07,0.000290900986126439
76373.2849425456,-2.07276811343425e-07,1.75223511254081e-06,2.78323224533094e-09,1.26409601105231e-05,8.82030710282088e-09,4.0060875474823e-05,-1.44055310388544e-07,0.000288897440521995
76902.9450086679,-2.04431480987733e-07,1.74017575906964e-06,2.74502655533267e-09,1.25538967592819e-05,8.6992315067147e-09,3.97849597576574e-05,-1.42077816063196e-07,0.000286907694083428
77436.2783459591,-2.01625208687059e-07,1.72819927909917e-06,2.70734530949396e-09,1.24674330510811e-05,8.57981785511248e-09,3.95109444005721e-05,-1.40127467441095e-07,0.00028493165177102
77973.3104290997,-1.98857458298629e-07,1.71630510562121e-06,2.67018130908671e-09,1.23815648558599e-05,8.4620433366857e-09,3.92388163145919e-05,-1.38203891884615e-07,0.000282969219199618
78514.0669094413,-1.96127701038927e-07,1.70449267545534e-06,2.63352745418876e-09,1.22962880720042e-05,8.34588545316993e-09,3.89685625008997e-05,-1.36306721871436e-07,0.000281020302634129
79058.5736162311,-1.93435415382694e-07,1.69276142922415e-06,2.59737674232792e-09,1.22115986261516e-05,8.23132201506941e-09,3.87001700502159e-05,-1.3443559492433e-07,0.00027908480898504
79606.8565578463,-1.90780086963301e-07,1.68111081132858e-06,2.56172226714462e-09,1.21274924729958e-05,8.11833113742034e-09,3.84336261421809e-05,-1.325901535419e-07,0.000277162645803973
80158.9419230357,-1.88161208474498e-07,1.66954026992345e-06,2.52655721707285e-09,1.20439655950941e-05,8.00689123561255e-09,3.81689180447432e-05,-1.30770045130282e-07,0.00027525372127927
80714.8560821713,-1.85578279573505e-07,1.65804925689308e-06,2.49187487403925e-09,1.19610140026749e-05,7.89698102126814e-09,3.79060331135504e-05,-1.2897492193577e-07,0.000273357944231605
81274.6255885071,-1.83030806785437e-07,1.64663722782706e-06,2.45766861218005e-09,1.18786337334478e-05,7.78857949817699e-09,3.76449587913455e-05,-1.27204440978383e-07,0.000271475224109636
81838.2771794484,-1.80518303409038e-07,1.63530364199617e-06,2.42393189657556e-09,1.17968208524132e-05,7.68166595828767e-09,3.73856826073661e-05,-1.25458263986325e-07,0.000269605470985669
82405.8377778279,-1.7804028942371e-07,1.62404796232846e-06,2.3906582820021e-09,1.17155714516755e-05,7.57621997775374e-09,3.71281921767496e-05,-1.23736057331364e-07,0.000267748595551374
82977.3344931927,-1.75596291397819e-07,1.61286965538536e-06,2.35784141170093e-09,1.16348816502555e-05,7.47222141303374e-09,3.68724751999404e-05,-1.22037491965081e-07,0.000265904509113512
83552.7946230977,-1.73185842398258e-07,1.60176819133809e-06,2.32547501616431e-09,1.15547475939055e-05,7.36965039704533e-09,3.66185194621029e-05,-1.20362243356005e-07,0.000264073123589702
84132.2456544116,-1.70808481901247e-07,1.59074304394405e-06,2.29355291193789e-09,1.14751654549248e-05,7.26848733537152e-09,3.63663128325372e-05,-1.18709991427608e-07,0.000262254351504213
84715.7152646274,-1.68463755704367e-07,1.57979369052345e-06,2.2620690004398e-09,1.13961314319771e-05,7.16871290251949e-09,3.61158432641001e-05,-1.1708042049715e-07,0.000260448105983786
85303.2313231867,-1.66151215839793e-07,1.568919611936e-06,2.23101726679584e-09,1.13176417499089e-05,7.07030803823022e-09,3.5867098792629e-05,-1.15473219215363e-07,0.000258654300753484
85894.8218928089,-1.63870420488721e-07,1.55812029255783e-06,2.20039177869065e-09,1.12396926595688e-05,6.97325394383935e-09,3.56200675363705e-05,-1.13888080506966e-07,0.000256872850132575
86490.5152308334,-1.61620933896966e-07,1.5473952202584e-06,2.1701866852346e-09,1.11622804376288e-05,6.87753207868714e-09,3.53747376954124e-05,-1.12324701511993e-07,0.000255103669030431
87090.3397905676,-1.59402326291728e-07,1.53674388637773e-06,2.14039621584638e-09,1.10854013864062e-05,6.78312415657865e-09,3.51310975511204e-05,-1.10782783527933e-07,0.000253346672942477
87694.3242226474,-1.57214173799484e-07,1.52616578570356e-06,2.11101467915074e-09,1.10090518336869e-05,6.69001214229147e-09,3.48891354655773e-05,-1.09262031952652e-07,0.000251601777946139
88302.4973764047,-1.55056058365025e-07,1.51566041644882e-06,2.08203646189147e-09,1.09332281325501e-05,6.59817824813224e-09,3.46488398810278e-05,-1.07762156228112e-07,0.000249868900696852
88914.8883012464,-1.52927567671588e-07,1.50522728022911e-06,2.05345602785925e-09,1.08579266611939e-05,6.50760493053972e-09,3.44101993193257e-05,-1.06282869784852e-07,0.000248147958424063
89531.5262480405,-1.50828295062098e-07,1.49486588204039e-06,2.02526791683425e-09,1.07831438227626e-05,6.41827488673496e-09,3.41732023813858e-05,-1.04823889987242e-07,0.000246438868927293
90152.440670515,-1.4875783946148e-07,1.48457573023676e-06,1.99746674354316e-09,1.07088760451745e-05,6.33017105141701e-09,3.3937837746639e-05,-1.03384938079473e-07,0.000244741550572199
90777.661226663,-1.46715805300044e-07,1.47435633650836e-06,1.97004719663065e-09,1.06351197809513e-05,6.24327659350435e-09,3.37040941724915e-05,-1.01965739132307e-07,0.000243055922286681
91407.217780161,-1.44701802437917e-07,1.46420721585945e-06,1.94300403764483e-09,1.05618715070488e-05,6.15757491292059e-09,3.34719604937876e-05,-1.00566021990543e-07,0.000241381903557007
92041.1404017939,-1.42715446090516e-07,1.45412788658658e-06,1.91633210003669e-09,1.04891277246886e-05,6.07304963742475e-09,3.32414256222765e-05,-9.91855192212099e-08,0.000239719414423971
92679.4593708925,-1.40756356755042e-07,1.44411787025688e-06,1.89002628817324e-09,1.04168849591907e-05,5.98968461948451e-09,3.30124785460818e-05,-9.78239670624732e-08,0.00023806837547907
93322.2051767786,-1.38824160137982e-07,1.43417669168656e-06,1.8640815763643e-09,1.03451397598076e-05,5.90746393319284e-09,3.27851083291762e-05,-9.64811053732384e-08,0.000236428707860712
93969.4085202226,-1.36918487083606e-07,1.4243038789194e-06,1.8384930079024e-09,1.02738886995597e-05,5.82637187122648e-09,3.25593041108585e-05,-9.51566775834472e-08,0.000234800333250451
94621.1003149089,-1.3503897350345e-07,1.41449896320551e-06,1.81325569411615e-09,1.02031283750711e-05,5.74639294184653e-09,3.23350551052348e-05,-9.38504306450591e-08,0.000233183173869246
95277.3116889132,-1.33185260306758e-07,1.40476147898012e-06,1.78836481343639e-09,1.01328554064076e-05,5.6675118659399e-09,3.2112350600703e-05,-9.25621149837014e-08,0.000231577152473742
95938.0739861886,-1.31356993331889e-07,1.39509096384255e-06,1.76381561047524e-09,1.00630664369146e-05,5.58971357410156e-09,3.18911799594413e-05,-9.12914844509876e-08,0.000229982192352589
96603.4187680637,-1.29553823278653e-07,1.38548695853527e-06,1.73960339511776e-09,9.99375813305719e-06,5.51298320375659e-09,3.16715326168999e-05,-9.00382962774848e-08,0.000228398217322767
97273.3778147489,-1.27775405641592e-07,1.37594900692313e-06,1.7157235416261e-09,9.92492718426087e-06,5.43730609632203e-09,3.14533980812959e-05,-8.88023110263332e-08,0.000226825151725959
97947.983126856,-1.26021400644159e-07,1.36647665597267e-06,1.69217148775592e-09,9.85657030275309e-06,5.36266779440724e-09,3.12367659331124e-05,-8.75832925474959e-08,0.000225262920424927
98627.2669269249,-1.24291473173814e-07,1.35706945573157e-06,1.66894273388496e-09,9.78868422340651e-06,5.28905403905313e-09,3.10216258246005e-05,-8.63810079326424e-08,0.00022371144879993
99311.2616609643,-1.22585292718003e-07,1.34772695930828e-06,1.64603284215353e-09,9.72126570358279e-06,5.21645076700891e-09,3.08079674792851e-05,-8.51952274706459e-08,0.000222170662745155
100000,-1.20902533301021e-07,1.33844872285164e-06,1.62343743561683e-09,9.65431152297783e-06,5.14484410804636e-09,3.05957806914736e-05,-8.40257246036975e-08,0.000220640488665184
