Frequency_Hz,Y11_Real,Y11_Imag,Y12_Real,Y12_Imag,Y21_Real,Y21_Imag,Y22_Real,Y22_Imag
0.1,0.357962217189643,-0.0026162748656671,-0.405445410519347,0.000120460010241554,-0.0370171709792225,0.000120373586109105,-0.428788388317832,-2.83321053107244e-06
0.100693514841637,0.357962244542213,-0.00263443940887682,-0.405445546901324,0.000121299295151985,-0.0370172073815853,0.000121211064886822,-0.42878914670614,-2.81523274310927e-06
0.10139183931163,0.357962272234558,-0.00265273034825388,-0.405445685175949,0.000122144481492518,-0.0370172442864503,0.000122054407412024,-0.428789915600663,-2.79634431674114e-06
0.102095006765465,0.357962300270266,-0.00267114856912905,-0.405445825369412,0.000122995611872117,-0.0370172817006952,0.000122903655509672,-0.428790695146254,-2.77652255195951e-06
0.102803050789954,0.357962328652945,-0.00268969496315313,-0.405445967508259,0.000123852729230051,-0.0370173196312907,0.000123758851318788,-0.42879148548974,-2.75574425087979e-06
0.103516005204838,0.357962357386219,-0.00270837042834445,-0.405446111619404,0.000124715876838886,-0.0370173580853007,0.000124620037295126,-0.428792286779957,-2.73398570733996e-06
0.104233904064403,0.357962386473731,-0.00272717586913673,-0.40544625773013,0.000125585098307523,-0.0370173970698845,0.000125487256213869,-0.428793099167767,-2.71122269611401e-06
0.104956781659108,0.357962415919139,-0.00274611219642742,-0.405446405868093,0.000126460437584287,-0.0370174365922971,0.000126360551172365,-0.428793922806092,-2.68743046204917e-06
0.105684672517218,0.357962445726118,-0.00276518032762638,-0.405446556061333,0.000127341938960035,-0.0370174766598911,0.000127239965592874,-0.428794757849941,-2.66258370887687e-06
0.106417611406461,0.357962475898356,-0.002784381186705,-0.405446708338272,0.000128229647071285,-0.0370175172801179,0.000128125543225362,-0.428795604456435,-2.63665658790241e-06
0.10715563333568,0.357962506439557,-0.00280371570424575,-0.405446862727725,0.000129123606903429,-0.0370175584605283,0.000129017328150318,-0.428796462784837,-2.6096226863094e-06
0.107898773556513,0.357962537353436,-0.00282318481749219,-0.405447019258902,0.000130023863793946,-0.0370176002087749,0.000129915364781603,-0.428797332996579,-2.58145501533941e-06
0.108647067565072,0.357962568643723,-0.00284278947039928,-0.405447177961412,0.00013093046343567,-0.0370176425326122,0.000130819697869326,-0.428798215255292,-2.55212599821475e-06
0.109400551103639,0.357962600314157,-0.00286253061368425,-0.405447338865274,0.000131843451880077,-0.037017685439899,0.000131730372502755,-0.428799109726837,-2.52160745778385e-06
0.110159260162376,0.357962632368489,-0.00288240920487787,-0.405447502000918,0.000132762875540638,-0.037017728938599,0.000132647434113259,-0.428800016579333,-2.48987060394792e-06
0.11092323098104,0.35796266481048,-0.00290242620837617,-0.40544766739919,0.000133688781196213,-0.0370177730367823,0.000133570928477288,-0.428800935983185,-2.45688602070609e-06
0.111692500050717,0.357962697643897,-0.00292258259549252,-0.405447835091363,0.000134621215994445,-0.0370178177426269,0.000134500901719374,-0.428801868111117,-2.42262365313453e-06
0.112467104115564,0.357962730872518,-0.00294287934451033,-0.405448005109134,0.000135560227455255,-0.0370178630644202,0.000135437400315173,-0.428802813138204,-2.38705279396664e-06
0.113247080174565,0.357962764500123,-0.00296331744073603,-0.40544817748464,0.000136505863474324,-0.03701790901056,0.00013638047109454,-0.428803771241898,-2.35014206993733e-06
0.114032465483296,0.357962798530501,-0.0029838978765526,-0.405448352250456,0.000137458172326658,-0.0370179555895561,0.00013733016124464,-0.428804742602066,-2.31185942773521e-06
0.114823297555707,0.357962832967442,-0.00300462165147363,-0.405448529439604,0.000138417202670185,-0.037018002810032,0.000138286518313087,-0.428805727401017,-2.27217211990274e-06
0.115619614165913,0.35796286781474,-0.00302548977219765,-0.40544870908556,0.000139383003549373,-0.0370180506807257,0.000139249590211123,-0.428806725823536,-2.23104669024032e-06
0.116421453349997,0.35796290307619,-0.00304650325266317,-0.405448891222257,0.00014035562439893,-0.037018099210492,0.000140219425216834,-0.42880773805692,-2.18844895897782e-06
0.117228853407829,0.357962938755586,-0.003067663114104,-0.405449075884094,0.000141335115047524,-0.037018148408303,0.000141196071978401,-0.428808764291004,-2.14434400764435e-06
0.118041852904894,0.357962974856721,-0.00308897038510526,-0.405449263105943,0.000142321525721568,-0.0370181982832505,0.000142179579517382,-0.428809804718201,-2.09869616365002e-06
0.118860490674132,0.357963011383384,-0.00311042610165965,-0.40544945292315,0.000143314907049023,-0.0370182488445469,0.00014316999723204,-0.428810859533533,-2.05146898450345e-06
0.1196848058178,0.35796304833936,-0.00313203130722442,-0.405449645371549,0.000144315310063287,-0.0370183001015271,0.000144167374900705,-0.428811928934668,-2.0026252417378e-06
0.120514837709331,0.357963085728428,-0.0031537870527787,-0.405449840487463,0.000145322786207094,-0.0370183520636498,0.000145171762685174,-0.42881301312195,-1.95212690449684e-06
0.12135062599522,0.357963123554357,-0.00317569439688146,-0.405450038307711,0.000146337387336502,-0.037018404740499,0.000146183211134146,-0.428814112298439,-1.89993512280523e-06
0.122192210596917,0.357963161820908,-0.00319775440572984,-0.405450238869619,0.000147359165724887,-0.0370184581417858,0.000147201771186706,-0.428815226669945,-1.84601021046768e-06
0.123039631712731,0.357963200531829,-0.00321996815321811,-0.405450442211021,0.000148388174067027,-0.03701851227735,0.00014822749417584,-0.428816356445064,-1.79031162761412e-06
0.123892929819754,0.357963239690854,-0.00324233672099716,-0.405450648370269,0.00014942446548322,-0.0370185671571614,0.000149260431831996,-0.428817501835215,-1.73279796292572e-06
0.124752145675793,0.357963279301703,-0.00326486119853442,-0.405450857386242,0.000150468093523443,-0.0370186227913219,0.000150300636286684,-0.428818663054676,-1.67342691548278e-06
0.125617320321316,0.357963319368076,-0.00328754268317438,-0.405451069298348,0.000151519112171595,-0.0370186791900665,0.000151348160076115,-0.428819840320623,-1.61215527617886e-06
0.126488495081411,0.357963359893655,-0.00331038228019972,-0.405451284146534,0.000152577575849763,-0.0370187363637657,0.000152403056144891,-0.428821033853169,-1.54893890890601e-06
0.127365711567764,0.357963400882098,-0.00333338110289281,-0.405451501971295,0.000153643539422555,-0.0370187943229267,0.000153465377849728,-0.428822243875397,-1.48373273117092e-06
0.128249011680643,0.357963442337039,-0.00335654027259795,-0.405451722813678,0.000154717058201503,-0.0370188530781949,0.000154535178963228,-0.428823470613405,-1.41649069445096e-06
0.129138437610901,0.357963484262087,-0.00337986091878404,-0.40545194671529,0.000155798187949494,-0.0370189126403565,0.000155612513677697,-0.428824714296343,-1.34716576408872e-06
0.130034031841991,0.357963526660819,-0.0034033441791079,-0.405452173718308,0.000156886984885282,-0.0370189730203391,0.000156697436609002,-0.428825975156453,-1.27570989881184e-06
0.130935837151994,0.35796356953678,-0.0034269911994781,-0.405452403865483,0.000157983505688051,-0.0370190342292144,0.000157790002800478,-0.428827253429109,-1.20207402979147e-06
0.131843896615665,0.357963612893483,-0.00345080313411938,-0.405452637200151,0.000159087807502021,-0.0370190962781994,0.000158890267726882,-0.428828549352857,-1.1262080393086e-06
0.132758253606487,0.357963656734401,-0.00347478114563777,-0.405452873766239,0.000160199947941162,-0.0370191591786584,0.00015999828729839,-0.428829863169459,-1.04806073899372e-06
0.133678951798747,0.357963701062966,-0.003498926405086,-0.405453113608274,0.000161319985093899,-0.0370192229421048,0.000161114117864645,-0.428831195123932,-9.67579847570288e-07
0.134606035169616,0.35796374588257,-0.00352324009202998,-0.405453356771388,0.000162447977527946,-0.0370192875802027,0.000162237816218854,-0.428832545464591,-8.84711968213159e-07
0.135539548001256,0.357963791196556,-0.00354772339461536,-0.405453603301332,0.000163583984295159,-0.0370193531047693,0.000163369439601929,-0.428833914443095,-7.99402565407337e-07
0.136479534882933,0.357963837008217,-0.00357237750963511,-0.405453853244478,0.000164728064936475,-0.037019419527776,0.000164509045706683,-0.428835302314484,-7.11595941314119e-07
0.137426040713143,0.357963883320795,-0.0035972036425975,-0.40545410664783,0.000165880279486905,-0.037019486861351,0.000165656692682077,-0.428836709337229,-6.21235211759052e-07
0.138379110701763,0.357963930137473,-0.00362220300779483,-0.405454363559034,0.000167040688480604,-0.0370195551177807,0.000166812439137513,-0.428838135773272,-5.28262281584979e-07
0.139338790372205,0.357963977461377,-0.00364737682837264,-0.405454624026384,0.000168209352955994,-0.0370196243095119,0.000167976344147183,-0.428839581888076,-4.32617819619979e-07
0.140305125563594,0.357964025295567,-0.00367272633639973,-0.405454888098832,0.000169386334460971,-0.0370196944491535,0.000169148467254471,-0.428841047950662,-3.34241233131832e-07
0.141278162432955,0.357964073643036,-0.00369825277293873,-0.405455155825995,0.000170571695058173,-0.0370197655494787,0.000170328868476408,-0.428842534233665,-2.3307064164757e-07
0.14225794745742,0.357964122506706,-0.00372395738811725,-0.405455427258167,0.000171765497330309,-0.0370198376234269,0.000171517608308179,-0.428844041013373,-1.29042850415678e-07
0.143244527436446,0.357964171889425,-0.00374984144120002,-0.405455702446325,0.000172967804385591,-0.0370199106841054,0.000172714747727695,-0.428845568569777,-2.20933231709353e-08
0.14423794949405,0.357964221793957,-0.00377590620066116,-0.40545598144214,0.000174178679863192,-0.037019984744792,0.000173920348200202,-0.428847117186618,8.78438454893216e-08
0.145238261081064,0.357964272222987,-0.00380215294425765,-0.405456264297986,0.000175398187938829,-0.0370200598189365,0.000175134471682969,-0.428848687151436,2.00835958467926e-07
0.146245509977397,0.357964323179109,-0.00382858295910317,-0.405456551066947,0.000176626393330377,-0.0370201359201631,0.000176357180630021,-0.428850278755618,3.16951744967764e-07
0.147259744294318,0.357964374664822,-0.00385519754174272,-0.40545684180283,0.000177863361303582,-0.037020213062272,0.000177588537996927,-0.428851892294447,4.36261389895332e-07
0.148281012476756,0.357964426682531,-0.00388199799822802,-0.405457136560171,0.000179109157677863,-0.0370202912592423,0.000178828607245665,-0.428853528067152,5.58836563906151e-07
0.149309363305612,0.357964479234535,-0.0039089856441934,-0.40545743539425,0.000180363848832154,-0.0370203705252332,0.000180077452349527,-0.428855186376958,6.84750454053862e-07
0.150344845900091,0.357964532323025,-0.00393616180493269,-0.405457738361092,0.000181627501710867,-0.0370204508745867,0.000181335137798099,-0.428856867531139,8.14077794973611e-07
0.151387509720044,0.35796458595008,-0.00396352781547664,-0.405458045517487,0.000182900183829911,-0.0370205323218296,0.0001826017286023,-0.428858571841068,9.4689490077321e-07
0.152437404568337,0.35796464011766,-0.00399108502067102,-0.405458356920993,0.000184181963282806,-0.0370206148816757,0.000183877290299479,-0.428860299622268,1.08327969756961e-06
0.153494580593225,0.357964694827598,-0.0040188347752558,-0.405458672629948,0.000185472908746874,-0.037020698569028,0.000185161888958588,-0.428862051194467,1.22331175663598e-06
0.154559088290748,0.357964750081599,-0.00404677844394452,-0.405458992703483,0.000186773089489507,-0.0370207833989806,0.000186455591185405,-0.42886382688165,1.36707232819416e-06
0.155630978507143,0.357964805881232,-0.00407491740150507,-0.405459317201529,0.000188082575374561,-0.0370208693868213,0.000187758464127835,-0.428865627012113,1.51464437600501e-06
0.156710302441275,0.357964862227919,-0.00410325303284058,-0.405459646184827,0.000189401436868777,-0.0370209565480339,0.000189070575481275,-0.428867451918519,1.66611261247923e-06
0.15779711164708,0.357964919122938,-0.00413178673307173,-0.405459979714943,0.000190729745048344,-0.0370210448983001,0.000190391993494046,-0.42886930193795,1.82156353467633e-06
0.158891458036027,0.357964976567409,-0.00416051990761921,-0.405460317854275,0.000192067571605523,-0.0370211344535019,0.000191722786972893,-0.428871177411968,1.98108546087955e-06
0.159993393879601,0.357965034562288,-0.00418945397228754,-0.405460660666065,0.000193414988855375,-0.037021225229724,0.000193063025288559,-0.428873078686665,2.14476856794099e-06
0.161102971811794,0.357965093108362,-0.00421859035334922,-0.405461008214412,0.000194772069742584,-0.0370213172432563,0.000194412778381427,-0.428875006112724,2.31270492943858e-06
0.162220244831628,0.357965152206242,-0.00424793048763007,-0.405461360564278,0.00019613888784837,-0.0370214105105957,0.000195772116767237,-0.428876960045477,2.48498855452695e-06
0.163345266305675,0.357965211856353,-0.00427747582259512,-0.405461717781508,0.000197515517397494,-0.0370215050484489,0.000197141111542874,-0.428878940844962,2.66171542756544e-06
0.164478089970617,0.357965272058929,-0.00430722781643549,-0.405462079932832,0.000198902033265372,-0.0370216008737348,0.000198519834392236,-0.428880948875981,2.84298354859269e-06
0.165618769935804,0.357965332814001,-0.00433718793815597,-0.405462447085883,0.000200298510985293,-0.0370216980035864,0.000199908357592168,-0.42888298450816,3.02889297457837e-06
0.166767360685846,0.357965394121394,-0.00436735766766363,-0.405462819309207,0.000201705026755717,-0.0370217964553539,0.000201306754018485,-0.428885048116013,3.21954586143119e-06
0.167923917083208,0.357965455980714,-0.00439773849585709,-0.405463196672273,0.000203121657447694,-0.0370218962466065,0.000202715097152063,-0.428887140078997,3.41504650697155e-06
0.169088494370839,0.357965518391341,-0.0044283319247168,-0.405463579245489,0.000204548480612379,-0.0370219973951352,0.000204133461085012,-0.428889260781577,3.61550139465344e-06
0.170261148174801,0.357965581352421,-0.00445913946739613,-0.405463967100211,0.000205985574488671,-0.0370220999189554,0.000205561920526937,-0.428891410613286,3.82101923821626e-06
0.171441934506935,0.357965644862853,-0.00449016264831334,-0.405464360308758,0.000207433018010919,-0.0370222038363089,0.000207000550811266,-0.428893589968792,4.0317110271762e-06
0.172630909767531,0.357965708921284,-0.00452140300324456,-0.405464758944421,0.000208890890816805,-0.0370223091656667,0.000208449427901683,-0.428895799247955,4.24769007335152e-06
0.173828130748022,0.357965773526095,-0.00455286207941744,-0.405465163081478,0.000210359273255249,-0.0370224159257318,0.000209908628398614,-0.428898038855899,4.46907205799152e-06
0.1750336546337,0.357965838675395,-0.00458454143560598,-0.405465572795208,0.000211838246394517,-0.0370225241354409,0.000211378229545831,-0.428900309203069,4.69597508027247e-06
0.176247539006444,0.357965904367005,-0.00461644264222611,-0.405465988161901,0.000213327892030388,-0.037022633813968,0.00021285830923712,-0.428902610705302,4.92851970646663e-06
0.177469841847474,0.357965970598451,-0.0046485672814323,-0.405466409258873,0.000214828292694445,-0.0370227449807262,0.00021434894602305,-0.428904943783891,5.16682902010346e-06
0.178700621540116,0.357966037366953,-0.00468091694721508,-0.40546683616448,0.00021633953166251,-0.0370228576553704,0.000215850219117826,-0.428907308865651,5.41102867319954e-06
0.179939936872594,0.357966104669411,-0.00471349324549947,-0.405467268958129,0.000217861692963172,-0.0370229718578002,0.000217362208406227,-0.428909706382991,5.66124693852921e-06
0.181187847040838,0.357966172502395,-0.00474629779424454,-0.405467707720294,0.000219394861386447,-0.0370230876081625,0.000218884994450653,-0.428912136773975,5.91761476281122e-06
0.182444411651309,0.35796624086213,-0.00477933222354371,-0.405468152532529,0.000220939122492565,-0.0370232049268536,0.000220418658498248,-0.428914600482398,6.18026582103332e-06
0.183709690723849,0.357966309744486,-0.0048125981757263,-0.405468603477481,0.000222494562620899,-0.0370233238345225,0.000221963282488129,-0.428917097957849,6.44933657179686e-06
0.184983744694544,0.357966379144967,-0.00484609730545991,-0.405469060638906,0.000224061268898962,-0.0370234443520732,0.000223518949058704,-0.428919629655789,6.72496631378555e-06
0.186266634418617,0.357966449058691,-0.00487983127985379,-0.40546952410168,0.000225639329251629,-0.0370235665006675,0.000225085741555096,-0.428922196037615,7.00729724333743e-06
0.187558421173328,0.357966519480382,-0.00491380177856344,-0.405469993951819,0.000227228832410408,-0.0370236903017275,0.000226663744036659,-0.428924797570736,7.2964745131826e-06
0.188859166660905,0.357966590404351,-0.00494801049389598,-0.405470470276487,0.000228829867922875,-0.0370238157769388,0.000228253041284598,-0.428927434728642,7.59264629215939e-06
0.190168933011491,0.357966661824489,-0.00498245913091682,-0.405470953164017,0.000230442526162277,-0.0370239429482524,0.000229853718809693,-0.428930107990982,7.89596382638758e-06
0.191487782786108,0.357966733734241,-0.00501714940755717,-0.405471442703921,0.000232066898337203,-0.0370240718378884,0.000231465862860124,-0.428932817843632,8.20658150140624e-06
0.192815778979652,0.3579668061266,-0.00505208305472274,-0.405471938986908,0.000233703076501474,-0.0370242024683377,0.000233089560429399,-0.428935564778775,8.52465690563686e-06
0.194152985023894,0.357966878994085,-0.00508726181640358,-0.4054724421049,0.000235351153564124,-0.0370243348623659,0.000234724899264401,-0.428938349294971,8.85035089501218e-06
0.195499464790516,0.357966952328729,-0.00512268744978484,-0.405472952151042,0.000237011223299535,-0.0370244690430149,0.000236371967873525,-0.428941171897238,9.18382765899284e-06
0.196855282594159,0.357967026122057,-0.00515836172535874,-0.405473469219726,0.000238683380357739,-0.0370246050336066,0.000238030855534943,-0.428944033097126,9.52525478769423e-06
0.198220503195496,0.357967100365073,-0.0051942864270377,-0.405473993406601,0.000240367720274845,-0.0370247428577452,0.00023970165230497,-0.428946933412794,9.87480334047053e-06
0.199595191804325,0.357967175048238,-0.00523046335226854,-0.40547452480859,0.000242064339483646,-0.0370248825393201,0.000241384449026548,-0.428949873369088,1.02326479158241e-05
0.200979414082682,0.357967250161457,-0.00526689431214777,-0.405475063523909,0.000243773335324346,-0.0370250241025087,0.000243079337337839,-0.428952853497622,1.05989667224943e-05
0.202373236147981,0.357967325694054,-0.00530358113153819,-0.405475609652078,0.000245494806055465,-0.0370251675717794,0.00024478640968095,-0.428955874336856,1.0973941652212e-05
0.203776724576168,0.357967401634755,-0.00534052564918651,-0.405476163293944,0.000247228850864926,-0.0370253129718941,0.000246505759310762,-0.428958936432177,1.13577583536473e-05
0.205189946404906,0.357967477971668,-0.00537772971784217,-0.405476724551693,0.000248975569881233,-0.0370254603279112,0.000248237480303875,-0.428962040335977,1.17506063078074e-05
0.206612969136771,0.357967554692261,-0.00541519520437748,-0.405477293528871,0.000250735064184901,-0.0370256096651885,0.000249981667567699,-0.42896518660774,1.21526789050308e-05
0.208045860742482,0.357967631783343,-0.00545292398990876,-0.405477870330396,0.000252507435819976,-0.0370257610093858,0.000251738416849648,-0.428968375814119,1.25641735233065e-05
0.209488689664142,0.35796770923104,-0.00549091796991889,-0.40547845506258,0.000254292787805789,-0.037025914386468,0.000253507824746462,-0.428971608529022,1.29852916082585e-05
0.210941524818514,0.357967787020773,-0.00552917905438099,-0.405479047833145,0.000256091224148828,-0.0370260698227079,0.000255289988713669,-0.428974885333697,1.34162387545114e-05
0.212404435600306,0.357967865137232,-0.00556770916788327,-0.40547964875124,0.0002579028498548,-0.0370262273446889,0.000257085007075158,-0.428978206816813,1.38572247886798e-05
0.21387749188549,0.357967943564358,-0.0056065102497554,-0.405480257927462,0.000259727770940908,-0.0370263869793081,0.000258892979032906,-0.428981573574547,1.43084638541194e-05
0.215360764034637,0.357968022285313,-0.00564558425419575,-0.405480875473867,0.000261566094448247,-0.0370265487537787,0.000260714004676813,-0.428984986210671,1.47701744970183e-05
0.21685432289628,0.357968101282458,-0.00568493315040035,-0.405481501504,0.000263417928454435,-0.0370267126956336,0.000262548184994699,-0.428988445336637,1.52425797543682e-05
0.218358239810298,0.357968180537322,-0.00572455892269279,-0.405482136132901,0.000265283382086371,-0.0370268788327274,0.000264395621882412,-0.428991951571664,1.57259072433996e-05
0.21987258661132,0.357968260030584,-0.00576446357065553,-0.405482779477132,0.000267162565533257,-0.0370270471932399,0.000266256418154091,-0.428995505542829,1.62203892530438e-05
0.22139743563216,0.357968339742034,-0.00580464910926277,-0.405483431654795,0.000269055590059743,-0.0370272178056788,0.000268130677552576,-0.428999107885151,1.67262628368373e-05
0.222932859707273,0.357968419650557,-0.00584511756901416,-0.405484092785548,0.000270962568019287,-0.0370273906988822,0.000270018504759937,-0.429002759241686,1.7243769907721e-05
0.224478932176229,0.357968499734093,-0.00588587099607038,-0.405484762990628,0.000272883612867748,-0.0370275659020219,0.000271920005408176,-0.429006460263611,1.77731573347203e-05
0.22603572688722,0.357968579969614,-0.00592691145238972,-0.405485442392868,0.000274818839177095,-0.0370277434446059,0.000273835286090053,-0.429010211610319,1.8314677041241e-05
0.227603318200585,0.357968660333089,-0.00596824101586624,-0.405486131116717,0.000276768362649419,-0.0370279233564817,0.000275764454370083,-0.42901401394951,1.88685861055374e-05
0.229181780992365,0.357968740799457,-0.00600986178046906,-0.405486829288263,0.000278732300131061,-0.0370281056678383,0.000277707618795661,-0.429017867957282,1.9435146862784e-05
0.230771190657875,0.35796882134259,-0.00605177585638347,-0.405487537035252,0.00028071076962701,-0.03702829040921,0.000279664888908365,-0.429021774318224,2.00146270092766e-05
0.23237162311531,0.357968901935259,-0.00609398537015296,-0.405488254487104,0.00028270389031548,-0.0370284776114783,0.000281636375255395,-0.429025733725508,2.06072997085485e-05
0.233983154809368,0.357968982549107,-0.0061364924648231,-0.405488981774941,0.000284711782562716,-0.0370286673058753,0.000283622189401179,-0.429029746880986,2.12134436994652e-05
0.235605862714901,0.357969063154605,-0.00617929930008658,-0.405489719031603,0.000286734567937987,-0.0370288595239862,0.000285622443939139,-0.429033814495284,2.18333434063023e-05
0.237239824340596,0.357969143721019,-0.0062224080524298,-0.405490466391673,0.000288772369228859,-0.0370290542977523,0.000287637252503621,-0.429037937287894,2.2467289051073e-05
0.238885117732672,0.357969224216374,-0.00626582091528099,-0.405491223991493,0.000290825310456627,-0.0370292516594732,0.000289666729781981,-0.429042115987276,2.31155767677904e-05
0.240541821478611,0.357969304607416,-0.00630954009915963,-0.405491991969191,0.000292893516892011,-0.0370294516418102,0.000291710991526846,-0.429046351330946,2.37785087189232e-05
0.242210014710909,0.357969384859569,-0.00635356783182758,-0.405492770464701,0.000294977115071088,-0.0370296542777885,0.000293770154568547,-0.429050644065584,2.44563932140437e-05
0.24388977711086,0.357969464936898,-0.00639790635844157,-0.405493559619782,0.000297076232811408,-0.0370298596008001,0.000295844336827711,-0.42905499494712,2.51495448307174e-05
0.24558118891236,0.357969544802066,-0.0064425579417072,-0.405494359578047,0.000299190999228403,-0.0370300676446066,0.000297933657328037,-0.429059404740844,2.58582845375638e-05
0.247284330905736,0.35796962441629,-0.00648752486203462,-0.40549517048498,0.000301321544752013,-0.0370302784433414,0.000300038236209249,-0.429063874221494,2.65829398196638e-05
0.24899928444161,0.357969703739301,-0.00653280941769548,-0.405495992487961,0.000303468001143553,-0.0370304920315126,0.000302158194740214,-0.429068404173364,2.73238448063387e-05
0.250726131434783,0.357969782729296,-0.00657841392498179,-0.405496825736287,0.000305630501512819,-0.0370307084440057,0.000304293655332261,-0.429072995390399,2.8081340401144e-05
0.252464954368146,0.357969861342892,-0.00662434071836606,-0.4054976703812,0.000307809180335452,-0.0370309277160857,0.000306444741552671,-0.429077648676297,2.88557744145129e-05
0.254215836296621,0.357969939535079,-0.00667059215066313,-0.405498526575906,0.000310004173470589,-0.0370311498834002,0.00030861157813835,-0.429082364844611,2.96475016986278e-05
0.25597886085113,0.35797001725917,-0.00671717059319355,-0.405499394475599,0.000312215618178669,-0.0370313749819812,0.000310794291009692,-0.429087144718849,3.04568842847824e-05
0.257754112242586,0.357970094466755,-0.0067640784359487,-0.40550027423749,0.000314443653139642,-0.0370316030482483,0.000312993007284647,-0.429091989132578,3.12842915234784e-05
0.259541675265918,0.357970171107643,-0.00681131808775739,-0.405501166020824,0.000316688418471317,-0.0370318341190103,0.000315207855292964,-0.429096898929522,3.21301002269708e-05
0.261341635304121,0.357970247129815,-0.00685889197645411,-0.405502069986909,0.000318950055748049,-0.0370320682314682,0.000317438964590628,-0.429101874963672,3.29946948142215e-05
0.263154078332332,0.357970322479366,-0.00690680254904893,-0.405502986299143,0.000321228708019662,-0.0370323054232171,0.000319686465974513,-0.429106918099382,3.38784674588921e-05
0.26497909092194,0.357970397100453,-0.00695505227189912,-0.405503915123031,0.000323524519830682,-0.0370325457322488,0.000321950491497224,-0.42911202921148,3.47818182397444e-05
0.266816760244719,0.357970470935234,-0.00700364363088232,-0.40550485662622,0.000325837637239786,-0.0370327891969537,0.000324231174482139,-0.429117209185365,3.57051552939761e-05
0.268667174076992,0.35797054392381,-0.00705257913157151,-0.405505810978517,0.000328168207839609,-0.0370330358561232,0.00032652864953866,-0.429122458917117,3.66488949730265e-05
0.270530420803823,0.357970616004169,-0.00710186129941167,-0.405506778351918,0.000330516380776781,-0.0370332857489516,0.000328843052577685,-0.429127779313599,3.7613462001658e-05
0.27240658942324,0.357970687112119,-0.00715149267989783,-0.405507758920634,0.000332882306772269,-0.0370335389150384,0.000331174520827256,-0.429133171292565,3.85992896395071e-05
0.274295769550488,0.357970757181225,-0.00720147583875533,-0.405508752861116,0.000335266138142018,-0.0370337953943901,0.000333523192848466,-0.429138635782763,3.9606819845793e-05
0.276198051422303,0.35797082614275,-0.00725181336212149,-0.405509760352086,0.00033766802881788,-0.037034055227422,0.000335889208551547,-0.42914417372404,4.06365034468711e-05
0.278113525901229,0.35797089392558,-0.00730250785672895,-0.405510781574555,0.000340088134368862,-0.0370343184549607,0.000338272709212187,-0.429149786067452,4.16888003068883e-05
0.280042284479955,0.357970960456159,-0.00735356195009101,-0.40551181671186,0.000342526612022626,-0.037034585118245,0.000340673837488072,-0.429155473775367,4.27641795013242e-05
0.281984419285683,0.357971025658422,-0.00740497829068848,-0.405512865949684,0.000344983620687373,-0.0370348552589284,0.000343092737435653,-0.429161237821574,4.38631194938782e-05
0.283940023084533,0.357971089453718,-0.00745675954815843,-0.405513929476087,0.000347459320973969,-0.0370351289190802,0.000345529554527124,-0.429167079191386,4.49861083163666e-05
0.285909189285972,0.357971151760737,-0.00750890841348472,-0.405515007481534,0.000349953875218443,-0.0370354061411874,0.000347984435667653,-0.429172998881752,4.6133643751646e-05
0.287892011947275,0.357971212495436,-0.00756142759919009,-0.405516100158922,0.000352467447504751,-0.037035686968156,0.000350457529212821,-0.42917899790136,4.73062335202279e-05
0.289888585778017,0.35797127157096,-0.00761431983953033,-0.405517207703608,0.000355000203687889,-0.0370359714433127,0.000352948984986307,-0.429185077270745,4.85043954697173e-05
0.291899006144599,0.357971328897561,-0.00766758789069008,-0.405518330313439,0.000357552311417368,-0.0370362596104057,0.000355458954297817,-0.429191238022398,4.97286577679085e-05
0.293923369074803,0.357971384382519,-0.00772123453098044,-0.405519468188781,0.000360123940160941,-0.0370365515136064,0.000357987589961234,-0.42919748120087,5.09795590991208e-05
0.295961771262377,0.357971437930055,-0.00777526256103834,-0.405520621532547,0.000362715261228734,-0.0370368471975104,0.000360535046313012,-0.429203807862883,5.22576488639626e-05
0.298014310071653,0.357971489441247,-0.00782967480402796,-0.405521790550228,0.000365326447797682,-0.0370371467071383,0.000363101479230849,-0.429210219077432,5.35634873828073e-05
0.300081083542203,0.357971538813939,-0.00788447410584355,-0.40552297544992,0.000367957674936317,-0.037037450087937,0.000365687046152548,-0.429216715925899,5.48976461024475e-05
0.302162190393513,0.357971585942654,-0.00793966333531455,-0.405524176442358,0.000370609119629895,-0.03703775738578,0.000368291906095185,-0.429223299502152,5.62607078067739e-05
0.304257730029708,0.357971630718498,-0.00799524538441217,-0.405525393740942,0.00037328096080589,-0.0370380686469688,0.00037091621967449,-0.429229970912658,5.7653266830604e-05
0.306367802544292,0.357971673029068,-0.00805122316845796,-0.405526627561774,0.000375973379359826,-0.0370383839182327,0.0003735601491245,-0.429236731276587,5.90759292776882e-05
0.308492508724934,0.35797171275835,-0.00810759962633417,-0.40552787812368,0.000378686558181471,-0.0370387032467301,0.000376223858317467,-0.429243581725917,6.05293132421858e-05
0.31063195005828,0.357971749786624,-0.00816437772069607,-0.405529145648248,0.000381420682181399,-0.037039026680048,0.000378907512784031,-0.429250523405543,6.20140490340121e-05
0.312786228734801,0.357971783990357,-0.00822156043818598,-0.405530430359858,0.00038417593831791,-0.0370393542662029,0.000381611279733647,-0.429257557473382,6.35307794079887e-05
0.314955447653674,0.357971815242101,-0.00827915078964905,-0.405531732485712,0.000386952515624322,-0.0370396860536404,0.000384335328075272,-0.429264685100474,6.50801597970735e-05
0.317139710427697,0.357971843410384,-0.00833715181035122,-0.405533052255868,0.000389750605236655,-0.0370400220912353,0.000387079828438341,-0.429271907471093,6.66628585492962e-05
0.319339121388238,0.357971868359599,-0.00839556656019867,-0.405534389903271,0.000392570400421665,-0.0370403624282915,0.000389844953193993,-0.429279225782848,6.82795571688988e-05
0.321553785590219,0.357971889949892,-0.00845439812395939,-0.405535745663785,0.000395412096605251,-0.0370407071145417,0.000392630876476582,-0.429286641246786,6.99309505614865e-05
0.323783808817133,0.357971908037047,-0.0085136496114864,-0.405537119776227,0.000398275891401338,-0.0370410562001465,0.000395437774205455,-0.429294155087499,7.1617747283384e-05
0.326029297586097,0.357971922472366,-0.00857332415794282,-0.405538512482403,0.000401161984640993,-0.037041409735694,0.000398265824107003,-0.429301768543221,7.33406697948497e-05
0.328290359152942,0.357971933102544,-0.00863342492402898,-0.405539924027133,0.000404070578402091,-0.037041767772199,0.000401115205737013,-0.429309482865935,7.51004547180079e-05
0.330567101517332,0.357971939769554,-0.00869395509621114,-0.405541354658294,0.000407001877039273,-0.037042130361102,0.000403986100503279,-0.429317299321473,7.68978530986814e-05
0.332859633427924,0.357971942310507,-0.00875491788695218,-0.40554280462685,0.000409956087214355,-0.0370424975542677,0.000406878691688507,-0.429325219189613,7.87336306726644e-05
0.335168064387565,0.357971940557532,-0.00881631653494401,-0.405544274186884,0.000412933417927136,-0.0370428694039841,0.000409793164473509,-0.429333243764182,8.06085681365198e-05
0.337492504658521,0.357971934337636,-0.00887815430534193,-0.405545763595638,0.0004159340805466,-0.0370432459629606,0.000412729705960686,-0.429341374353153,8.25234614226511e-05
0.339833065267741,0.357971923472568,-0.00894043449000065,-0.405547273113543,0.000418958288842546,-0.0370436272843264,0.000415688505197793,-0.429349612278743,8.44791219789254e-05
0.342189858012163,0.35797190777868,-0.00900316040771219,-0.405548803004255,0.000422006259017624,-0.0370440134216285,0.000418669753201996,-0.429357958877508,8.64763770528493e-05
0.344562995464054,0.357971887066783,-0.00906633540444563,-0.405550353534695,0.000425078209739794,-0.0370444044288295,0.000421673642984256,-0.42936641550044,8.85160699805737e-05
0.346952590976386,0.357971861141997,-0.00912996285358864,-0.405551924975078,0.000428174362175232,-0.0370448003603055,0.000424700369573961,-0.429374983513061,9.05990604800205e-05
0.349358758688252,0.357971829803606,-0.0091940461561905,-0.405553517598954,0.00043129494002161,-0.0370452012708431,0.000427750130043895,-0.429383664295513,9.27262249494631e-05
0.351781613530314,0.357971792844898,-0.00925858874120735,-0.405555131683242,0.000434440169541877,-0.0370456072156369,0.000430823123535488,-0.429392459242653,9.48984567700761e-05
0.354221271230298,0.35797175005301,-0.00932359406574876,-0.405556767508269,0.000437610279598412,-0.0370460182502863,0.000433919551284385,-0.429401369764141,9.71166666141748e-05
0.356677848318515,0.357971701208765,-0.00938906561532635,-0.405558425357803,0.000440805501687657,-0.0370464344307921,0.000437039616646298,-0.429410397284526,9.93817827574656e-05
0.359151462133436,0.35797164608651,-0.00945500690410384,-0.405560105519095,0.000444026069975177,-0.0370468558135534,0.000440183525123192,-0.429419543243339,0.000101694751396972
0.361642230827288,0.357971584453941,-0.00952142147514902,-0.405561808282912,0.000447272221331164,-0.0370472824553635,0.000443351484389746,-0.429428809095172,0.000104056536973471
0.364150273371703,0.357971516071936,-0.00958831290068719,-0.405563533943579,0.000450544195366401,-0.0370477144134055,0.000446543704320162,-0.429438196309764,0.00010646812249919
0.366675709563398,0.357971440694373,-0.00965568478235656,-0.405565282799013,0.000453842234468664,-0.0370481517452489,0.000449760397015247,-0.42944770637208,0.000108930509890456
0.369218660029898,0.357971358067953,-0.00972354075146482,-0.405567055150766,0.000457166583839595,-0.037048594508844,0.00045300177682983,-0.429457340782396,0.000111444720305637
0.371779246235299,0.357971267932009,-0.00979188446924774,-0.405568851304059,0.000460517491532008,-0.0370490427625177,0.000456268060400486,-0.42946710105637,0.000114011794488181
0.374357590486067,0.357971170018322,-0.00986071962712918,-0.405570671567827,0.000463895208487735,-0.037049496564968,0.000459559466673583,-0.429476988725121,0.000116632793114954
0.376953815936883,0.357971064050924,-0.00993004994698264,-0.405572516254751,0.000467299988575793,-0.0370499559752588,0.000462876216933638,-0.4294870053353,0.000119308797149997
0.379568046596523,0.357970949745899,-0.00999987918139413,-0.405574385681304,0.000470732088631173,-0.0370504210528136,0.000466218534831964,-0.429497152449163,0.000122040908203086
0.382200407333782,0.357970826811184,-0.0100702111139271,-0.405576280167789,0.000474191768494024,-0.03705089185741,0.000469586646415695,-0.429507431644637,0.000124830248894495
0.384851023883439,0.357970694946356,-0.0101410495593883,-0.405578200038376,0.000477679291049297,-0.0370513684491728,0.000472980780157076,-0.429517844515385,0.000127677963224576
0.387520022852263,0.357970553842424,-0.010212398364095,-0.40558014562115,0.000481194922266929,-0.0370518508885675,0.000476401166983087,-0.429528392670872,0.000130585216949225
0.390207531725059,0.357970403181609,-0.0102842614061444,-0.405582117248142,0.000484738931242441,-0.037052339236393,0.000479848040305397,-0.429539077736423,0.000133553197960545
0.392913678870758,0.357970242637127,-0.0103566425956833,-0.405584115255381,0.000488311590238086,-0.0370528335537744,0.000483321636050625,-0.429549901353281,0.000136583116673208
0.395638593548549,0.357970071872957,-0.0104295458751798,-0.405586139982927,0.000491913174724405,-0.0370533339021549,0.000486822192690929,-0.42956086517866,0.000139676206416806
0.398382405914052,0.357969890543613,-0.010502975219696,-0.405588191774917,0.000495543963422366,-0.0370538403432875,0.000490349951274914,-0.429571970885798,0.000142833723833363
0.401145247025537,0.357969698293906,-0.0105769346371622,-0.405590270979606,0.000499204238345909,-0.0370543529392268,0.000493905155458853,-0.429583220164003,0.000146056949280646
0.403927248850181,0.357969494758702,-0.0106514281686519,-0.405592377949412,0.000502894284845032,-0.0370548717523199,0.000497488051538228,-0.429594614718701,0.000149347187241577
0.406728544270374,0.357969279562676,-0.0107264598886579,-0.405594513040953,0.000506614391649359,-0.0370553968451967,0.000501098888479606,-0.429606156271472,0.00015270576673912
0.409549267090063,0.357969052320057,-0.0108020339053701,-0.405596676615097,0.000510364850912238,-0.0370559282807604,0.000504737917952814,-0.429617846560091,0.000156134041757142
0.412389552041149,0.357968812634373,-0.0108781543609536,-0.405598869037001,0.000514145958255267,-0.0370564661221774,0.000508405394363446,-0.42962968733856,0.000159633391666941
0.415249534789915,0.357968560098186,-0.0109548254318283,-0.405601090676156,0.000517958012813409,-0.0370570104328662,0.00051210157488567,-0.429641680377139,0.000163205221660051
0.418129351943512,0.357968294292825,-0.0110320513289488,-0.405603341906432,0.000521801317280562,-0.0370575612764868,0.000515826719495384,-0.429653827462372,0.000166850963186665
0.421029141056481,0.357968014788106,-0.0111098362980858,-0.405605623106121,0.000525676177955615,-0.0370581187169288,0.000519581091003633,-0.429666130397105,0.000170572074400147
0.423949040637325,0.357967721142057,-0.011188184620108,-0.405607934657984,0.000529582904789126,-0.0370586828182996,0.000523364955090404,-0.429678591000509,0.00017437004060751
0.426889190155123,0.357967412900631,-0.0112671006112649,-0.405610276949292,0.000533521811430335,-0.0370592536449119,0.000527178580338679,-0.429691211108085,0.000178246374726021
0.429849730046193,0.35796708959741,-0.0113465886234695,-0.405612650371877,0.000537493215274853,-0.0370598312612703,0.000531022238268819,-0.429703992571682,0.000182202617745736
0.432830801720801,0.357966750753307,-0.0114266530445829,-0.405615055322173,0.000541497437512778,-0.0370604157320588,0.000534896203373265,-0.429716937259489,0.000186240339198243
0.435832547569911,0.357966395876266,-0.0115072982986984,-0.405617492201265,0.00054553480317733,-0.0370610071221256,0.000538800753151536,-0.429730047056045,0.000190361137631365
0.438855110971994,0.357966024460947,-0.011588528846426,-0.405619961414934,0.000549605641194051,-0.0370616054964695,0.0005427361681455,-0.429743323862222,0.000194566641090119
0.441898636299867,0.357965635988407,-0.011670349185178,-0.405622463373706,0.000553710284430454,-0.0370622109202247,0.000546702731975005,-0.42975676959522,0.000198858507603705
0.444963268927599,0.357965229925782,-0.0117527638494546,-0.405624998492895,0.000557849069746295,-0.0370628234586447,0.000550700731373762,-0.429770386188546,0.000203238425678723
0.448049155237445,0.35796480572595,-0.011835777411129,-0.405627567192656,0.000562022338044203,-0.0370634431770869,0.000554730456225524,-0.429784175591992,0.000207708114798713
0.451156442626847,0.357964362827201,-0.0119193944797335,-0.405630169898028,0.000566230434321035,-0.0370640701409953,0.000558792199600581,-0.429798139771607,0.000212269325929382
0.454285279515466,0.357963900652887,-0.0120036197027453,-0.405632807038986,0.000570473707719562,-0.0370647044158836,0.000562886257792508,-0.429812280709663,0.000216923842030578
0.457435815352278,0.357963418611075,-0.0120884577658721,-0.405635479050486,0.000574752511580828,-0.0370653460673171,0.000567012930355225,-0.429826600404609,0.00022167347857413
0.46060820062271,0.357962916094188,-0.0121739133933376,-0.405638186372517,0.000579067203496899,-0.0370659951608942,0.000571172520140312,-0.429841100871032,0.000226520084067997
0.463802586855826,0.357962392478642,-0.0122599913481669,-0.405640929450151,0.000583418145364299,-0.0370666517622276,0.000575365333334608,-0.429855784139596,0.000231465540586492
0.467019126631568,0.357961847124474,-0.0123466964324709,-0.405643708733588,0.000587805703437791,-0.0370673159369239,0.000579591679498079,-0.429870652256987,0.000236511764306904
0.470257973588042,0.357961279374964,-0.0124340334877315,-0.405646524678212,0.000592230248384819,-0.0370679877505641,0.000583851871601941,-0.429885707285841,0.000241660706051958
0.473519282428857,0.357960688556244,-0.0125220073950846,-0.405649377744638,0.000596692155340427,-0.0370686672686818,0.000588146226067045,-0.429900951304675,0.000246914351838851
0.476803208930514,0.357960073976914,-0.0126106230756037,-0.405652268398762,0.000601191803962682,-0.0370693545567417,0.000592475062802514,-0.429916386407801,0.000252274723433976
0.480109909949849,0.357959434927632,-0.0126998854905817,-0.405655197111816,0.000605729578488659,-0.0370700496801177,0.000596838705244626,-0.429932014705242,0.000257743878914279
0.483439543431522,0.35795877068071,-0.0127897996418128,-0.405658164360418,0.000610305867790917,-0.0370707527040688,0.000601237480395924,-0.429947838322628,0.000263323913234151
0.486792268415562,0.3579580804897,-0.0128803705718724,-0.405661170626623,0.0006149210654346,-0.0370714636937162,0.000605671718864579,-0.429963859401099,0.000269016958798898
0.490168245044966,0.357957363588966,-0.0129716033643963,-0.405664216397975,0.000619575569734857,-0.0370721827140183,0.000610141754903954,-0.429980080097189,0.000274825186043978
0.493567634573345,0.357956619193253,-0.0130635031443581,-0.405667302167565,0.000624269783815024,-0.0370729098297457,0.000614647926452392,-0.429996502582704,0.000280750804020208
0.496990599372628,0.357955846497252,-0.0131560750783463,-0.405670428434077,0.000629004115665181,-0.0370736451054549,0.000619190575173231,-0.430013129044596,0.000286796060985153
0.500437302940819,0.357955044675147,-0.0132493243748383,-0.40567359570185,0.000633778978201285,-0.0370743886054615,0.000623770046494985,-0.430029961684822,0.000292963245000138
0.503907909909802,0.357954212880165,-0.0133432562844739,-0.405676804480923,0.000638594789324803,-0.0370751403938129,0.000628386689651749,-0.430047002720197,0.000299254684533443
0.50740258605321,0.357953350244107,-0.0134378761003261,-0.405680055287099,0.00064345197198289,-0.0370759005342597,0.000633040857723767,-0.43006425438224,0.000305672749069091
0.510921498294339,0.35795245587688,-0.0135331891581703,-0.405683348641994,0.000648350954229118,-0.0370766690902268,0.000637732907678166,-0.430081718917007,0.000312219849721254
0.514464814714125,0.357951528866017,-0.0136292008367516,-0.405686685073095,0.000653292169284635,-0.0370774461247829,0.000642463200409885,-0.430099398584915,0.000318898439854776
0.518032704559168,0.357950568276187,-0.0137259165580488,-0.405690065113815,0.000658276055599951,-0.0370782317006102,0.000647232100782717,-0.43011729566056,0.000325711015710869
0.52162533824982,0.357949573148701,-0.0138233417875374,-0.405693489303553,0.000663303056917208,-0.0370790258799725,0.00065203997767053,-0.430135412432515,0.000332660117038572
0.525242887388322,0.357948542501,-0.0139214820344483,-0.405696958187746,0.000668373622332893,-0.0370798287246823,0.000656887203998568,-0.430153751203132,0.000339748327731565
0.528885524767003,0.357947475326153,-0.0140203428520252,-0.405700472317932,0.000673488206361234,-0.0370806402960681,0.000661774156784934,-0.430172314288323,0.000346978276470344
0.532553424376533,0.357946370592322,-0.014119929837778,-0.405704032251802,0.000678647268997953,-0.0370814606549397,0.000666701217182127,-0.430191104017332,0.00035435263736959
0.536246761414231,0.357945227242241,-0.0142202486337335,-0.405707638553267,0.000683851275784648,-0.0370822898615526,0.000671668770518698,-0.430210122732496,0.000361874130631074
0.539965712292437,0.357944044192669,-0.0143213049266828,-0.405711291792509,0.000689100697873622,-0.0370831279755725,0.00067667720634098,-0.430229372788998,0.000369545523200884
0.543710454646936,0.357942820333847,-0.014423104448425,-0.405714992546045,0.000694396012093298,-0.037083975056038,0.000681726918454893,-0.430248856554608,0.00037736962943237
0.547481167345445,0.357941554528937,-0.0145256529760074,-0.405718741396791,0.000699737701014096,-0.0370848311613223,0.000686818304967772,-0.430268576409403,0.000385349311753186
0.551278030496154,0.357940245613456,-0.0146289563319619,-0.405722538934112,0.000705126253014828,-0.0370856963490947,0.00069195176833029,-0.43028853474549,0.000393487481337759
0.55510122545633,0.357938892394706,-0.0147330203845368,-0.405726385753899,0.000710562162349656,-0.0370865706762801,0.000697127715378347,-0.430308733966705,0.000401787098783579
0.558950934840979,0.35793749365118,-0.0148378510479254,-0.405730282458616,0.000716045929215536,-0.0370874541990186,0.000702346557374996,-0.430329176488301,0.000410251174792348
0.56282734253157,0.357936048131978,-0.0149434542824891,-0.405734229657373,0.000721578059820142,-0.0370883469726229,0.000707608710052367,-0.430349864736632,0.000418882770855111
0.566730633684818,0.357934554556202,-0.0150498360949765,-0.405738227965987,0.000727159066450402,-0.0370892490515361,0.00071291459365354,-0.430370801148811,0.000427684999941752
0.570660994741526,0.357933011612343,-0.0151570025387371,-0.405742278007045,0.000732789467541458,-0.0370901604892869,0.000718264632974415,-0.430391988172364,0.000436661027194279
0.574618613435493,0.357931417957661,-0.0152649597139311,-0.40574638040997,0.000738469787746176,-0.0370910813384453,0.000723659257405475,-0.430413428264868,0.000445814070623607
0.578603678802477,0.357929772217559,-0.0153737137677321,-0.405750535811084,0.000744200558005181,-0.037092011650576,0.000729098900973516,-0.43043512389357,0.000455147401810199
0.582616381189231,0.357928072984938,-0.0154832708945266,-0.405754744853681,0.000749982315617435,-0.0370929514761912,0.000734584002383268,-0.430457077535003,0.00046466434660826
0.586656912262587,0.357926318819558,-0.0155936373361053,-0.405759008188085,0.000755815604311236,-0.0370939008647028,0.000740115005058878,-0.430479291674574,0.000474368285852414
0.590725465018618,0.357924508247372,-0.0157048193818511,-0.405763326471727,0.000761700974315885,-0.0370948598643726,0.000745692357185301,-0.430501768806152,0.000484262656068074
0.594822233791852,0.357922639759867,-0.0158168233689187,-0.405767700369206,0.000767638982433708,-0.0370958285222623,0.000751316511749489,-0.430524511431623,0.000494350950183992
0.598947414264556,0.357920711813384,-0.0159296556824093,-0.405772130552364,0.000773630192112795,-0.0370968068841812,0.000756987926581463,-0.43054752206045,0.000504636718247936
0.603101203476082,0.357918722828438,-0.0160433227555383,-0.405776617700352,0.000779675173520029,-0.0370977949946345,0.000762707064395115,-0.430570803209203,0.000515123568143636
0.607283799832281,0.357916671189021,-0.0161578310697961,-0.405781162499706,0.000785774503614903,-0.0370987928967687,0.000768474392828871,-0.430594357401076,0.000525815166311075
0.611495403114975,0.357914555241901,-0.0162731871551018,-0.405785765644413,0.000791928766223634,-0.0370998006323167,0.000774290384486048,-0.430618187165395,0.000536715238467267
0.615736214491506,0.357912373295909,-0.0163893975899503,-0.405790427835989,0.000798138552113994,-0.0371008182415421,0.000780155516974982,-0.4306422950371,0.000547827570329493
0.620006436524339,0.357910123621222,-0.0165064690015506,-0.405795149783553,0.000804404459070516,-0.0371018457631814,0.000786070272948868,-0.430666683556216,0.000559156008339223
0.624306273180741,0.357907804448628,-0.0166244080659581,-0.405799932203896,0.000810727091970432,-0.0371028832343857,0.00079203514014528,-0.430691355267311,0.000570704460387303
0.628635929842521,0.357905413968791,-0.0167432215081975,-0.405804775821564,0.000817107062859968,-0.037103930690661,0.000798050611425343,-0.430716312718923,0.000582476896539064
0.632995613315842,0.357902950331503,-0.0168629161023777,-0.405809681368931,0.000823544991031291,-0.0371049881658073,0.000804117184812579,-0.430741558462989,0.000594477349761341
0.637385531841099,0.357900411644926,-0.0169834986717994,-0.405814649586277,0.000830041503100076,-0.0371060556918562,0.000810235363531342,-0.430767095054241,0.000606709916647491
0.641805895102865,0.357897795974828,-0.0171049760890525,-0.405819681221867,0.000836597233083446,-0.0371071332990082,0.000816405656044824,-0.430792925049589,0.000619178758143435
0.646256914239905,0.357895101343808,-0.0172273552761055,-0.405824777032034,0.000843212822478696,-0.0371082210155675,0.000822628576092676,-0.430819051007491,0.000631888100272898
0.650738801855265,0.357892325730513,-0.0173506432043851,-0.405829937781254,0.000849888920342445,-0.0371093188678765,0.000828904642728093,-0.430845475487295,0.000644842234861165
0.655251772026422,0.357889467068848,-0.0174748468948477,-0.405835164242237,0.000856626183370481,-0.0371104268802488,0.000835234380354476,-0.430872201048574,0.000658045520257916
0.659796040315516,0.357886523247176,-0.017599973418039,-0.405840457196002,0.000863425275978102,-0.0371115450749007,0.000841618318761504,-0.43089923025043,0.000671502382058098
0.664371823779638,0.357883492107508,-0.0177260298941458,-0.405845817431967,0.000870286870381199,-0.0371126734718819,0.0008480569931607,-0.430926565650791,0.000685217313820569
0.668979340981204,0.357880371444689,-0.0178530234930365,-0.405851245748035,0.00087721164667779,-0.0371138120890044,0.000854550944220395,-0.430954209805679,0.000699194877784609
0.673618811998395,0.357877159005571,-0.0179809614342916,-0.405856742950678,0.000884200292930314,-0.0371149609417708,0.000861100718100082,-0.430982165268463,0.000713439705583158
0.678290458435663,0.357873852488181,-0.0181098509872234,-0.405862309855029,0.000891253505248556,-0.0371161200433006,0.000867706866484149,-0.431010434589094,0.000727956498952798
0.682994503434323,0.357870449540882,-0.0182396994708847,-0.405867947284972,0.000898371987873157,-0.0371172894042558,0.000874369946614891,-0.431039020313316,0.000742750030439915
0.687731171683206,0.357866947761521,-0.0183705142540671,-0.405873656073231,0.000905556453259872,-0.037118469032765,0.000881090521324886,-0.431067924981864,0.000757825144102914
0.692500689429393,0.357863344696576,-0.0185023027552865,-0.405879437061466,0.00091280762216446,-0.0371196589343462,0.000887869159068554,-0.431097151129627,0.000773186756208993
0.697303284489026,0.357859637840289,-0.0186350724427583,-0.405885291100366,0.000920126223728317,-0.0371208591118281,0.000894706433953027,-0.431126701284812,0.00078883985592712
0.70213918625818,0.357855824633799,-0.0187688308343606,-0.405891219049745,0.000927512995564869,-0.0371220695652708,0.000901602925768166,-0.431156577968069,0.000804789506013898
0.70700862572383,0.35785190246426,-0.018903585497584,-0.405897221778641,0.000934968683846533,-0.0371232902918846,0.000908559220015743,-0.431186783691602,0.000821040843494214
0.71191183547488,0.357847868663958,-0.0190393440494714,-0.405903300165413,0.000942494043392705,-0.0371245212859476,0.000915575907937791,-0.431217320958262,0.000837599080335066
0.716849049713269,0.357843720509418,-0.0191761141565426,-0.405909455097845,0.000950089837758312,-0.0371257625387221,0.000922653586544022,-0.431248192260618,0.000854469504112415
0.721820504265165,0.357839455220504,-0.0193139035347085,-0.405915687473247,0.000957756839323278,-0.03712701403837,0.000929792858638307,-0.431279400079997,0.000871657478669935
0.726826436592224,0.357835069959517,-0.0194527199491705,-0.405921998198557,0.000965495829382795,-0.0371282757698667,0.000936994332844191,-0.431310946885521,0.000889168444769883
0.731867085802933,0.35783056183028,-0.0195925712143077,-0.405928388190454,0.0009733075982385,-0.0371295477149131,0.000944258623629408,-0.431342835133102,0.000907007920735448
0.736942692664033,0.357825927877223,-0.0197334651935506,-0.40593485837546,0.000981192945290414,-0.0371308298518477,0.000951586351329341,-0.431375067264435,0.000925181503083322
0.742053499612018,0.357821165084455,-0.0198754097992405,-0.405941409690051,0.000989152679129971,-0.0371321221555562,0.000958978142169402,-0.431407645705952,0.000943694867146766
0.747199750764715,0.357816270374844,-0.0200184129924754,-0.405948043080773,0.000997187617633857,-0.0371334245973806,0.00096643462828631,-0.431440572867767,0.000962553767687974
0.752381691932944,0.357811240609073,-0.0201624827829426,-0.405954759504351,0.00100529858805886,-0.0371347371450266,0.000973956447748194,-0.431473851142593,0.000981764039499483
0.757599570632259,0.357806072584708,-0.0203076272287357,-0.405961559927808,0.00101348642713782,-0.03713605976247,0.000981544244573528,-0.431507482904636,0.00100133159799387
0.762853636094773,0.357800763035246,-0.0204538544361577,-0.405968445328584,0.00102175198117646,-0.0371373924098618,0.00098919866874884,-0.431541470508475,0.00102126243978162
0.768144139281058,0.357795308629177,-0.0206011725595103,-0.405975416694653,0.00103009610615152,-0.037138735043432,0.000996920376245138,-0.431575816287908,0.00104156264323516
0.773471332892138,0.357789705969018,-0.0207495898008667,-0.40598247502465,0.00103851966780982,-0.0371400876153927,0.00100471002903305,-0.431610522554787,0.00106223836904026
0.778835471381553,0.357783951590369,-0.0208991144098314,-0.40598962132799,0.00104702354176861,-0.0371414500738391,0.00101256829509663,-0.431645591597824,0.00108329586073289
0.784236810967519,0.35777804196094,-0.021049754683283,-0.405996856625001,0.0010556086136171,-0.0371428223626501,0.00102049584844578,-0.431681025681379,0.00110474144522082
0.78967560964516,0.357771973479594,-0.0212015189651029,-0.406004181947052,0.00106427577901923,-0.0371442044213873,0.00102849336912724,-0.431716827044226,0.00112658153329051
0.795152127198837,0.357765742475378,-0.0213544156458882,-0.406011598336682,0.0010730259438178,-0.0371455961851934,0.00103656154323419,-0.43175299789829,0.00114882262009733
0.800666625214554,0.357759345206552,-0.0215084531626489,-0.406019106847738,0.00108186002413993,-0.0371469975846886,0.00104470106291428,-0.431789540427373,0.00117147128563883
0.806219367092452,0.357752777859613,-0.0216636399984896,-0.40602670854551,0.00109077894650389,-0.0371484085458665,0.00105291262637618,-0.431826456785853,0.00119453419521068
0.811810618059391,0.357746036548327,-0.0218199846822751,-0.406034404506871,0.00109978364792743,-0.0371498289899891,0.00106119693789455,-0.431863749097359,0.00121801809984395
0.817440645181619,0.357739117312742,-0.0219774957882806,-0.406042195820421,0.00110887507603769,-0.0371512588334798,0.00106955470781346,-0.431901419453426,0.00124192983672411
0.823109717377527,0.357732016118219,-0.0221361819358249,-0.406050083586627,0.00111805418918254,-0.0371526979878168,0.00107798665254805,-0.431939469912135,0.00126627632958931
0.828818105430497,0.357724728854445,-0.0222960517888883,-0.406058068917978,0.00112732195654376,-0.0371541463594237,0.00108649349458465,-0.43197790249672,0.00129106458910924
0.834566082001833,0.357717251334453,-0.022457114055714,-0.406066152939129,0.00113667935825173,-0.0371556038495607,0.00109507596247905,-0.432016719194165,0.00131630171324215
0.840353921643785,0.357709579293645,-0.0226193774883935,-0.406074336787058,0.00114612738550204,-0.0371570703542139,0.00110373479085319,-0.432055921953772,0.00134199488756995
0.846181900812664,0.357701708388804,-0.0227828508824345,-0.406082621611221,0.00115566704067388,-0.037158545763984,0.00111247072038983,-0.432095512685715,0.00136815138561108
0.852050297882047,0.357693634197115,-0.0229475430763141,-0.406091008573709,0.00116529933745028,-0.0371600299639737,0.00112128449782562,-0.432135493259568,0.00139477856910966
0.857959393156072,0.357685352215184,-0.0231134629510141,-0.406099498849418,0.00117502530094051,-0.0371615228336748,0.00113017687594218,-0.432175865502817,0.00142188388830053
0.863909468882829,0.357676857858058,-0.023280619429541,-0.406108093626204,0.00118484596780442,-0.0371630242468541,0.00113914861355529,-0.432216631199351,0.00144947488214922
0.86990080926784,0.357668146458244,-0.0234490214764285,-0.406116794105058,0.00119476238637882,-0.0371645340714381,0.00114820047550221,-0.432257792087932,0.0014775591785666
0.875933700487633,0.35765921326473,-0.0236186780972242,-0.406125601500278,0.00120477561680645,-0.0371660521693978,0.00115733323262693,-0.432299349860649,0.00150614449459674
0.882008430703416,0.357650053442015,-0.0237895983379598,-0.406134517039641,0.00121488673116678,-0.037167578396632,0.00116654766176354,-0.43234130616135,0.00153523863657748
0.888125290074835,0.357640662069129,-0.0239617912846043,-0.406143541964582,0.00122509681360962,-0.0371691126028499,0.00117584454571746,-0.432383662584059,0.00156484950027355
0.894284570773836,0.357631034138664,-0.0241352660625017,-0.406152677530377,0.00123540696049104,-0.0371706546314535,0.00118522467324467,-0.432426420671371,0.00159498507098033
0.900486566998624,0.357621164555808,-0.0243100318357916,-0.406161925006327,0.00124581828051181,-0.0371722043194189,0.00119468883902878,-0.432469581912834,0.0016256534235983
0.906731574987708,0.357611048137378,-0.024486097806814,-0.406171285675945,0.00125633189485868,-0.0371737614971772,0.00120423784365602,-0.432513147743313,0.0016568627226774
0.913019893034057,0.35760067961086,-0.0246634732154976,-0.406180760837151,0.00126694893734833,-0.0371753259884946,0.00121387249358803,-0.432557119541334,0.00168862122242999
0.919351821499347,0.357590053613453,-0.0248421673387325,-0.406190351802467,0.00127767055457427,-0.0371768976103523,0.00122359360113246,-0.432601498627416,0.00172093726671241
0.925727662828307,0.357579164691115,-0.0250221894897263,-0.406200059899213,0.00128849790605667,-0.0371784761728256,0.00123340198441137,-0.432646286262387,0.00175381928897336
0.932147721563161,0.357568007297617,-0.0252035490173446,-0.406209886469712,0.00129943216439531,-0.0371800614789628,0.00124329846732733,-0.432691483645686,0.00178727581216986
0.938612304358183,0.357556575793599,-0.0253862553054367,-0.406219832871497,0.00131047451542577,-0.0371816533246634,0.00125328387952731,-0.432737091913646,0.00182131544864828
0.945121719994339,0.357544864445636,-0.0255703177721435,-0.406229900477521,0.00132162615837887,-0.0371832514985563,0.00126335905636416,-0.432783112137769,0.00185594689999075
0.951676279394036,0.357532867425303,-0.0257557458691926,-0.406240090676368,0.00133288830604362,-0.0371848557818775,0.00127352483885589,-0.432829545322991,0.00189117895682672
0.958276295635973,0.357520578808254,-0.025942549081177,-0.406250404872476,0.00134426218493372,-0.0371864659483474,0.00128378207364245,-0.432876392405924,0.00192702049860741
0.964922083970099,0.357507992573302,-0.0261307369248182,-0.406260844486353,0.00135574903545766,-0.0371880817640483,0.00129413161294027,-0.432923654253095,0.00196348049334358
0.971613961832666,0.357495102601508,-0.0263203189482157,-0.406271410954806,0.00136735011209273,-0.0371897029873011,0.00130457431449427,-0.432971331659176,0.00200056799730627
0.978352248861393,0.357481902675276,-0.0265113047300813,-0.40628210573117,0.00137906668356295,-0.0371913293685426,0.00131511104152755,-0.433019425345198,0.00203829215468768
0.985137266910738,0.357468386477457,-0.0267037038789594,-0.406292930285539,0.00139090003302094,-0.0371929606502027,0.00132574266268856,-0.43306793595676,0.00207666219722494
0.991969340067262,0.357454547590463,-0.0268975260324327,-0.406303886105007,0.0014028514582342,-0.0371945965665805,0.00133647005199587,-0.433116864062231,0.00211568744378268
0.998848794665118,0.357440379495381,-0.0270927808563154,-0.406314974693906,0.00141492227177561,-0.037196236843722,0.00134729408878044,-0.433166210150939,0.00215537729989612
1.00577595930163,0.357425875571103,-0.027289478043831,-0.406326197574053,0.00142711380121831,-0.0371978811992969,0.00135821565762538,-0.433215974631363,0.00219574125727262
1.01275116485301,0.357411029093465,-0.0274876273147784,-0.406337556285,0.00143942738933544,-0.0371995293424762,0.00136923564830321,-0.433266157829311,0.00223678889325252
1.01977474449012,0.357395833234387,-0.0276872384146852,-0.406349052384282,0.00145186439430448,-0.037201180973809,0.00138035495571066,-0.433316759986101,0.00227852987022698
1.02684703369442,0.357380281061034,-0.0278883211139471,-0.406360687447686,0.00146442618991655,-0.037202835785101,0.00139157447980085,-0.433367781256732,0.00232097393501374
1.033968370274,0.357364365534972,-0.0280908852069563,-0.406372463069499,0.0014771141657907,-0.0372044934592922,0.00140289512551297,-0.433419221708058,0.00236413091818907
1.04113909437969,0.35734807951135,-0.028294940511218,-0.406384380862785,0.00148992972759361,-0.0372061536703355,0.00141431780269946,-0.433471081316961,0.00240801073337663
1.0483595485213,0.357331415738075,-0.0285004968664548,-0.406396442459648,0.00150287429726449,-0.037207816083076,0.00142584342605059,-0.433523359968518,0.00245262337649177
1.05563007758401,0.357314366855014,-0.0287075641337003,-0.406408649511508,0.00151594931324554,-0.0372094803531299,0.00143747291501648,-0.433576057454179,0.00249797892494075
1.06295102884484,0.357296925393189,-0.0289161521943819,-0.40642100368938,0.00152915623071823,-0.0372111461267652,0.0014492071937266,-0.433629173469938,0.00254408753677557
1.07032275198921,0.357279083773996,-0.0291262709493939,-0.406433506684157,0.00154249652184531,-0.0372128130407819,0.00146104719090669,-0.43368270761451,0.00259095944980264
1.07774559912768,0.357260834308431,-0.0293379303181593,-0.406446160206894,0.00155597167601881,-0.037214480722394,0.00147299383979313,-0.433736659387521,0.00263860498064583
1.08521992481272,0.357242169196319,-0.0295511402376836,-0.406458965989099,0.00156958320011444,-0.0372161487891114,0.00148504807804478,-0.43379102818769,0.00268703452376298
1.0927460860557,0.357223080525566,-0.0297659106615988,-0.406471925783028,0.00158333261875215,-0.037217816848623,0.00149721084765221,-0.433845813311029,0.00273625855041612
1.1003244423439,0.357203560271412,-0.0299822515591985,-0.406485041361987,0.00159722147456333,-0.0372194844986807,0.0015094830948445,-0.43390101394905,0.00278628760759464
1.10795535565772,0.3571836002957,-0.0302001729144655,-0.40649831452063,0.00161125132846465,-0.0372211513269844,0.00152186576999343,-0.433956629186974,0.00283713231689131
1.11563919048792,0.357163192346154,-0.0304196847250911,-0.406511747075266,0.0016254237599389,-0.037222816911068,0.00153435982751514,-0.434012658001964,0.00288880337333119
1.12337631385307,0.357142328055668,-0.0306407970014876,-0.406525340864175,0.00163974036732273,-0.0372244808181862,0.00154696622576937,-0.43406909926136,0.00294131154415284
1.13116709531708,0.357120998941609,-0.0308635197657933,-0.406539097747919,0.00165420276810183,-0.037226142605203,0.00155968592695617,-0.434125951720934,0.00299466766754203
1.13901190700682,0.357099196405123,-0.0310878630508718,-0.40655301960966,0.00166881259921336,-0.037227801818481,0.00157251989701009,-0.434183214023157,0.00304888265131772
1.14691112362992,0.357076911730464,-0.0313138368993052,-0.406567108355485,0.00168357151735612,-0.0372294579937721,0.00158546910549201,-0.434240884695485,0.00310396747157038
1.15486512249268,0.357054136084321,-0.0315414513623815,-0.406581365914734,0.00169848119930841,-0.0372311106561097,0.00159853452547852,-0.434298962148662,0.00315993317125263
1.16287428351806,0.357030860515166,-0.0317707164990777,-0.406595794240328,0.00171354334225393,-0.0372327593197022,0.0016117171334488,-0.434357444675047,0.00321679085872181
1.17093898926384,0.357007075952605,-0.032001642375038,-0.406610395309103,0.00172875966411593,-0.0372344034878275,0.00162501790916933,-0.434416330446951,0.00327455170623564
1.1790596249409,0.356982773206746,-0.0322342390615479,-0.40662517112215,0.00174413190389945,-0.0372360426527303,0.00163843783557602,-0.434475617515015,0.00333322694839983
1.18723657843162,0.356957942967572,-0.0324685166345051,-0.406640123705157,0.00175966182204246,-0.0372376762955192,0.00165197789865417,-0.434535303806592,0.00339282788056866
1.19547024030838,0.356932575804326,-0.0327044851733873,-0.406655255108754,0.00177535120077547,-0.0372393038860675,0.00166563908731613,-0.434595387124171,0.00345336585719869
1.20376100385228,0.356906662164909,-0.0329421547602168,-0.406670567408861,0.00179120184449016,-0.0372409248829138,0.00167942239327666,-0.434655865143819,0.00351485229015552
1.21210926507183,0.356880192375283,-0.0331815354785241,-0.406686062707041,0.00180721558011716,-0.0372425387331657,0.00169332881092614,-0.434716735413655,0.00357729864697429
1.22051542272196,0.356853156638881,-0.0334226374123086,-0.406701743130857,0.00182339425751311,-0.0372441448724045,0.00170735933720153,-0.434777995352356,0.00364071644907407
1.22897987832301,0.356825545036039,-0.0336654706449987,-0.406717610834231,0.00183973974985722,-0.0372457427245929,0.00172151497145531,-0.434839642247691,0.00370511726992695
1.23750303617991,0.356797347523421,-0.0339100452584111,-0.406733667997804,0.00185625395405755,-0.037247331701983,0.00173579671532222,-0.434901673255092,0.00377051273318185
1.24608530340153,0.356768553933462,-0.0341563713317095,-0.406749916829308,0.00187293879116722,-0.0372489112050279,0.00175020557258403,-0.434964085396258,0.00383691451074411
1.25472708992008,0.356739153973816,-0.0344044589403634,-0.406766359563928,0.00188979620681064,-0.0372504806222942,0.00176474254903229,-0.435026875557797,0.0039043343208108
1.26342880851072,0.356709137226812,-0.0346543181551075,-0.406782998464676,0.00190682817162011,-0.0372520393303777,0.00177940865232916,-0.435090040489903,0.00397278392586328
1.27219087481126,0.35667849314892,-0.0349059590409015,-0.406799835822768,0.00192403668168283,-0.0372535866938199,0.00179420489186632,-0.435153576805081,0.00404227513061728
1.28101370734203,0.356647211070215,-0.0351593916558916,-0.406816873958,0.0019414237589986,-0.0372551220650282,0.00180913227862203,-0.4352174809769,0.00411281977993064
1.28989772752585,0.35661528019386,-0.0354146260503734,-0.406834115219125,0.00195899145194856,-0.0372566447841971,0.00182419182501649,-0.435281749338801,0.00418442975667116
1.29884335970818,0.356582689595584,-0.0356716722657566,-0.406851561984244,0.00197674183577464,-0.0372581541792323,0.00183938454476535,-0.435346378082945,0.00425711697954378
1.30785103117738,0.356549428223173,-0.0359305403335321,-0.406869216661181,0.00199467701307072,-0.0372596495656776,0.0018547114527317,-0.435411363259101,0.00433089340087955
1.31692117218509,0.356515484895956,-0.0361912402742411,-0.406887081687878,0.00201279911428492,-0.0372611302466428,0.00187017356477628,-0.435476700773591,0.00440577100438538
1.32605421596686,0.356480848304309,-0.0364537820964481,-0.406905159532782,0.00203111029823364,-0.0372625955127358,0.00188577189760636,-0.435542386388279,0.00448176180285836
1.33525059876274,0.35644550700915,-0.0367181757957158,-0.406923452695236,0.00204961275262758,-0.0372640446419956,0.00190150746862291,-0.435608415719608,0.00455887783586326
1.34451075983821,0.356409449441443,-0.0369844313535845,-0.406941963705874,0.00206830869460965,-0.0372654768998288,0.00191738129576662,-0.435674784237691,0.00463713116737607
1.3538351415051,0.356372663901701,-0.0372525587365536,-0.406960695127018,0.00208720037130507,-0.0372668915389484,0.0019333943973623,-0.435741487265457,0.00471653388339399
1.36322418914273,0.356335138559499,-0.037522567895068,-0.406979649553071,0.00210629006038422,-0.037268287799315,0.00194954779196225,-0.435808519977845,0.00479709808951351
1.37267835121923,0.356296861452974,-0.0377944687625083,-0.40699882961092,0.00212558007063773,-0.0372696649080805,0.00196584249818828,-0.435875877401062,0.00487883590847774
1.38219807931287,0.356257820488337,-0.0380682712541842,-0.407018237960333,0.00214507274256464,-0.0372710220795351,0.00198227953457263,-0.435943554411893,0.00496175947769467
1.39178382813373,0.35621800343938,-0.0383439852663328,-0.407037877294363,0.00216477044897351,-0.0372723585150559,0.00199885991939788,-0.436011545737065,0.00504588094672792
1.40143605554534,0.356177397946982,-0.0386216206751209,-0.407057750339748,0.00218467559559664,-0.0372736734030596,0.00201558467053584,-0.436079845952681,0.00513121247476075
1.4111552225866,0.356135991518613,-0.038901187335651,-0.407077859857315,0.00220479062171784,-0.0372749659189561,0.0020324548052855,-0.436148449483706,0.00521776622803619
1.42094179349378,0.356093771527835,-0.0391826950809722,-0.407098208642387,0.0022251180008137,-0.0372762352251065,0.00204947134021021,-0.436217350603519,0.00530555437727326
1.43079623572268,0.3560507252138,-0.0394661537210956,-0.40711879952518,0.00224566024120855,-0.0372774804707828,0.00206663529097412,-0.436286543433523,0.00539458909506341
1.440719019971,0.356006839680743,-0.039751573042012,-0.407139635371219,0.00226641988674357,-0.0372787007921307,0.00208394767217779,-0.436356021942828,0.00548488255324581
1.45071062020079,0.355962101897475,-0.0400389628047163,-0.407160719081732,0.00228739951745986,-0.0372798953121352,0.00210140949719344,-0.436425779947987,0.00557644692026624
1.46077151366109,0.355916498696858,-0.0403283327442334,-0.407182053594064,0.00230860175029594,-0.0372810631405886,0.0021190217779995,-0.436495811112808,0.00566929435851946
1.47090218091073,0.355870016775285,-0.0406196925686497,-0.407203641882078,0.00233002923979977,-0.0372822033740618,0.00213678552501476,-0.436566108948229,0.00576343702167781
1.48110310584131,0.35582264269215,-0.0409130519581465,-0.407225486956558,0.00235168467885542,-0.0372833150958777,0.00215470174693225,-0.436636666812256,0.00585888705200829
1.49137477570027,0.3557743628693,-0.0412084205640378,-0.407247591865619,0.00237357079942478,-0.0372843973760881,0.00217277145055269,-0.43670747790998,0.00595565657767846
1.50171768111418,0.355725163590496,-0.041505808007811,-0.407269959695107,0.00239569037330399,-0.0372854492714525,0.00219099564061788,-0.436778535293649,0.00605375771005529
1.5121323161122,0.355675031000843,-0.0418052238801691,-0.407292593569001,0.00241804621289568,-0.0372864698254206,0.00220937531964388,-0.436849831862825,0.00615320254099855
1.52261917814963,0.355623951106223,-0.0421066777400769,-0.407315496649818,0.00244064117199608,-0.0372874580681164,0.00222791148775422,-0.436921360364597,0.00625400314014871
1.53317876813171,0.355571909772716,-0.0424101791138077,-0.407338672139009,0.00246347814659815,-0.0372884130163261,0.00224660514251309,-0.436993113393876,0.00635617155221491
1.54381159043753,0.355518892725997,-0.0427157374939919,-0.407362123277362,0.00248656007571038,-0.0372893336734878,0.00226545727875871,-0.437065083393753,0.00645971979426274
1.55451815294413,0.355464885550731,-0.0430233623386664,-0.407385853345399,0.00250988994219151,-0.0372902190296847,0.00228446888843682,-0.437137262655935,0.00656465985300403
1.56529896705074,0.355409873689949,-0.0433330630703244,-0.407409865663767,0.0025334707736016,-0.0372910680616398,0.00230364096043456,-0.437209643321246,0.00667100368209325
1.57615454770323,0.355353842444409,-0.043644849074965,-0.407434163593637,0.00255730564306931,-0.0372918797327145,0.00232297448041458,-0.43728221738021,0.00677876319942958
1.58708541341869,0.35529677697194,-0.0439587297011418,-0.407458750537091,0.0025813976701758,-0.0372926529929089,0.00234247043064971,-0.437354976673693,0.00688795028446945
1.5980920863102,0.35523866228677,-0.0442747142590101,-0.40748362993751,0.00260575002185522,-0.0372933867788649,0.00236212978985801,-0.437427912893632,0.00699857677555024
1.60917509211179,0.355179483258837,-0.0445928120193712,-0.407508805279964,0.00263036591331223,-0.0372940800138718,0.0023819535330385,-0.43750101758382,0.00711065446722878
1.62033496020352,0.35511922461308,-0.0449130322127152,-0.40753428009159,0.00265524860895678,-0.0372947316078743,0.00240194263130751,-0.437574282140782,0.00722419510763586
1.63157222363676,0.35505787092871,-0.045235384028258,-0.407560057941973,0.00268040142335565,-0.0372953404574831,0.00242209805173573,-0.437647697814705,0.00733921039584959
1.64288741915971,0.354995406638465,-0.0455598766129751,-0.407586142443523,0.00270582772220186,-0.0372959054459875,0.0024424207571861,-0.43772125571045,0.00745571197929065
1.65428108724297,0.354931816027841,-0.0458865190706291,-0.407612537251847,0.00273153092330183,-0.0372964254433708,0.00246291170615253,-0.437794946788635,0.0075737114511395
1.6657537721054,0.354867083234298,-0.0462153204607908,-0.407639246066112,0.00275751449757972,-0.0372968993063278,0.00248357185259959,-0.437868761866786,0.00769322034778191
1.67730602174008,0.354801192246451,-0.0465462897978528,-0.40766627262942,0.0027837819701006,-0.0372973258782837,0.00250440214580309,-0.437942691620559,0.00781425014628026
1.68893838794052,0.354734126903234,-0.046879436050035,-0.407693620729155,0.00281033692111116,-0.0372977039894168,0.00252540353019193,-0.43801672658503,0.00793681226187767
1.70065142632699,0.35466587089304,-0.0472147681383795,-0.407721294197349,0.00283718298709925,-0.0372980324566818,0.00254657694519077,-0.438090857156064,0.00806091804553341
1.71244569637308,0.354596407752837,-0.0475522949357358,-0.407749296911025,0.00286432386187171,-0.0372983100838356,0.00256792332506416,-0.438165073591734,0.00818657878149531
1.72432176143241,0.354525720867263,-0.0478920252657341,-0.407777632792546,0.00289176329765097,-0.0372985356614655,0.00258944359876169,-0.43823936601383,0.00831380568490803
1.73628018876552,0.354453793467688,-0.0482339679017441,-0.40780630580995,0.00291950510619092,-0.0372987079670185,0.00261113868976454,-0.438313724409412,0.0084426098994633
1.74832154956701,0.354380608631257,-0.048578131565822,-0.407835319977289,0.00294755315991161,-0.037298825764833,0.00263300951593331,-0.43838813863245,0.0085730024950911
1.7604464189928,0.354306149279905,-0.0489245249276396,-0.407864679354952,0.00297591139305339,-0.037298887806172,0.00265505698935721,-0.438462598405507,0.00870499446569573
1.77265537618758,0.354230398179341,-0.0492731566033981,-0.407894388049992,0.00300458380285051,-0.0372988928292579,0.00267728201620476,-0.438537093321507,0.00883859672693926
1.78494900431252,0.35415333793801,-0.0496240351547232,-0.407924450216433,0.00303357445072482,-0.0372988395593091,0.00269968549657579,-0.438611612845544,0.00897382011407311
1.79732789057308,0.354074951006026,-0.0499771690875404,-0.407954870055587,0.00306288746349893,-0.0372987267085779,0.00272226832435513,-0.438686146316769,0.0091106753798216
1.80979262624709,0.353995219674072,-0.0503325668509297,-0.407985651816348,0.00309252703462973,-0.0372985529763896,0.00274503138706765,-0.438760682950324,0.00924917319231819
1.82234380671297,0.35391412607228,-0.0506902368359582,-0.40801679979549,0.00312249742546238,-0.0372983170491838,0.002767975565735,-0.438835211839342,0.00938932413309801
1.83498203147818,0.353831652169077,-0.0510501873744875,-0.408048318337949,0.00315280296650471,-0.0372980176005557,0.00279110173473383,-0.438909721956993,0.00953113869514699
1.84770790420785,0.353747779770003,-0.0514124267379577,-0.408080211837106,0.00318344805872234,-0.0372976532912995,0.00281441076165573,-0.438984202158597,0.00967462728101062
1.86052203275364,0.353662490516496,-0.0517769631361428,-0.40811248473505,0.00321443717485499,-0.0372972227694524,0.00283790350716872,-0.439058641183777,0.00981980020096501
1.87342502918271,0.353575765884663,-0.0521438047158782,-0.408145141522846,0.00324577486075373,-0.0372967246703399,0.00286158082488033,-0.439133027658673,0.00996666767124968
1.88641750980704,0.353487587183998,-0.0525129595597584,-0.408178186740779,0.00327746573673979,-0.0372961576166214,0.00288544356120255,-0.439207350098194,0.010115239812367
1.89950009521279,0.353397935556095,-0.0528844356848028,-0.408211624978605,0.00330951449898499,-0.0372955202183375,0.00290949255521821,-0.439281596908327,0.010265526647448
1.91267341029,0.353306791973314,-0.0532582410410876,-0.408245460875777,0.00334192592091408,-0.037294811072957,0.00293372863854914,-0.439355756388483,0.0104175381006862
1.92593808426241,0.353214137237427,-0.0536343835103443,-0.408279699121668,0.00337470485462882,-0.0372940287654251,0.00295815263522602,-0.439429816733892,0.0105712839958424
1.93929475071751,0.353119951978233,-0.0540128709045195,-0.408314344455791,0.0034078562323549,-0.037293171868212,0.00298276536155982,-0.439503766038029,0.0107267740548216
1.95274404763682,0.353024216652145,-0.0543937109642975,-0.408349401667992,0.00344138506791083,-0.0372922389413615,0.00300756762601496,-0.439577592295088,0.0108840178963222
1.96628661742637,0.352926911540745,-0.0547769113575832,-0.408384875598643,0.00347529645820009,-0.037291228532541,0.00303256022908404,-0.439651283402482,0.0110430250345602
1.97992310694735,0.352828016749315,-0.055162479677942,-0.408420771138824,0.00350959558472581,-0.0372901391770899,0.00305774396316428,-0.439724827163389,0.0112038048780708
1.99365416754703,0.352727512205343,-0.0555504234429973,-0.408457093230488,0.00354428771512913,-0.0372889693980703,0.0030831196124355,-0.43979821128931,0.0113663667285852
2.00748045508988,0.352625377656989,-0.0559407500927816,-0.408493846866614,0.00357937820475056,-0.0372877177063155,0.00310868795273965,-0.439871423402677,0.0115307197799875
2.0214026299889,0.35252159267154,-0.0563334669880413,-0.408531037091353,0.00361487249821545,-0.0372863826004803,0.00313444975146201,-0.439944451039468,0.011696873117351
2.03542135723711,0.35241613663383,-0.0567285814084926,-0.408568669000155,0.00365077613104321,-0.0372849625670899,0.00316040576741372,-0.440017281651856,0.0118648357160537
2.0495373064394,0.352308988744632,-0.0571261005510266,-0.408606747739881,0.0036870947312807,-0.0372834560805894,0.00318655675071596,-0.440089902610875,0.0120346164409775
2.06375115184445,0.352200128019033,-0.0575260315278613,-0.408645278508912,0.00372383402116012,-0.0372818616033918,0.00321290344268539,-0.440162301209105,0.0122062240457881
2.07806357237695,0.352089533284782,-0.0579283813646407,-0.408684266557228,0.00376099981878157,-0.037280177585927,0.00323944657572112,-0.440234464663369,0.0123796671722986
2.09247525167004,0.351977183180605,-0.0583331569984771,-0.408723717186485,0.00379859803982067,-0.0372784024666889,0.00326618687319288,-0.440306380117446,0.0125549543499164
2.10698687809795,0.351863056154514,-0.0587403652759356,-0.408763635750069,0.00383663469926099,-0.0372765346722831,0.00329312504933055,-0.440378034644797,0.012732093995175
2.12159914480891,0.351747130462084,-0.0591500129509593,-0.408804027653137,0.00387511591315237,-0.0372745726174727,0.00332026180911484,-0.440449415251283,0.0129110944113498
2.1363127497582,0.351629384164705,-0.0595621066827327,-0.408844898352642,0.00391404790039467,-0.0372725147052241,0.00334759784816913,-0.440520508877906,0.0130919637881593
2.15112839574156,0.35150979512783,-0.0599766530334831,-0.408886253357339,0.00395343698454749,-0.0372703593267518,0.00337513385265239,-0.44059130240354,0.0132747102015513
2.1660467904287,0.351388341019187,-0.0603936584662151,-0.408928098227771,0.00399328959566604,-0.0372681048615621,0.0034028704991531,-0.440661782647663,0.0134593416135748
2.18106864639712,0.351264999306987,-0.0608131293423808,-0.408970438576249,0.00403361227216371,-0.0372657496774956,0.00343080845458408,-0.440731936373081,0.0136458658723374
2.19619468116618,0.351139747258105,-0.0612350719194798,-0.409013280066796,0.0040744116627008,-0.0372632921307688,0.00345894837607813,-0.440801750288655,0.0138342907120473
2.21142561723131,0.351012561936256,-0.0616594923485898,-0.409056628415085,0.00411569452810105,-0.0372607305660147,0.00348729091088451,-0.440871211052004,0.0140246237531421
2.22676218209858,0.350883420200153,-0.0620863966718258,-0.40910048938835,0.00415746774329429,-0.0372580633163216,0.00351583669626599,-0.440940305272207,0.0142168725025004
2.24220510831939,0.35075229870165,-0.0625157908197247,-0.409144868805284,0.00419973829928753,-0.0372552887032713,0.0035445863593965,-0.441009019512483,0.0144110443537407
2.25775513352553,0.350619173883877,-0.0629476806085558,-0.409189772535905,0.00424251330516318,-0.0372524050369751,0.00357354051725929,-0.441077340292852,0.0146071465876021
2.27341300046436,0.350484021979372,-0.0633820717375539,-0.409235206501409,0.00428579999010519,-0.037249410616109,0.00360269977654541,-0.441145254092779,0.0148051863724099
2.28917945703428,0.350346819008195,-0.0638189697860734,-0.409281176673998,0.00432960570545401,-0.0372463037279472,0.00363206473355247,-0.441212747353787,0.0150051707646242
2.30505525632052,0.350207540776041,-0.0642583802106642,-0.409327689076686,0.00437393792678895,-0.0372430826483938,0.00366163597408357,-0.441279806482053,0.0152071067094701
2.32104115663104,0.350066162872352,-0.0647003083420631,-0.409374749783076,0.00441880425604009,-0.0372397456420132,0.00369141407334628,-0.441346417850962,0.0154110010416498
2.33713792153279,0.349922660668423,-0.0651447593821047,-0.409422364917119,0.00446421242362866,-0.0372362909620589,0.00372139959585155,-0.441412567803638,0.015616860486135
2.35334631988814,0.349777009315506,-0.065591738400546,-0.409470540652846,0.00451017029063661,-0.0372327168505004,0.00375159309531243,-0.441478242655439,0.0158246916590386
2.36966712589169,0.349629183742923,-0.0660412503318053,-0.409519283214071,0.00455668585100569,-0.0372290215380482,0.00378199511454248,-0.441543428696407,0.0160345010685652
2.38610111910714,0.349479158656173,-0.066493299971613,-0.409568598874069,0.00460376723376564,-0.0372252032441777,0.00381260618535382,-0.441608112193686,0.0162462951160378
2.40264908450462,0.349326908535051,-0.0669478919735741,-0.409618493955227,0.00465142270529284,-0.0372212601771509,0.00384342682845449,-0.441672279393894,0.0164600800970016
2.41931181249812,0.349172407631773,-0.0674050308456392,-0.409668974828669,0.00469966067159823,-0.0372171905340359,0.00387445755334532,-0.441735916525446,0.0166758622024
2.43609009898327,0.349015629969111,-0.0678647209464845,-0.409720047913841,0.00474848968064584,-0.0372129925007255,0.00390569885821581,-0.441799009800839,0.0168936475198265
2.45298474537537,0.348856549338535,-0.0683269664817982,-0.409771719678082,0.00479791842470155,-0.0372086642519534,0.00393715122983924,-0.441861545418872,0.0171134420348454
2.46999655864764,0.34869513929838,-0.0687917715004728,-0.409823996636151,0.00484795574271252,-0.0372042039513085,0.00396881514346654,-0.44192350956683,0.017335251632383
2.48712635136979,0.34853137317202,-0.0692591398907011,-0.409876885349724,0.00489861062271706,-0.0371996097512475,0.00400069106271912,-0.441984888422599,0.0175590820981876
2.50437494174681,0.348365224046063,-0.0697290753759763,-0.409930392426865,0.00494989220428549,-0.037194879793106,0.00403277943948021,-0.442045668156732,0.0177849391203546
2.52174315365806,0.348196664768567,-0.0702015815109933,-0.409984524521459,0.00500180978099227,-0.0371900122071074,0.00406508071378486,-0.442105834934454,0.0180128282909167
2.53923181669665,0.348025667947287,-0.0706766616774512,-0.410039288332603,0.00505437280291884,-0.0371850051123697,0.00409759531370816,-0.442165374917603,0.0182427551074954
2.55684176620901,0.347852205947936,-0.0711543190797564,-0.410094690603974,0.00510759087918822,-0.0371798566169116,0.00413032365525186,-0.442224274266513,0.0184747249750148
2.57457384333485,0.347676250892483,-0.0716345567406227,-0.410150738123151,0.00516147378053051,-0.0371745648176555,0.00416326614222898,-0.442282519141827,0.018708743207472
2.59242889504728,0.34749777465748,-0.0721173774965717,-0.410207437720905,0.00521603144188042,-0.0371691278004299,0.00419642316614641,-0.442340095706243,0.018944815029764
2.61040777419332,0.347316748872427,-0.0726027839933284,-0.410264796270439,0.00527127396500585,-0.0371635436399693,0.00422979510608535,-0.442396990126194,0.0191829455795697
2.6285113395346,0.347133144918165,-0.0730907786811138,-0.410322820686607,0.00532721162116866,-0.037157810399913,0.00426338232857941,-0.442453188573456,0.0194231399092823
2.64674045578839,0.346946933925315,-0.0735813638098328,-0.410381517925069,0.00538385485381661,-0.0371519261328021,0.00429718518749022,-0.442508677226683,0.0196654029879919
2.6650959936689,0.346758086772764,-0.0740745414241563,-0.410440894981423,0.00544121428130759,-0.037145888880075,0.00433120402388044,-0.442563442272867,0.0199097397035154
2.68357882992886,0.346566574086183,-0.074570313358498,-0.410500958890281,0.00549930069966498,-0.0371396966720613,0.00436543916588408,-0.442617469908726,0.0201561548644711
2.70218984740145,0.346372366236605,-0.0750686812318841,-0.410561716724308,0.00555812508536552,-0.0371333475279745,0.00439989092857384,-0.442670746342015,0.0204046532023946
2.72092993504239,0.34617543333905,-0.0755696464427154,-0.410623175593207,0.00561769859815812,-0.0371268394559031,0.00443455961382546,-0.442723257792752,0.0206552393738962
2.73979998797246,0.345975745251201,-0.0760732101634223,-0.410685342642665,0.00567803258391515,-0.0371201704528008,0.00446944551017894,-0.442774990494376,0.0209079179628552
2.75880090752022,0.345773271572143,-0.0765793733350113,-0.410748225053247,0.00573913857751469,-0.0371133385044752,0.00450454889269636,-0.442825930694816,0.0211626934826473
2.77793360126509,0.345567981641158,-0.0770881366615027,-0.410811830039237,0.00580102830575469,-0.0371063415855756,0.00453987002281639,-0.442876064657481,0.0214195703784077
2.79719898308069,0.345359844536586,-0.0775995006042598,-0.410876164847433,0.00586371369029869,-0.0370991776595799,0.00457540914820509,-0.442925378662169,0.0216785530293208
2.81659797317847,0.345148829074747,-0.0781134653762086,-0.410941236755887,0.00592720685065246,-0.0370918446787801,0.00461116650260312,-0.442973859005892,0.021939645750938
2.83613149815172,0.344934903808943,-0.0786300309359477,-0.411007053072591,0.00599152010717204,-0.0370843405842678,0.004647142305669,-0.443021492003616,0.0222028527975214
2.85580049101974,0.344718037028519,-0.0791491969817499,-0.411073621134109,0.00605666598410279,-0.0370766633059185,0.00468333676281853,-0.443068263988917,0.0224681783644069
2.87560589127251,0.344498196758016,-0.0796709629454525,-0.411140948304151,0.00612265721264901,-0.0370688107623755,0.00471975006506,-0.44311416131455,0.0227356265903884
2.89554864491548,0.344275350756388,-0.0801953279862397,-0.411209041972089,0.0061895067340742,-0.0370607808610334,0.00475638238882528,-0.44315917035294,0.0230052015601181
2.91562970451479,0.344049466516314,-0.0807222909843141,-0.411277909551417,0.00625722770283164,-0.0370525714980213,0.00479323389579651,-0.443203277496571,0.0232769073065196
2.93585002924278,0.343820511263588,-0.0812518505344592,-0.411347558478142,0.00632583348972457,-0.0370441805581859,0.00483030473272839,-0.443246469158307,0.0235507478132148
2.95621058492378,0.343588451956604,-0.0817840049394932,-0.41141799620912,0.0063953376850963,-0.0370356059150745,0.0048675950312659,-0.443288731771612,0.023826727016956
2.97671234408028,0.343353255285932,-0.0823187522036129,-0.411489230220327,0.00646575410204954,-0.0370268454309182,0.00490510490775732,-0.443330051790689,0.0241048488100672
2.99735628597932,0.343114887673989,-0.0828560900256302,-0.411561268005058,0.00653709677969437,-0.0370178969566157,0.00494283446306247,-0.443370415690532,0.0243851170428865
3.01814339667932,0.342873315274811,-0.0833960157920993,-0.411634117072066,0.00660937998642473,-0.0370087583317166,0.00498078378235614,-0.443409809966889,0.02466753552621
3.03907466907719,0.342628503973932,-0.0839385265703366,-0.41170778494363,0.00668261822322282,-0.0369994273844067,0.00501895293492646,-0.443448221136138,0.0249521080337342
3.06015110295567,0.342380419388367,-0.0844836191013343,-0.411782279153549,0.00675682622699084,-0.0369899019314926,0.00505734197396824,-0.44348563573508,0.0252388383044927
3.08137370503119,0.342129026866703,-0.0850312897925661,-0.411857607245068,0.00683201897390991,-0.0369801797783888,0.00509595093637113,-0.443522040320638,0.025527730045287
3.10274348900188,0.34187429148931,-0.0855815347106888,-0.411933776768731,0.00690821168282464,-0.0369702587191045,0.00513477984250254,-0.443557421469478,0.0258187869331071
3.12426147559604,0.341616178068669,-0.0861343495741377,-0.412010795280151,0.006985419818654,-0.0369601365362327,0.00517382869598526,-0.443591765777539,0.0261120126175394
3.14592869262085,0.341354651149818,-0.0866897297456187,-0.412088670337713,0.00706365909582686,-0.0369498110009405,0.00521309748346963,-0.443625059859475,0.0264074107231611
3.16774617501149,0.341089675010927,-0.0872476702244971,-0.41216740950019,0.00714294548174151,-0.0369392798729608,0.00525258617440026,-0.443657290348022,0.0267049848519167
3.18971496488059,0.340821213664001,-0.0878081656390851,-0.412247020324281,0.00722329520024938,-0.0369285409005865,0.00529229472077725,-0.44368844389327,0.0270047385854748
3.21183611156796,0.340549230855719,-0.0883712102388277,-0.412327510362068,0.00730472473516054,-0.0369175918206661,0.00533222305691175,-0.443718507161857,0.0273066754875628
3.23411067169074,0.340273690068403,-0.0889367978863891,-0.412408887158387,0.00738725083377198,-0.0369064303586024,0.00537237109917591,-0.443747466836082,0.0276107991062786
3.25653970919388,0.339994554521136,-0.0895049220496418,-0.412491158248111,0.00747089051041572,-0.036895054228353,0.00541273874574713,-0.443775309612926,0.0279171129763732
3.27912429540095,0.339711787171015,-0.0900755757935578,-0.41257433115335,0.0075556610500281,-0.036883461132434,0.00545332587634658,-0.443802022203006,0.0282256206215068
3.30186550906528,0.339425350714566,-0.0906487517720054,-0.412658413380554,0.00764158001173681,-0.0368716487619261,0.00549413235197188,-0.44382759132944,0.028536325556472
3.32476443642155,0.339135207589294,-0.0912244422194515,-0.412743412417532,0.00772866523246675,-0.0368596147964847,0.00553515801462411,-0.443852003726631,0.028849231289384
3.3478221712376,0.338841319975405,-0.0918026389425727,-0.412829335730374,0.00781693483056212,-0.0368473569043526,0.00557640268702885,-0.443875246138979,0.0291643413238357
3.37103981486675,0.338543649797678,-0.0923833333117756,-0.41291619076027,0.00790640720942427,-0.0368348727423767,0.00561786617235143,-0.443897305319514,0.0294816591610145
3.39441847630035,0.338242158727504,-0.0929665162526292,-0.41300398492025,0.00799710106116398,-0.0368221599560285,0.00565954825390641,-0.443918168028452,0.02980118830178
3.41795927222076,0.337936808185095,-0.0935521782372113,-0.413092725591804,0.0080890353702667,-0.0368092161794286,0.00570144869486104,-0.443937821031676,0.030122932248699
3.44166332705473,0.337627559341862,-0.0941403092753695,-0.413182420121413,0.00818222941726973,-0.0367960390353755,0.00574356723793299,-0.443956251099143,0.0304468945080375
3.46553177302703,0.337314373122969,-0.094730898905902,-0.413273075816975,0.00827670278244927,-0.0367826261353793,0.00578590360508219,-0.443973445003224,0.0307730785917069
3.48956575021462,0.336997210210071,-0.0953239361876574,-0.413364699944121,0.00837247534951699,-0.0367689750796994,0.00582845749719689,-0.443989389516966,0.0311014880191629
3.51376640660105,0.336676031044228,-0.0959194096905574,-0.413457299722433,0.00846956730932322,-0.0367550834573881,0.00587122859377384,-0.444004071412291,0.0314321263192548
3.53813489813128,0.336350795829017,-0.0965173074865459,-0.413550882321539,0.00856799916356647,-0.0367409488463393,0.00591421655259276,-0.444017477458123,0.0317649970320237
3.56267238876697,0.336021464533826,-0.0971176171404645,-0.413645454857112,0.00866779172850647,-0.0367265688133421,0.00595742100938509,-0.444029594418448,0.0321001037104481
3.58738005054197,0.33568799689735,-0.0977203257008601,-0.413741024386745,0.00876896613867988,-0.0367119409141408,0.00600084157749702,-0.444040409050315,0.0324374499221356
3.61225906361841,0.335350352431286,-0.098325419690725,-0.413837597905713,0.00887154385061636,-0.036697062693501,0.00604447784754694,-0.444049908101765,0.0327770392509575
3.63731061634298,0.335008490424231,-0.0989328850981744,-0.413935182342624,0.00897554664655334,-0.0366819316852812,0.0060883293870773,-0.444058078309707,0.0331188752986273
3.66253590530377,0.334662369945786,-0.099542707367063,-0.414033784554942,0.00908099663814711,-0.0366665454125123,0.00613239574020099,-0.444064906397723,0.0334629616862193
3.68793613538733,0.334311949850878,-0.100154871387545,-0.414133411324396,0.00918791627017906,-0.0366509013874823,0.0061766764272423,-0.444070379073829,0.0338093020556265
3.71351251983634,0.33395718878429,-0.100769361486581,-0.414234069352258,0.0092963283242542,-0.036634997111829,0.00622117094437262,-0.444074483028162,0.0341579000709583
3.73926628030746,0.33359804518542,-0.101386161418391,-0.414335765254507,0.00940625592248996,-0.0366188300766402,0.0062658787632408,-0.444077204930625,0.0345087594198732
3.76519864692972,0.333234477293251,-0.102005254354868,-0.414438505556855,0.00951772253119323,-0.0366023977625606,0.0063107993305985,-0.444078531428473,0.0348618838148488
3.7913108583633,0.332866443151565,-0.102626622875943,-0.414542296689651,0.00963075196452307,-0.036585697639907,0.00635593206792046,-0.444078449143845,0.0352172769943851
3.81760416185865,0.332493900614378,-0.10325024895991,-0.414647144982648,0.00974536838813672,-0.0365687271687919,0.00640127637101993,-0.44407694467125,0.035574942724142
3.84407981331609,0.33211680735161,-0.103876113973721,-0.414753056659644,0.00986159632281662,-0.0365514837992548,0.0064468316096593,-0.444074004575,0.0359348847980085
3.87073907734582,0.331735120855003,-0.104504198663251,-0.414860037832982,0.0099794606480757,-0.0365339649714021,0.00649259712715614,-0.444069615386601,0.0362971070391038
3.89758322732826,0.331348798444276,-0.105134483143528,-0.414968094497919,0.0100989866057376,-0.0365161681155564,0.00653857223998475,-0.444063763602093,0.0366616133007072
3.92461354547494,0.330957797273528,-0.105766946888949,-0.415077232526846,0.010220199803491,-0.0364980906524145,0.0065847562373734,-0.444056435679351,0.0370284074671192
3.95183132288971,0.330562074337894,-0.106401568723478,-0.415187457663381,0.0103431262184123,-0.0364797299932145,0.00663114838089743,-0.444047618035342,0.0373974934544498
3.97923785963041,0.330161586480457,-0.107038326810825,-0.415298775516308,0.0104677922004567,-0.0364610835399131,0.00667774790406833,-0.444037297043344,0.0377688752113343
4.00683446477099,0.329756290399415,-0.10767719864463,-0.415411191553379,0.0105942244759127,-0.036442148685372,0.00672455401191911,-0.444025459030124,0.0381425567195767
4.03462245646401,0.329346142655516,-0.108318161038626,-0.415524711094963,0.0107224501508172,-0.036422922813555,0.00677156588058592,-0.444012090273078,0.0385185419947186
4.06260316200361,0.328931099679751,-0.108961190116822,-0.415639339307554,0.0108524967143289,-0.0364034032997351,0.00681878265688642,-0.443997176997345,0.0388968350865337
4.09077791788892,0.328511117781328,-0.109606261303683,-0.415755081197126,0.0109843920420558,-0.036383587510712,0.00686620345789489,-0.443980705372877,0.0392774400794468
4.11914806988789,0.328086153155904,-0.11025334931433,-0.415871941602335,0.0111181643993331,-0.0363634728050411,0.0069138273705143,-0.443962661511484,0.0396603610928776
4.14771497310157,0.327656161894114,-0.11090242814475,-0.41598992518757,0.0112538424444497,-0.0363430565332725,0.00696165345104575,-0.443943031463846,0.0400456022815071
4.17647999202884,0.32722109999036,-0.111553471062044,-0.416109036435851,0.0113914552318176,-0.0363223360382023,0.00700968072475533,-0.443921801216499,0.040433167835468
4.20544450063156,0.326780923351896,-0.112206450594693,-0.416229279641562,0.0115310322150815,-0.0363013086551344,0.00705790818543871,-0.443898956688798,0.0408230619804576
4.23460988240025,0.326335587808196,-0.112861338522867,-0.416350658903042,0.011672603250166,-0.0362799717121551,0.00710633479498376,-0.443874483729844,0.0412152889777723
4.26397753042013,0.325885049120612,-0.113518105868779,-0.416473178114998,0.0118161985982532,-0.0362583225304184,0.00715495948293136,-0.443848368115404,0.0416098531242648
4.29354884743766,0.325429262992326,-0.114176722887086,-0.416596840960771,0.0119618489286907,-0.0362363584244448,0.00720378114603484,-0.443820595544796,0.0420067587522223
4.32332524592758,0.324968185078598,-0.114837159055344,-0.416721650904435,0.012109585321823,-0.0362140767024313,0.00725279864781813,-0.443791151637761,0.042406010229166
4.35330814816033,0.324501770997309,-0.115499383064534,-0.416847611182732,0.0122594392717434,-0.0361914746665746,0.00730201081813307,-0.443760021931315,0.0428076119575712
4.38349898627002,0.324029976339815,-0.116163362809648,-0.416974724796841,0.0124114426889613,-0.036168549613407,0.0073514164527161,-0.443727191876589,0.0432115683745095
4.41389920232282,0.323552756682097,-0.116829065380363,-0.417102994503984,0.0125656279029821,-0.036145298834145,0.00740101431274472,-0.443692646835644,0.0436178839512089
4.44451024838583,0.32307006759622,-0.11749645705179,-0.417232422808865,0.0127220276647929,-0.0361217196150514,0.0074508031243939,-0.443656372078285,0.0440265631925372
4.47533358659646,0.322581864662105,-0.118165503275323,-0.417363011954938,0.0128806751492511,-0.0360978092378107,0.00750078157839293,-0.443618352778857,0.0444376106364033
4.50637068923228,0.322088103479612,-0.118836168669584,-0.417494763915508,0.0130416039573709,-0.0360735649799175,0.00755094832958292,-0.443578574013026,0.0448510308530793
4.53762303878129,0.321588739680932,-0.119508417011476,-0.417627680384662,0.013204848118502,-0.0360489841150795,0.00760130199647541,-0.443537020754564,0.0452668284444436
4.56909212801278,0.321083728943301,-0.120182211227351,-0.417761762768027,0.013370442092397,-0.0360240639136333,0.00765184116081232,-0.443493677872115,0.0456850080431423
4.60077946004862,0.320573027002034,-0.120857513384306,-0.417897012173361,0.013538420771161,-0.0359988016429754,0.00770256436712774,-0.443448530125963,0.0461055743116714
4.63268654843505,0.320056589663869,-0.121534284681609,-0.418033429400969,0.0137088194810793,-0.0359731945680059,0.00775347012231177,-0.443401562164791,0.0465285319413788
4.66481491721498,0.319534372820642,-0.122212485442261,-0.418171014933945,0.0138816739843178,-0.0359472399515881,0.00780455689517701,-0.44335275852244,0.0469538856513865
4.69716610100076,0.319006332463283,-0.122892075104717,-0.418309768928246,0.0140570204804904,-0.0359209350550209,0.00785582311602788,-0.443302103614667,0.047381640187432
4.72974164504755,0.318472424696133,-0.123573012214762,-0.418449691202586,0.0142348956080881,-0.0358942771385272,0.00790726717623326,-0.4432495817359,0.0478118003206304
4.76254310532705,0.317932605751586,-0.124255254417546,-0.418590781228165,0.0144153364457645,-0.0358672634617559,0.00795888742780292,-0.443195177055999,0.0482443708461564
4.79557204860185,0.317386832005066,-0.124938758449811,-0.418733038118219,0.0145983805134721,-0.0358398912842993,0.00801068218296802,-0.443138873617018,0.0486793565818463
4.82883005250031,0.316835059990316,-0.125623480132294,-0.418876460617394,0.014784065773443,-0.0358121578662247,0.00806264971376621,-0.443080655329969,0.0491167623667206
4.86231870559183,0.316277246415025,-0.126309374362325,-0.419021047090959,0.0149724306310091,-0.035784060468622,0.00811478825163175,-0.443020505971593,0.0495565930594265
4.89603960746281,0.315713348176785,-0.126996395106638,-0.419166795513829,0.015163513935255,-0.0357555963541647,0.00816709598699101,-0.442958409181142,0.0499988535366021
4.92999436879299,0.315143322379359,-0.127684495394391,-0.419313703459432,0.0153573549794988,-0.0357267627876878,0.00821957106886393,-0.442894348457161,0.0504435486911594
4.96418461143244,0.314567126349297,-0.128373627310411,-0.419461768088394,0.015553993501593,-0.0356975570367792,0.00827221160447176,-0.442828307154288,0.0508906834304905
4.99861196847899,0.313984717652864,-0.129063741988682,-0.419610986137058,0.0157534696840405,-0.0356679763723875,0.00832501565885158,-0.442760268480057,0.0513402626745926
5.03327808435624,0.313396054113301,-0.129754789606068,-0.41976135390583,0.0159558241539194,-0.0356380180694439,0.00837798125447825,-0.442690215491718,0.0517922913541159
5.06818461489212,0.312801093828406,-0.1304467193763,-0.419912867247361,0.0161610979826098,-0.0356076794075,0.00843110637089387,-0.442618131093072,0.0522467744083321
5.10333322739797,0.312199795188444,-0.131139479544231,-0.420065521554554,0.0163693326853161,-0.0355769576713807,0.0084843889443457,-0.44254399803131,0.0527037167830244
5.13872560074817,0.311592116894379,-0.131833017380357,-0.420219311748413,0.0165805702203785,-0.0355458501518522,0.00853782686743262,-0.44246779889388,0.0531631234283001
5.17436342546036,0.310978017976419,-0.132527279175645,-0.420374232265723,0.0167948529883672,-0.0355143541463047,0.00859141798876093,-0.442389516105364,0.0536249992963242
5.21024840377617,0.310357457812887,-0.13322221023664,-0.420530277046566,0.0170122238309524,-0.0354824669594508,0.00864516011260981,-0.442309131924369,0.0540893493389756
5.24638224974252,0.309730396149409,-0.133917754880901,-0.420687439521679,0.0172327260295434,-0.035450185904039,0.00869905099860696,-0.442226628440451,0.0545561785054267
5.2827666892935,0.309096793118403,-0.134613856432746,-0.420845712599657,0.0174564033036895,-0.0354175083015816,0.00875308836141509,-0.442141987571041,0.0550254917396435
5.31940346033281,0.308456609258895,-0.135310457219334,-0.421005088653988,0.0176832998092372,-0.0353844314830976,0.00880726987042951,-0.442055191058403,0.0554972939778111
5.35629431281677,0.307809805536629,-0.136007498567097,-0.421165559509946,0.0179134601362347,-0.0353509527898712,0.00886159314948761,-0.441966220466615,0.0559715901456796
5.39344100883792,0.307156343364484,-0.136704920798516,-0.421327116431329,0.018146929306579,-0.035317069574224,0.00891605577659056,-0.441875057178567,0.056448385155836
5.43084532270915,0.306496184623192,-0.137402663229276,-0.421489750107049,0.0183837527713961,-0.0352827792003017,0.00897065528363782,-0.441781682392987,0.0569276839048973
5.4685090410485,0.305829291682344,-0.138100664165797,-0.421653450637573,0.0186239764081497,-0.0352480790448765,0.00902538915617505,-0.441686077121492,0.0574094912706288
5.50643396286443,0.305155627421695,-0.138798860903149,-0.421818207521234,0.0188676465174693,-0.0352129664981621,0.00908025483315586,-0.441588222185666,0.0578938121089855
5.54462189964184,0.304475155252744,-0.13949718972338,-0.421984009640388,0.0191148098196912,-0.0351774389646433,0.00913524970671797,-0.441488098214161,0.0583806512510778
5.58307467542852,0.303787839140599,-0.140195585894255,-0.422150845247454,0.0193655134511055,-0.0351414938639204,0.00919037112197433,-0.441385685639834,0.0588700135000617
5.6217941269223,0.303093643626114,-0.140893983668415,-0.422318701950813,0.0196198049599017,-0.0351051286315655,0.00924561637681975,-0.441280964696904,0.0593619036279536
5.66078210355879,0.302392533848286,-0.141592316282982,-0.422487566700584,0.0198777323018055,-0.0350683407199936,0.00930098272175351,-0.441173915418151,0.0598563263723689
5.70004046759971,0.301684475566924,-0.142290515959613,-0.422657425774282,0.0201393438353997,-0.0350311275993461,0.00935646735971856,-0.441064517632135,0.0603532864331869
5.73957109422183,0.300969435185558,-0.142988513905012,-0.422828264762357,0.0204046883171211,-0.0349934867583874,0.00941206744595786,-0.440952750960449,0.0608527884691391
5.77937587160657,0.300247379774604,-0.143686240311919,-0.423000068553625,0.0206738148959286,-0.034955415705414,0.00946778008788827,-0.440838594815018,0.0613548370943243
5.81945670103016,0.299518277094754,-0.144383624360585,-0.423172821320588,0.0209467731076318,-0.0349169119691756,0.00952360234499271,-0.440722028395414,0.0618594368746477
5.85981549695445,0.298782095620608,-0.145080594220741,-0.423346506504664,0.0212236128688757,-0.0348779730998086,0.00957953122873097,-0.440603030686217,0.0623665923241865
5.90045418711838,0.298038804564512,-0.145777077054079,-0.42352110680131,0.0215043844707729,-0.034838596669781,0.00963556370246981,-0.44048158045441,0.0628763079014806
5.94137471263004,0.29728837390062,-0.146472999017255,-0.423696604145071,0.0217891385721765,-0.0347987802748481,0.00969169668143275,-0.440357656246814,0.0633885880057491
5.9825790280594,0.296530774389142,-0.14716828526542,-0.423872979694533,0.0220779261925869,-0.0347585215350194,0.00974792703267024,-0.440231236387552,0.0639034369730332
6.02406910153166,0.295765977600797,-0.1478628599563,-0.424050213817215,0.0223707987046843,-0.0347178180955358,0.00980425157505058,-0.440102298975563,0.0644208590722643
6.06584691482126,0.294993955941432,-0.148556646254826,-0.424228286074385,0.0226678078264811,-0.0346766676278565,0.00986066707927221,-0.439970821882148,0.0649408585012589
6.10791446344653,0.294214682676823,-0.149249566338336,-0.424407175205819,0.0229690056130873,-0.034635067830656,0.00991717026789773,-0.439836782748565,0.0654634393826397
6.15027375676503,0.293428131957616,-0.14994154140235,-0.424586859114501,0.0232744444480806,-0.0345930164308295,0.00997375781541044,-0.439700158983653,0.0659886057596825
6.19292681806951,0.292634278844431,-0.150632491666939,-0.424767314851289,0.0235841770344758,-0.0345505111845067,0.0100304263482935,-0.439560927761513,0.0665163615920897
6.23587568468454,0.291833099333085,-0.151322336383683,-0.424948518599535,0.0238982563852866,-0.0345075498780749,0.0100871724451323,-0.439419066019227,0.0670467107516905
6.27912240806387,0.291024570379937,-0.152010993843252,-0.425130445659679,0.0242167358136724,-0.0344641303292075,0.0101439926367413,-0.439274550454617,0.0675796570180678
6.32266905388835,0.290208669927344,-0.152698381383601,-0.425313070433824,0.0245396689226645,-0.0344202503879013,0.0102008834063141,-0.439127357524058,0.0681152040741104
6.36651770216467,0.2893853769292,-0.153384415398791,-0.4254963664103,0.0248671095944652,-0.0343759079375194,0.0102578411895986,-0.438977463440335,0.0686533555014931
6.41067044732463,0.288554671376561,-0.154069011348456,-0.425680306148227,0.0251991119793132,-0.0343311008958392,0.0103148623750982,-0.438824844170544,0.0691941147760832
6.45512939832527,0.287716534323321,-0.15475208376792,-0.425864861262086,0.0255357304839095,-0.0342858272161068,0.0103719433042967,-0.438669475434048,0.0697374852632727
6.49989667874954,0.286870947911948,-0.155433546278973,-0.426050002406305,0.0258770197593982,-0.0342400848880951,0.0104290802719109,-0.43851133270048,0.0702834702132384
6.54497442690774,0.286017895399238,-0.156113311601306,-0.426235699259881,0.0262230346888955,-0.0341938719391655,0.010486269526169,-0.438350391187796,0.0708320727561275
6.5903647959397,0.285157361182093,-0.15679129156464,-0.426421920511032,0.0265738303745631,-0.0341471864353333,0.0105435072691151,-0.438186625860382,0.0713832958971705
6.63606995391757,0.284289330823289,-0.157467397121521,-0.426608633841904,0.0269294621242185,-0.0341000264823355,0.010600789656942,-0.438020011427214,0.0719371425117205
6.68209208394941,0.283413791077231,-0.158141538360825,-0.426795805913338,0.0272899854374789,-0.0340523902266998,0.0106581128003504,-0.43785052234007,0.0724936153402188
6.72843338428345,0.282530729915666,-0.158813624521949,-0.42698340234971,0.0276554559914326,-0.034004275856815,0.010715472764937,-0.437678132791803,0.0730527169830876
6.77509606841313,0.281640136553341,-0.15948356400972,-0.427171387723847,0.028025929625834,-0.0339556816040018,0.0107728655716096,-0.437502816714661,0.0736144498955483
6.82208236518274,0.280742001473584,-0.160151264410014,-0.427359725542055,0.0284014623278167,-0.033906605743582,0.0108302871970315,-0.437324547778677,0.0741788163823671
6.86939451889399,0.279836316453801,-0.160816632506095,-0.427548378229238,0.0287821102161223,-0.033857046595948,0.0108877335740943,-0.437143299390108,0.0747458185925261
6.91703478941313,0.278923074590847,-0.161479574295681,-0.427737307114147,0.0291679295248386,-0.0338070025276286,0.0109452005924193,-0.436959044689937,0.0753154585138219
6.96500545227891,0.278002270326272,-0.162139995008743,-0.427926472414761,0.029558976586646,-0.0337564719523524,0.0110026840988889,-0.436771756552438,0.0758877379673888
7.0133087988113,0.277073899471411,-0.162797799126039,-0.428115833223813,0.0299553078155664,-0.0337054533321077,0.0110601798982068,-0.436581407583806,0.0764626586021494
7.06194713622089,0.276137959232303,-0.163452890398384,-0.428305347494477,0.0303569796892136,-0.0336539451781969,0.0111176837534877,-0.43638797012084,0.0770402218891908
7.11092278771915,0.275194448234407,-0.164105171866675,-0.42849497202623,0.0307640487305411,-0.0336019460522857,0.011175191386877,-0.436191416229708,0.0776204291160667
7.16023809262934,0.27424336654711,-0.164754545882652,-0.428684662450893,0.0311765714890851,-0.033549454567446,0.0112326984802006,-0.435991717704763,0.0782032813810258
7.20989540649828,0.273284715707991,-0.165400914130415,-0.42887437321889,0.0315946045217022,-0.0334964693891911,0.0112902006756441,-0.435788846067436,0.0787887795871653
7.25989710120885,0.272318498746826,-0.166044177648688,-0.429064057585704,0.0320182043727967,-0.0334429892365024,0.0113476935764624,-0.435582772565197,0.0793769244365107
7.31024556509332,0.271344720209307,-0.166684236853841,-0.429253667598578,0.0324474275540399,-0.0333890128828471,0.0114051727477193,-0.435373468170583,0.0799677164240209
7.36094320304735,0.270363386180455,-0.16732099156366,-0.429443154083449,0.0328823305235779,-0.0333345391571857,0.0114626337170573,-0.435160903580305,0.0805611558315193
7.41199243664497,0.269374504307711,-0.167954341021872,-0.429632466632158,0.033322969664729,-0.0332795669449678,0.0115200719754973,-0.434945049214423,0.0811572427215497
7.46339570425412,0.26837808382366,-0.168584183923423,-0.429821553589919,0.033769401264168,-0.0332240951891167,0.0115774829782686,-0.434725875215599,0.0817559769311578
7.51515546115323,0.267374135568391,-0.169210418440503,-0.430010362043087,0.0342216814896019,-0.0331681228909995,0.0116348621456688,-0.434503351448427,0.0823573580655984
7.56727417964842,0.266362672011448,-0.169832942249323,-0.430198837807236,0.0346798663669325,-0.0331116491113844,0.0116922048639534,-0.434277447498843,0.0829613854919676
7.61975434919166,0.265343707273365,-0.170451652557636,-0.430386925415553,0.0351440117569114,-0.033054672971382,0.0117495064862551,-0.434048132673611,0.0835680583327594
7.67259847649959,0.264317257146738,-0.171066446132996,-0.43057456810757,0.0356141733312864,-0.0329971936533706,0.0118067623335333,-0.433815375999895,0.0841773754593491
7.72580908567334,0.263283339116843,-0.171677219331757,-0.43076170781826,0.0360904065484421,-0.0329392104019046,0.0118639676955519,-0.433579146224918,0.0847893354853999
7.77938871831903,0.262241972381734,-0.172283868128801,-0.430948285167492,0.0365727666285376,-0.0328807225246046,0.0119211178318869,-0.433339411815695,0.0854039367601958
7.83333993366922,0.261193177871839,-0.172886288147993,-0.431134239449878,0.0370613085281435,-0.032821729393028,0.0119782079729629,-0.433096140958867,0.0860211773618992
7.8876653087051,0.260136978268994,-0.17348437469335,-0.431319508625031,0.0375560869143812,-0.0327622304435201,0.0120352333211172,-0.432849301560618,0.0866410550907335
7.94236743827963,0.259073398024908,-0.174078022780923,-0.431504029308227,0.0380571561385709,-0.0327022251780432,0.0120921890516933,-0.43259886124668,0.0872635674620903
7.99744893524145,0.258002463379037,-0.174667127171377,-0.431687736761522,0.03856457020939,-0.0326417131649841,0.0121490703141611,-0.432344787362443,0.0878887116995626
8.0529124305597,0.25692420237583,-0.175251582403263,-0.431870564885309,0.0390783827655475,-0.032580694039938,0.0122058722332646,-0.432087046973143,0.0885164847279023
8.10876057344967,0.255838644881326,-0.175831282826971,-0.432052446210355,0.0395986470479815,-0.0325191675064682,0.0122625899101969,-0.431825606864167,0.0891468831659033
8.16499603149936,0.254745822599087,-0.176406122639353,-0.432233311890318,0.0401254158715842,-0.0324571333368405,0.0123192184238013,-0.43156043354144,0.0897799033192099
8.22162149079689,0.253645769085426,-0.176975995918998,-0.432413091694775,0.040658741596461,-0.0323945913727316,0.0123757528317975,-0.43129149323193,0.0904155411730505
8.27863965605879,0.252538519763925,-0.177540796662156,-0.432591714002767,0.041198676098732,-0.0323315415259102,0.0124321881720341,-0.43101875188424,0.0910537923848969
8.33605325075921,0.251424111939196,-0.178100418819285,-0.432769105796883,0.0417452707408822,-0.0322679837788893,0.0124885194637649,-0.430742175169326,0.0916946522770496
8.39386501726,0.250302584809882,-0.178654756332219,-0.432945192657899,0.0422985763416702,-0.0322039181855502,0.012544741708949,-0.430461728481303,0.0923381158291488
8.45207771694168,0.249173979480858,-0.179203703171926,-0.433119898759991,0.0428586431456023,-0.032139344871736,0.012600849893575,-0.430177376938383,0.092984177670612
8.51069413033537,0.248038338974622,-0.179747153376855,-0.433293146866533,0.0434255207919828,-0.0320742640358135,0.0126568389890061,-0.429889085383906,0.0936328320729975
8.56971705725559,0.246895708241843,-0.180285001091837,-0.433464858326502,0.0439992582835496,-0.0320086759492042,0.0127127039533483,-0.429596818387506,0.094284072942296
8.62914931693396,0.245746134171042,-0.180817140607538,-0.433634953071502,0.0445799039547073,-0.0319425809568816,0.0127684397328388,-0.429300540246383,0.094937893811148
8.68899374815392,0.244589665597394,-0.181343466400433,-0.433803349613432,0.0451675054393653,-0.0318759794778348,0.012824041263254,-0.429000214986704,0.0955942878309903
8.74925320938629,0.24342635331062,-0.181863873173284,-0.433969965042802,0.0457621096383969,-0.0318088720054977,0.0128795034713372,-0.428695806365122,0.0962532477641293
8.80993057892579,0.242256250061945,-0.182378255896097,-0.434134715027719,0.0463637626867286,-0.0317412591081427,0.0129348212762442,-0.428387277870427,0.0969147659757444
8.87102875502857,0.241079410570117,-0.182886509847547,-0.434297513813569,0.0469725099200735,-0.0316731414292382,0.0129899895910055,-0.428074592725324,0.0975788344258194
8.93255065605059,0.23989589152644,-0.183388530656831,-0.434458274223385,0.0475883958413215,-0.0316045196877686,0.0130450033240056,-0.427757713888345,0.0982454446610047
8.99449922058705,0.238705751598828,-0.183884214345937,-0.434616907658945,0.0482114640866025,-0.0315353946785171,0.0130998573804765,-0.427436604055897,0.0989145878064097
9.05687740761275,0.237509051434843,-0.184373457372299,-0.434773324102599,0.0488417573910331,-0.0314657672723096,0.0131545466640054,-0.427111225664443,0.0995862545573268
9.11968819662343,0.236305853663699,-0.184856156671815,-0.434927432119841,0.0494793175541667,-0.0313956384162192,0.0132090660780557,-0.426781540892837,0.100260435170887
9.18293458777804,0.235096222897233,-0.185332209702196,-0.435079138862642,0.0501241854051582,-0.0313250091337316,0.0132634105274988,-0.426447511664787,0.100937119457651
9.2466196020421,0.233880225729792,-0.185801514486624,-0.435228350073567,0.0507764007676628,-0.0312538805248686,0.0133175749201575,-0.426109099651484,0.101616296773128
9.31074628133199,0.232657930737053,-0.186263969657688,-0.435374970090673,0.051436002424484,-0.0311822537662721,0.0133715541683576,-0.425766266274363,0.102297956009241
9.3753176886602,0.231429408473739,-0.186719474501566,-0.435518901853216,0.0521030280819889,-0.0311101301112455,0.0134253431904885,-0.425418972708035,0.102982085585713
9.44033690828169,0.230194731470223,-0.187167929002434,-0.435660046908174,0.0527775143343078,-0.0310375108897528,0.0134789369125693,-0.42506717988337,0.103668673441407
9.50580704584117,0.22895397422801,-0.187609233887051,-0.435798305417599,0.0534594966273381,-0.0309643975083756,0.0135323302698221,-0.424710848490734,0.104357707025592
9.57173122852146,0.22770721321407,-0.188043290669512,-0.435933576166813,0.054149009222569,-0.030890791450227,0.0135855182082473,-0.424349938983408,0.105049173289155
9.63811260519287,0.22645452685403,-0.188470001696122,-0.436065756573457,0.0548460851607491,-0.0308166942748219,0.0136384956862037,-0.423984411581155,0.105743058675755
9.70495434656358,0.225195995524192,-0.188889270190359,-0.436194742697406,0.0555507562254153,-0.0307421076179034,0.013691257675988,-0.423614226273972,0.106439349112918
9.7722596453311,0.223931701542388,-0.189301000297899,-0.436320429251561,0.0562630529063031,-0.0306670331912255,0.0137437991654158,-0.423239342826015,0.107138030003077
9.84003171633479,0.222661729157643,-0.189705097131665,-0.436442709613529,0.0569830043626604,-0.0305914727822914,0.0137961151594,-0.422859720779698,0.10783908621456
9.90827379670937,0.221386164538655,-0.19010146681687,-0.436561475838202,0.0577106383864861,-0.0305154282540472,0.0138482006815269,-0.422475319459976,0.108542502072527
9.97698914603959,0.220105095761068,-0.190490016536004,-0.436676618671235,0.0584459813657135,-0.0304389015445313,0.0139000507756274,-0.422086097978823,0.109248261349854
10.0461810465159,0.218818612793549,-0.190870654573756,-0.436788027563452,0.0591890582473636,-0.0303618946664789,0.0139516605073426,-0.421692015239883,0.109956347257979
10.1158528030912,0.217526807482656,-0.191243290361806,-0.436895590686165,0.0599398925006883,-0.0302844097068816,0.0140030249656819,-0.421293029943333,0.110666742437686
10.1860077436388,0.216229773536484,-0.191607834523475,-0.436999194947434,0.0606985060803287,-0.0302064488265032,0.0140541392645719,-0.420889100590928,0.111379428949866
10.2566492191112,0.214927606507109,-0.191964198918177,-0.437098726009259,0.0614649193895102,-0.0301280142593499,0.0141049985443952,-0.420480185491261,0.112094388266227
10.3277806037004,0.21362040377181,-0.192312296685653,-0.437194068305721,0.0622391512432998,-0.0300491083120965,0.0141555979735169,-0.420066242765217,0.112811601259963
10.3994052949988,0.212308264513072,-0.192652042289935,-0.437285105062076,0.0630212188319487,-0.0299697333634684,0.0142059327497982,-0.419647230351646,0.113531048196399
10.4715267141616,0.210991289697383,-0.192983351563014,-0.437371718314803,0.0638111376843451,-0.0298898918635796,0.0142559981020936,-0.41922310601324,0.114252708723599
10.5441483060703,0.209669582052811,-0.193306141748162,-0.437453788932613,0.0646089216316023,-0.029809586333227,0.0143057892917332,-0.418793827342639,0.11497656186294
10.6172735394972,0.208343246045376,-0.193620331542886,-0.437531196638429,0.0654145827708062,-0.0297288193631411,0.0143553016139858,-0.418359351768745,0.115702585999673
10.6909059072708,0.207012387854223,-0.193925841141467,-0.437603820032326,0.066228131428949,-0.0296475936131945,0.0144045303995021,-0.417919636563273,0.116430758873449
10.7650489264432,0.205677115345594,-0.194222592277034,-0.437671536615448,0.0670495761270742,-0.0295659118115675,0.0144534710157378,-0.417474638847525,0.117161057568832
10.8397061384575,0.204337538045613,-0.194510508263169,-0.437734222814898,0.0678789235446572,-0.0294837767538717,0.0145021188683531,-0.4170243155994,0.117893458505804
10.9148811093176,0.202993767111892,-0.194789514034963,-0.4377917540096,0.0687161784842511,-0.0294011913022333,0.0145504694025881,-0.416568623660643,0.118627937430243
10.9905774297578,0.201645915303971,-0.195059536189524,-0.437844004557131,0.0695613438364191,-0.0293181583843348,0.0145985181046131,-0.416107519744329,0.119364469404409
11.0667987154147,0.200294096952601,-0.195320503025868,-0.437890847821541,0.0704144205449856,-0.0292346809924174,0.0146462605028506,-0.415640960442602,0.120103028797423
11.1435486070002,0.198938427927875,-0.195572344584178,-0.437932156202125,0.0712754075726265,-0.0291507621822446,0.0146936921692698,-0.41516890223466,0.120843589275739
11.2208307704748,0.197579025606247,-0.195814992684381,-0.437967801163188,0.0721443018668306,-0.0290664050720275,0.0147408087206504,-0.41469130149499,0.121586123793636
11.2986488972231,0.196216008836424,-0.196048380964017,-0.437997653264761,0.0730210983262544,-0.0289816128413121,0.0147876058198151,-0.414208114501866,0.122330604583711
11.3770067042298,0.194849497904165,-0.19627244491535,-0.438021582194288,0.0739057897675021,-0.0288963887298319,0.0148340791768292,-0.413719297446108,0.123077003147392
11.4559079342577,0.193479614496013,-0.196487121921697,-0.43803945679928,0.0747983668923509,-0.0288107360363236,0.0148802245501658,-0.413224806440106,0.12382529024547
11.535356356026,0.192106481661957,-0.196692351292938,-0.438051145120912,0.075698818255456,-0.0287246581173099,0.0149260377478358,-0.412724597527112,0.124575435888659
11.6153557643908,0.190730223777063,-0.196888074300163,-0.438056514428581,0.0766071302325548,-0.0286381583858482,0.0149715146284809,-0.412218626690808,0.125327409328187
11.6959099805258,0.189350966502098,-0.197074234209434,-0.438055431255399,0.0775232869892039,-0.0285512403102487,0.0150166511024285,-0.411706849865154,0.126081179046423
11.7770228521052,0.187968836743156,-0.197250776314622,-0.438047761434633,0.0784472704500692,-0.0284639074127607,0.0150614431327073,-0.411189222944508,0.126836712747549
11.8586982534876,0.18658396261032,-0.197417647969288,-0.438033370137058,0.0793790602688013,-0.0283761632682305,0.0151058867360225,-0.410665701794044,0.127593977348283
11.9409400859005,0.185196473375392,-0.197574798617572,-0.438012121909245,0.0803186337985182,-0.0282880115027308,0.015149977983689,-0.410136242260444,0.128352938968656
12.0237522776272,0.183806499428707,-0.197722179824065,-0.437983880712748,0.0812659660629249,-0.0281994557921639,0.015193713002523,-0.409600800182897,0.129113562922846
12.1071387841942,0.182414172235064,-0.197859745302632,-0.437948509964194,0.0822210297280943,-0.0281104998608399,0.0152370879756886,-0.40905933140438,0.129875813710095
12.1911035885602,0.181019624288808,-0.19798745094415,-0.437905872576263,0.0831837950749362,-0.0280211474800309,0.0152800991435005,-0.408511791783248,0.130639655005686
12.2756507013062,0.179622989068086,-0.198105254843142,-0.437855830999542,0.0841542299723795,-0.0279314024665036,0.015322742804181,-0.407958137205118,0.131405049652014
12.3607841608273,0.178224400988316,-0.198213117323277,-0.437798247265243,0.0851322998512938,-0.0278412686810312,0.0153650153145702,-0.407398323595066,0.132171959649744
12.4465080335254,0.176823995354896,-0.198311000961702,-0.437732983028772,0.0861179676791762,-0.0277507500268865,0.0154069130907893,-0.406832306930129,0.132940346149067
12.5328264140034,0.175421908315196,-0.19839887061219,-0.437659899614136,0.0871111939356269,-0.0276598504483178,0.0154484326088558,-0.406260043252112,0.133710169441059
12.6197434252612,0.174018276809848,-0.198476693427074,-0.437578858059174,0.0881119365886389,-0.0275685739290093,0.0154895704052493,-0.405681488680722,0.134481388949165
12.7072632188919,0.172613238523399,-0.198544438877953,-0.437489719161581,0.0891201510717275,-0.0274769244905282,0.0155303230774292,-0.405096599427005,0.135253963220787
12.7953899752808,0.171206931834341,-0.198602078775129,-0.437392343525744,0.090135790261922,-0.027384906190759,0.0155706872843011,-0.404505331807113,0.136027849919022
12.8841279038047,0.169799495764554,-0.198649587285777,-0.437286591610329,0.0911588044586437,-0.0272925231223279,0.015610659746634,-0.403907642256385,0.136803005814525
12.9734812430331,0.168391069928226,-0.198686940950815,-0.437172323776641,0.0921891413634946,-0.0271997794110195,0.0156502372474254,-0.403303487343752,0.13757938677753
13.0634542609305,0.166981794480256,-0.198714118700457,-0.437049400337709,0.0932267460609782,-0.0271066792141857,0.0156894166322164,-0.402692823786473,0.138356947770019
13.1540512550606,0.165571810064201,-0.198731101868439,-0.4369176816081,0.094271561000176,-0.0270132267191513,0.0157281948093541,-0.402075608465191,0.139135642838065
13.2452765527909,0.164161257759804,-0.198737874204892,-0.436777027954423,0.0953235259774019,-0.0269194261416154,0.0157665687502033,-0.401451798439321,0.139915425104352
13.3371345115004,0.162750279030134,-0.198734421887858,-0.436627299846519,0.0963825781198549,-0.0268252817240527,0.0158045354893059,-0.400821350962768,0.140696246760874
13.4296295187868,0.16133901566839,-0.198720733533435,-0.436468357909302,0.0974486518702924,-0.0267307977341162,0.0158420921244878,-0.400184223499975,0.141478059061833
13.5227659926764,0.159927609744411,-0.198696800204533,-0.436300062975249,0.0985216789727448,-0.0266359784630413,0.0158792358169147,-0.399540373742301,0.142260812316749
13.6165483818355,0.15851620355092,-0.198662615418239,-0.43612227613749,0.0996015884592909,-0.0265408282240562,0.0159159637910959,-0.398889759624734,0.143044455883776
13.7109811657822,0.157104939549566,-0.198618175151775,-0.4359348588035,0.100688306637914,-0.0264453513507985,0.0159522733348353,-0.398232339342938,0.143828938163253
13.806068855101,0.155693960316785,-0.198563477847054,-0.435737672749362,0.101781757081459,-0.0263495521957399,0.0159881617991327,-0.397568071370624,0.144614206591491
13.9018159916578,0.154283408489541,-0.198498524413817,-0.435530580174569,0.102881860617706,-0.0262534351286225,0.016023626598032,-0.396896914477266,0.145400207634805
13.998227148817,0.152873426710978,-0.198423318231355,-0.435313443757356,0.103988535320583,-0.0261570045349066,0.0160586652084201,-0.396218827746139,0.146186886783809
14.0953069316601,0.151464157576033,-0.198337865148806,-0.435086126710518,0.10510169650253,-0.0260602648142335,0.0160932751697746,-0.39553377059269,0.146974188547982
14.1930599772055,0.150055743577049,-0.198242173484039,-0.434848492837719,0.106221256708037,-0.0259632203789042,0.0161274540838617,-0.394841702783243,0.147762056450516
14.2914909546299,0.148648327049437,-0.198136254021109,-0.434600406590225,0.107347125708366,-0.0258658756523766,0.0161611996143851,-0.394142584454028,0.148550433023459
14.3906045654914,0.147242050117419,-0.198020120006304,-0.434341733124081,0.108479210497482,-0.025768235067782,0.0161945094865865,-0.393436376130538,0.149339259803159
14.4904055439544,0.145837054639915,-0.19789378714277,-0.434072338357664,0.109617415289192,-0.0256703030664644,0.0162273814867975,-0.392723038747211,0.150128477326033
14.5908986570152,0.144433482156591,-0.197757273583734,-0.433792089029614,0.110761641515529,-0.0255720840965422,0.0162598134619458,-0.392002533667435,0.150918025124664
14.6920887047298,0.143031473834133,-0.197610599924318,-0.433500852757108,0.111911787826373,-0.0254735826114963,0.0162918033190142,-0.391274822703867,0.151707841724232
14.7939805204436,0.141631170412778,-0.19745378919197,-0.433198498094436,0.113067750090335,-0.0253748030687848,0.0163233490244548,-0.390539868139073,0.152497864639313
14.8965789710218,0.140232712153146,-0.1972868668355,-0.432884894591875,0.114229421396918,-0.0252757499284866,0.0163544486035597,-0.389797632746479,0.153288030371033
14.999888957082,0.138836238783416,-0.197109860712754,-0.432559912854811,0.115396692059953,-0.0251764276519753,0.0163851001397881,-0.389048079811629,0.154078274404608
15.1039154132284,0.137441889446887,-0.19692280107692,-0.432223424603095,0.116569449622343,-0.0250768407006256,0.016415301774052,-0.388291173153749,0.154868531207272
15.2086633082875,0.13604980264996,-0.196725720561493,-0.431875302730596,0.117747578862101,-0.0249769935345532,0.0164450517039612,-0.387526877147602,0.155658734226616
15.3141376455451,0.134660116210592,-0.196518654163908,-0.431515421364924,0.118930961799717,-0.0248768906113895,0.0164743481830295,-0.386755156745651,0.156448815889332
15.4203434629857,0.133272967207245,-0.196301639227861,-0.431143655927297,0.120119477706841,-0.0247765363850939,0.0165031895198426,-0.385975977500494,0.157238707600403
15.5272858335329,0.131888491928384,-0.196074715424331,-0.430759883192515,0.121313003116309,-0.0246759353048031,0.0165315740771898,-0.38518930558759,0.158028339742724
15.6349698652918,0.130506825822557,-0.19583792473133,-0.430363981349017,0.122511411833505,-0.024575091813721,0.0165595002711611,-0.384395107828261,0.158817641677184
15.7434007017931,0.129128103449088,-0.195591311412391,-0.429955830058992,0.123714574949082,-0.0244740103480485,0.0165869665702109,-0.383593351712951,0.159606541743215
15.8525835222385,0.127752458429425,-0.195334921993831,-0.429535310518503,0.124922360853033,-0.024372695335956,0.0166139714941895,-0.38278400542476,0.160394967259826
15.9625235417481,0.126380023399181,-0.195068805240795,-0.429102305517609,0.126134635250128,-0.0242711511965989,0.0166405136133452,-0.381967037863218,0.161182844527126
16.07322601161,0.125010929960899,-0.194793012132117,-0.428656699500437,0.127351261176724,-0.0241693823391776,0.0166665915472977,-0.381142418668309,0.161970098828361
16.1846962195303,0.12364530863757,-0.194507595834018,-0.42819837862519,0.128572099018944,-0.0240673931620426,0.0166922039639853,-0.380310118244727,0.162756654432469
16.2969394898867,0.122283288826945,-0.19421261167267,-0.427727230824044,0.129797006532235,-0.0239651880518467,0.0167173495785867,-0.379470107786361,0.163542434597162
16.4099611839816,0.120924998756671,-0.19390811710565,-0.427243145862916,0.13102583886231,-0.0238627713827439,0.0167420271524205,-0.378622359300985,0.164327361572564
16.5237667002994,0.119570565440276,-0.193594171692318,-0.426746015401057,0.132258448567472,-0.0237601475156374,0.0167662354918231,-0.377766845635166,0.165111356605403
16.6383614747635,0.118220114634036,-0.193270837063136,-0.426235733050458,0.133494685642328,-0.0236573207974751,0.0167899734470081,-0.376903540499356,0.165894339943769
16.7537509809962,0.116873770794753,-0.192938176887979,-0.425712194435012,0.134734397542887,-0.0235542955605968,0.0168132399109081,-0.376032418493169,0.166676230842462
16.8699407305804,0.115531657038474,-0.192596256843444,-0.425175297249423,0.135977429213049,-0.0234510761221298,0.0168360338180014,-0.375153455130822,0.167456947568931
16.9869362733223,0.114193895100164,-0.192245144579209,-0.424624941317815,0.137223623112482,-0.0233476667834367,0.0168583541431252,-0.374266626866746,0.168236407409824
17.1047431975172,0.112860605294379,-0.191884909683462,-0.424061028652018,0.138472819245893,-0.0232440718296139,0.0168801999002784,-0.373371911121326,0.169014526678153
17.2233671302159,0.111531906476938,-0.19151562364744,-0.423483463509489,0.139724855193675,-0.0231402955290421,0.0169015701414146,-0.372469286306778,0.169791220721092
17.3428137374936,0.110207916007639,-0.191137359829108,-0.422892152450845,0.140979566143953,-0.0230363421329881,0.0169224639552281,-0.371558731853145,0.170566403928413
17.4630887247206,0.108888749714026,-0.190750193416013,-0.422287004396969,0.142236784926001,-0.0229322158752603,0.0169428804659357,-0.370640228234386,0.171339989741585
17.5841978368348,0.107574521856229,-0.190354201387351,-0.42166793068566,0.143496342045048,-0.0228279209719147,0.0169628188320544,-0.369713756994556,0.172111890663523
17.7061468586161,0.106265345092895,-0.189949462475274,-0.421034845127793,0.144758065718451,-0.022723461621015,0.0169822782451792,-0.368779300774055,0.172882018269022
17.8289416149627,0.104961330448241,-0.189536057125483,-0.420387664062953,0.146021781913248,-0.0226188420024436,0.0170012579287621,-0.367836843335931,0.173650283215869
17.9525879711692,0.103662587280214,-0.189114067457139,-0.419726306414518,0.147287314385069,-0.0225140662777663,0.0170197571368944,-0.366886369592215,0.174416595256656
18.0770918332073,0.102369223249813,-0.18868357722212,-0.419050693744148,0.148554484718412,-0.0224091385901479,0.0170377751530942,-0.36592786563028,0.175180863251289
18.2024591480069,0.101081344291543,-0.188244671763679,-0.418360750305657,0.149823112368269,-0.0223040630643198,0.017055311289102,-0.364961318739203,0.175942995180212
18.3286959037413,0.0997990545850537,-0.187797437974521,-0.417656403098229,0.151093014703095,-0.0221988438065998,0.017072364883686,-0.363986717436099,0.17670289815836
18.4558081301122,0.0985224565279433,-0.187341964254349,-0.416937581918943,0.152364007049124,-0.0220934849049618,0.0170889353014582,-0.363004051492431,0.177460478449829
18.5838018986386,0.0972516507097513,-0.186878340466907,-0.416204219414585,0.153635902736,-0.0219879904291563,0.0171050219317058,-0.362013311960258,0.178215641483291
18.7126833229461,0.095986735887145,-0.186406657896562,-0.415456251132695,0.154908513143737,-0.0218823644308811,0.0171206241872369,-0.361014491198406,0.178968291868157
18.8424585590593,0.0947278089603069,-0.18592700920447,-0.414693615571841,0.156181647750985,-0.0217766109440004,0.0171357415032451,-0.360007582898548,0.17971833341148
18.9731338056957,0.0934749649505274,-0.185439488384341,-0.413916254231064,0.157455114184587,-0.0216707339848126,0.0171503733361931,-0.358992582111161,0.180465669135626
19.1047153045619,0.0922282969790081,-0.184944190717865,-0.413124111658471,0.158728718270433,-0.0215647375523658,0.0171645191627185,-0.357969485271348,0.181210201296705
19.2372093406515,0.090987896246877,-0.184441212729821,-0.41231713549895,0.160002264085572,-0.021458625628819,0.0171781784785631,-0.3569382902245,0.181951831403768
19.3706222425457,0.0897538520164209,-0.183930652142906,-0.411495276540957,0.161275554011601,-0.0213524021798497,0.0171913507975273,-0.355898996251773,0.182690460238778
19.5049603827152,0.0885262515935303,-0.183412607832331,-0.410658488762358,0.162548388789281,-0.0212460711551054,0.0172040356504526,-0.354851604095361,0.18342598787736
19.6402301778248,0.087305180311361,-0.182887179780211,-0.409806729375289,0.163820567574397,-0.0211396364886987,0.017216232584232,-0.353796115983541,0.184158313710329
19.7764380890397,0.0860907215152075,-0.182354469029781,-0.40893995886999,0.165091887994826,-0.0210331020997438,0.0172279411608527,-0.352732535655468,0.184887336466
19.9135906223344,0.0848829565485858,-0.181814577639493,-0.408058141057606,0.166362146208801,-0.0209264718929344,0.0172391609564699,-0.351660868385688,0.185612954233281
20.0516943288031,0.0836819647405226,-0.181267608637,-0.407161243111889,0.167631136964364,-0.0208197497591606,0.0172498915605156,-0.35058112100836,0.186335064485553
20.1907558049731,0.0824878233940438,-0.180713665973096,-0.406249235609801,0.168898653659972,-0.0207129395761639,0.0172601325748431,-0.34949330194115,0.187053564105339
20.3307816931193,0.0813006077758575,-0.180152854475611,-0.405322092570962,0.170164488406252,-0.0206060452092284,0.0172698836129081,-0.34839742120877,0.187768349409752
20.4717786815819,0.0801203911072228,-0.179585279803327,-0.404379791495923,0.171428432088874,-0.0204990705119069,0.0172791442989891,-0.347293490466155,0.188479316176729
20.6137535050858,0.0789472445559971,-0.179011048399923,-0.403422313403234,0.172690274432534,-0.0203920193267803,0.0172879142674478,-0.346181523021232,0.18918635967205
20.756712945062,0.0777812372298519,-0.178430267447998,-0.402449642865264,0.173949804066013,-0.0202848954862487,0.0172961931620309,-0.345061533857262,0.189889374677134
20.900663829972,0.0766224361706466,-0.177843044823197,-0.401461768042752,0.175206808588291,-0.0201777028133519,0.0173039806352144,-0.343933539654746,0.190588255517612
21.0456130356336,0.0754709063499492,-0.177249489048473,-0.400458680718057,0.176461074635706,-0.0200704451226186,0.017311276347592,-0.342797558812832,0.191282896092669
21.1915674855492,0.0743267106656917,-0.176649709248515,-0.399440376327067,0.177712387950115,-0.0199631262209409,0.0173180799673084,-0.341653611470242,0.191973189905156
21.338534151237,0.0731899099399472,-0.176043815104375,-0.39840685398975,0.178960533448041,-0.0198557499084744,0.017324391169539,-0.34050171952565,0.192659030092457
21.4865200525637,0.072060562917814,-0.175431916808323,-0.397358116539305,0.180205295290788,-0.0197483199795593,0.0173302096360162,-0.339341906657523,0.193340309458114
21.6355322580795,0.0709387262673937,-0.174814125018954,-0.396294170549892,0.181446456955476,-0.0196408402236636,0.0173355350546035,-0.338174198343367,0.19401692050419
21.7855778853565,0.0698244545808457,-0.174190550816578,-0.395215026362904,0.18268380130699,-0.019533314426343,0.0173403671189194,-0.336998621878368,0.194688755464377
21.9366641013278,0.0687178003765034,-0.173561305658928,-0.394120698111754,0.183917110670798,-0.0194257463702191,0.0173447055280095,-0.335815206393405,0.195355706337818
22.0887981226306,0.0676188141020353,-0.172926501337198,-0.39301120374516,0.185146166906621,-0.0193181398359705,0.0173485499860696,-0.334623982872396,0.196017664923654
22.2419872159503,0.0665275441386314,-0.172286249932447,-0.391886565048873,0.186370751482911,-0.0192104986033374,0.0173519002022192,-0.333424984168957,0.196674522856269
22.396238698368,0.0654440368062001,-0.171640663772394,-0.390746807665851,0.187590645552117,-0.0191028264521357,0.0173547558903262,-0.332218245022351,0.197326171641228
22.5515599377096,0.0643683363695534,-0.17098985538862,-0.389591961114829,0.188805630026697,-0.0189951271632797,0.0173571167688836,-0.331003802072695,0.197972502691888
22.7079583528983,0.063300485045564,-0.170333937474212,-0.38842205880727,0.190015485655852,-0.0188874045198109,0.0173589825609379,-0.329781693875406,0.198613407366672
22.8654414143084,0.0622405230112717,-0.169673022841859,-0.387237138062667,0.191219993102936,-0.0187796623079297,0.0173603529940692,-0.328551960914851,0.199248777006994
23.0240166441225,0.0611884884129221,-0.169007224382432,-0.386037240122174,0.192418933023514,-0.0186719043180306,0.0173612278004249,-0.327314645617184,0.199878502975805
23.1836916166905,0.0601444173759132,-0.168336655024066,-0.38482241016053,0.193612086144034,-0.018564134345735,0.0173616067168044,-0.326069792362342,0.200502476696755
23.3444739588916,0.0591083440156317,-0.167661427691757,-0.383592697296271,0.194799233341065,-0.0184563561929231,0.0173614894847975,-0.324817447495173,0.201120589693952
23.5063713504986,0.0580803004491562,-0.166981655267506,-0.382348154600189,0.195980155721071,-0.0183485736687598,0.0173608758509736,-0.32355765933568,0.201732733632284
23.6693915245447,0.0570603168078054,-0.166297450551012,-0.381088839102023,0.197154634700678,-0.0182407905907142,0.0173597655671248,-0.322290478188338,0.202338800358304
23.8335422676926,0.0560484212505096,-0.165608926220953,-0.379814811795363,0.198322452087398,-0.0181330107855703,0.017358158390559,-0.321015956350489,0.202938681941639
23.9988314206069,0.0550446399779826,-0.164916194796848,-0.378526137640741,0.199483390160762,-0.0180252380904263,0.017356054084446,-0.319734148119766,0.203532270716908
24.1652668783283,0.0540489972476711,-0.164219368601528,-0.377222885566886,0.200637231753824,-0.01791747635368,0.0173534524182133,-0.318445109800536,0.204119459326131
24.3328565906507,0.0530615153894608,-0.16351855972424,-0.375905128470138,0.201783760334991,-0.017809729436,0.0173503531679931,-0.317148899709338,0.204700140761589
24.5016085625011,0.0520822148221123,-0.162813879984372,-0.374572943211987,0.202922760090137,-0.0177020012112785,0.0173467561171194,-0.315845578179299,0.205274208409124
24.6715308543219,0.0511111140704073,-0.162105440895842,-0.373226410614726,0.204054016004956,-0.0175942955675649,0.0173426610566729,-0.314535207563497,0.205841556091848
24.8426315824557,0.0501482297829796,-0.161393353632139,-0.371865615455208,0.205177313947504,-0.0174866164079776,0.0173380677860762,-0.313217852237258,0.206402078114228
25.0149189195333,0.0491935767508089,-0.160677728992043,-0.37049064645668,0.206292440750888,-0.0173789676515928,0.0173329761137345,-0.311893578599373,0.206955669306529
25.1884010948637,0.0482471679263516,-0.159958677366029,-0.369101596278693,0.207399184296054,-0.0172713532343077,0.0173273858577245,-0.310562455072205,0.207502225069577
25.3630863948277,0.0473090144432886,-0.159236308703363,-0.367698561505064,0.208497333594624,-0.0171637771096753,0.0173212968465276,-0.309224552100674,0.208041641419818
25.538983163273,0.0463791256368633,-0.158510732479903,-0.366281642629892,0.20958667887173,-0.0170562432497116,0.0173147089198079,-0.307879942150108,0.208573815034637
25.7160998019135,0.0454575090647879,-0.157782057666613,-0.364850944041599,0.210667011648806,-0.0169487556456705,0.0173076219292342,-0.306528699702934,0.209098643297913
25.89444477073,0.0445441705286952,-0.157050392698794,-0.363406574005007,0.211738124826274,-0.016841318308786,0.0173000357393425,-0.305170901254207,0.209616024345765
26.0740265883745,0.0436391140961101,-0.156315845446041,-0.361948644641437,0.212799812766085,-0.0167339352709804,0.0172919502284407,-0.303806625305947,0.210125857112473
26.2548538325773,0.0427423421229201,-0.155578523182937,-0.360477271906809,0.213851871374052,-0.0166266105855355,0.0172833652895514,-0.302435952360289,0.210628041376527
26.4369351405564,0.041853855276321,-0.154838532560479,-0.35899257556777,0.214894098181932,-0.0165193483277262,0.0172742808313933,-0.301058964911418,0.211122477806769
26.6202792094301,0.0409736525582129,-0.154095979578249,-0.357494679175814,0.2159262924292,-0.0164121525954149,0.0172646967793988,-0.29967574743629,0.211609068008605
26.8048947966327,0.0401017313290261,-0.153350969557328,-0.355983710039415,0.21694825514446,-0.0163050275096044,0.0172546130767658,-0.298286386384125,0.212087714570238
26.9907907203326,0.039238087331953,-0.15260360711397,-0.354459799194161,0.217959789226444,-0.0161979772149491,0.0172440296855437,-0.29689097016466,0.212558321108895
27.1779758598533,0.0383827147175635,-0.151853996134012,-0.352923081370899,0.218960699524541,-0.0160910058802217,0.0172329465877494,-0.295489589135161,0.213020792317003
27.3664591560979,0.0375356060687815,-0.151102239748052,-0.351373694961891,0.219950792918801,-0.0159841176987356,0.0172213637865147,-0.294082335586183,0.213475034008286
27.556249611976,0.0366967524262011,-0.150348440307376,-0.349811781984974,0.220929878399359,-0.0158773168887205,0.0172092813072598,-0.292669303726081,0.213920953163736
27.7473562928336,0.0358661433137197,-0.14959269936064,-0.34823748804576,0.221897767145233,-0.0157706076936505,0.0171966991988945,-0.291250589664252,0.214358457977423
27.9397883268864,0.0350437667644676,-0.148835117631317,-0.346650962297851,0.222854272602421,-0.0156639943825245,0.0171836175350422,-0.289826291393128,0.214787457902112
28.1335549056553,0.0342296093470112,-0.148075794995884,-0.345052357401097,0.223799210561264,-0.015557481250096,0.0171700364152871,-0.288396508768899,0.215207863694637
28.3286652844062,0.0334236561918103,-0.147314830462783,-0.343441829477914,0.224732399233002,-0.0154510726170532,0.0171559559664411,-0.286961343490977,0.215619587460997
28.5251287825912,0.0326258910179079,-0.146552322152119,-0.341819538067658,0.225653659325476,-0.0153447728301477,0.0171413763438293,-0.285520899080204,0.216022542701143
28.7229547842946,0.0318362961598324,-0.145788367276118,-0.340185646079082,0.226562814117918,-0.0152385862622709,0.0171262977325917,-0.284075280855797,0.216416644353399
28.9221527386804,0.031054852594692,-0.145023062120334,-0.338540319740895,0.227459689534777,-0.0151325173124777,0.0171107203489987,-0.282624595911047,0.216801808838497
29.1227321604441,0.030281539969441,-0.144256502025594,-0.336883728550432,0.228344114218514,-0.0150265704059571,0.0170946444417793,-0.281168953087767,0.217177954103166
29.324702630267,0.0295163366283,-0.143488781370694,-0.335216045220465,0.229215919601333,-0.014920749993949,0.0170780702934587,-0.279708462949505,0.217544999663257
29.5280737952738,0.0287592196403092,-0.142719993555826,-0.333537445624175,0.230074939975764,-0.0148150605536063,0.0170609982217043,-0.27824323775352,0.217902866646345
29.7328553694936,0.0280101648269964,-0.141950230986743,-0.331848108738305,0.230921012564073,-0.0147095065878025,0.0170434285806766,-0.276773391421549,0.218251477833777
29.9390571343235,0.0272691467901431,-0.141179585059653,-0.330148216584527,0.231753977586423,-0.0146040926248847,0.0170253617623849,-0.27529903950935,0.218590757702131
30.1466889389963,0.0265361389396279,-0.140408146146827,-0.32843795416905,0.232573678327742,-0.0144988232183713,0.0170067981980429,-0.273820299175064,0.218920632464033
30.3557607010504,0.0258111135213309,-0.139636003582941,-0.326717509420491,0.23337996120325,-0.0143937029465943,0.016987738359425,-0.272337289146385,0.21924103010831
30.566282406804,0.0250940416450828,-0.138863245652115,-0.324987073126053,0.234172675822577,-0.0142887364122871,0.0169681827602183,-0.27085012968657,0.219551880439429
30.7782641118319,0.0243848933126393,-0.138089959575662,-0.323246838866035,0.234951675052439,-0.0141839282421164,0.0169481319573707,-0.269358942559293,0.21985311511618
30.9917159414457,0.0236836374456669,-0.137316231500541,-0.321497002946714,0.235716815077806,-0.0140792830861599,0.0169275865524307,-0.267863850992382,0.22014466768958
31.2066480911777,0.0229902419137217,-0.136542146488492,-0.319737764331634,0.23646795546153,-0.0139748056173285,0.0169065471928786,-0.26636497964043,0.220426473639952
31.4230708272674,0.0223046735622071,-0.135767788505863,-0.31796932457134,0.237204959202355,-0.0138705005307356,0.0168850145734458,-0.26486245454633,0.220698470413133
31.6409944871527,0.0216268982402938,-0.134993240414108,-0.3161918877316,0.2379276927913,-0.0137663725430104,0.0168629894374203,-0.263356403101737,0.220960597455794
31.8604294799627,0.0209568808287878,-0.134218583960957,-0.314405660320159,0.238636026266332,-0.0136624263915601,0.0168404725779367,-0.261846954006491,0.221212796249824
32.0813862870155,0.0202945852679315,-0.133443899772245,-0.312610851212067,0.239329833265308,-0.0135586668337775,0.0168174648392485,-0.26033423722702,0.22145501034574
32.3038754623189,0.0196399745851237,-0.13266926734439,-0.310807671573626,0.24000899107713,-0.0134550986461973,0.0167939671179798,-0.258818383953762,0.221687185395104
32.5279076330741,0.0189930109225448,-0.131894765037525,-0.308996334785,0.240673380691072,-0.013351726623601,0.0167699803643559,-0.257299526557611,0.221909269181895
32.7534935001834,0.0183536555646728,-0.131120470069245,-0.307177056361554,0.241322886844242,-0.013248555578071,0.0167455055834099,-0.255777798545445,0.222121211652818
32.9806438387618,0.017721868965679,-0.130346458509003,-0.305350053873947,0.241957398067137,-0.013145590337995,0.0167205438361629,-0.25425333451474,0.222322964946517
33.2093694986511,0.0170976107766883,-0.129572805273099,-0.303515546867052,0.242576806727238,-0.0130428357470222,0.0166950962407769,-0.252726270107323,0.222514483421646
33.4396814049384,0.0164808398728938,-0.128799584120294,-0.301673756777748,0.243181009070641,-0.0129402966629714,0.0166691639736784,-0.251196741962281,0.222695723683795
33.6715905584778,0.0158715143805122,-0.128026867648009,-0.299824906851639,0.243769905261653,-0.0128379779566926,0.0166427482706499,-0.24966488766807,0.222866644611218
33.9051080364161,0.0152695917035695,-0.127254727289115,-0.297969222058757,0.24434339942034,-0.0127358845108838,0.0166158504278884,-0.248130845713851,0.223027207379352
34.1402449927217,0.0146750285505056,-0.126483233309304,-0.296106929008307,0.244901399657991,-0.0126340212188632,0.0165884718030297,-0.246594755440097,0.223177375484089
34.3770126587175,0.0140877809605862,-0.125712454805019,-0.294238255862514,0.245443818110465,-0.0125323929832989,0.0165606138161348,-0.245056756988506,0.223317114763791
34.6154223436172,0.0135078043301125,-0.124942459701949,-0.292363432249628,0.245970570969398,-0.0124310047148974,0.0165322779506393,-0.243516991251249,0.223446393420008
34.8554854350656,0.0129350534384185,-0.124173314754063,-0.290482689176154,0.246481578511237,-0.0123298613310523,0.0165034657542626,-0.241975599819605,0.223565182036886
35.0972133996824,0.0123694824736455,-0.123405085543188,-0.28859625893836,0.246976765124077,-0.0122289677544542,0.0164741788398757,-0.240432724932016,0.223673453599245
35.3406177836102,0.0118110450582849,-0.122637836479109,-0.286704375033138,0.247456059332294,-0.0121283289116642,0.0164444188863265,-0.238888509421604,0.223771183509304
35.5857102130658,0.0112596942744802,-0.121871630800179,-0.284807272068271,0.247919393818925,-0.0120279497316522,0.0164141876392213,-0.237343096663183,0.223858349602036
35.8325023948954,0.0107153826890802,-0.121106530574445,-0.282905185672172,0.248366705445808,-0.0119278351443015,0.0163834869116606,-0.235796630519827,0.223934932159132
36.081006117134,0.0101780623784332,-0.120342596701257,-0.280998352403174,0.248797935271442,-0.0118279900788815,0.0163523185849284,-0.234249255289015,0.22400091392157
36.3312332495683,0.00964768495291683,-0.119579888913368,-0.279087009658411,0.249213028566566,-0.0117284194624908,0.0163206846091343,-0.232701115648412,0.224056280100764
36.5831957443038,0.00912420158119325,-0.118818465779499,-0.277171395582385,0.249611934827442,-0.0116291282184718,0.016288587003806,-0.231152356601321,0.224101018388281
36.8369056363357,0.0086075630141845,-0.118058384707374,-0.275251748975263,0.249994607786831,-0.0115301212647984,0.0162560278584328,-0.22960312342185,0.224135118964131
37.0923750441235,0.00809771960876001,-0.117299701947195,-0.273328309200984,0.250361005422659,-0.0114314035124401,0.0162230093329579,-0.228053561599849,0.224158574503592
37.3496161701702,0.00759462135112945,-0.11654247259557,-0.271401316095245,0.250711089964357,-0.0113329798637022,0.0161895336582189,-0.226503816785643,0.224171380182598
37.6086413016048,0.0070982178799353,-0.115786750599854,-0.269471009873417,0.251044827896894,-0.0112348552105468,0.0161556031363368,-0.224954034734629,0.224173533681649
37.8694628107695,0.00660845850903842,-0.115032588762925,-0.267537631038484,0.251362189962476,-0.0111370344328933,0.0161212201410511,-0.223404361251755,0.224165035188263
38.1320931558105,0.0061252922499915,-0.114280038748352,-0.265601420289053,0.251663151159935,-0.0110395223969034,0.0160863871180012,-0.221854942135959,0.224145887397963
38.3965448812729,0.00564866783419444,-0.113529151085966,-0.263662618427508,0.251947690741796,-0.0109423239532503,0.0160511065849543,-0.220305923124578,0.224116095513782
38.6628306187004,0.00517853373472717,-0.112779975177821,-0.261721466268385,0.252215792209041,-0.0108454439353759,0.0160153811319775,-0.218757449837807,0.224075667244308
38.9309630872381,0.00471483818785432,-0.112032559304517,-0.259778204547018,0.252467443303573,-0.0107488871577365,0.0159792134215561,-0.217209667723224,0.224024612800261
39.2009550942403,0.00425752921419806,-0.111286950631898,-0.257833073828543,0.252702635998387,-0.0106526584140399,0.0159426061886551,-0.215662722000444,0.223962944889598
39.4728195358824,0.00380655463957425,-0.110543195218096,-0.25588631441731,0.25292136648547,-0.0105567624754756,0.0159055622407257,-0.214116757605947,0.223890678711167
39.7465693977764,0.00336186211548837,-0.109801338020919,-0.253938166266778,0.253123635161438,-0.0104612040889403,0.0158680844576565,-0.212571919138109,0.223807831946905
40.0222177555915,0.00292339913928724,-0.109061422905572,-0.251988868889957,0.253309446610937,-0.0103659879752609,0.0158301757916678,-0.211028350802501,0.223714424752593
40.2997777756789,0.00249111307396327,-0.108323492652696,-0.250038661270463,0.253478809587811,-0.0102711188274162,0.0157918392671506,-0.209486196357491,0.223610479747177
40.5792627157,0.00206495116760844,-0.107587588966716,-0.248087781774248,0.253631736994084,-0.0101766013087599,0.0157530779804497,-0.207945599060183,0.223496022000665
40.8606859252603,0.0016448605725144,-0.106853752484491,-0.246136468062064,0.253768245856751,-0.0100824400512477,0.0157138950995916,-0.206406701612758,0.223371079020616
41.1440608465467,0.00123078836391686,-0.106122022784251,-0.244184957002742,0.253888357302437,-0.00998863965366837,0.0156742938639558,-0.204869646109242,0.223235680737235
41.4294010149697,0.000822681558381484,-0.105392438394813,-0.242233484587317,0.253992096529918,-0.00989520467988292,0.0156342775838926,-0.203334573982748,0.223089859487084
41.7167200598098,0.000420487131829255,-0.104665036805064,-0.240282285844092,0.254079492780565,-0.00980213965707256,0.0155938496402846,-0.201801625953237,0.222933649995433
42.0060317048688,2.41520371996283e-05,-0.103939854473703,-0.238331594754675,0.254150579306723,-0.00970944907399767,0.0155530134840556,-0.200270941975833,0.222767089357275
42.2973497691249,-0.000366376778250396,-0.103216926839229,-0.23638164417106,0.254205393338068,-0.00961713737926982,0.0155117726356243,-0.198742661189744,0.222590217017005
42.5906881673929,-0.000751152356012374,-0.102496288330167,-0.234432665733805,0.254243976045981,-0.00952520897963846,0.0154701306843055,-0.197216921867806,0.222403074746804
42.8860609109892,-0.0011302277097592,-0.101777972375518,-0.232484889791363,0.254266372505965,-0.00943366823829432,0.0154280912876595,-0.195693861366715,0.222205706623751
43.1834821084004,-0.00150365580914503,-0.101062011415434,-0.23053854532062,0.254272631658164,-0.00934251947319114,0.0153856581707882,-0.194173616077964,0.221998159005667
43.4829659659579,-0.00187148956397347,-0.100348436912092,-0.228593859848689,0.254262806266001,-0.0092517669553876,0.0153428351255822,-0.192656321379529,0.22178048050574
43.7845267885158,-0.00223378180873421,-0.0996372793607654,-0.226651059376017,0.254236952873005,-0.00916141490741112,0.015299626009916,-0.191142111588341,0.221552721965939
44.0881789801347,-0.0025905852875086,-0.0989285683010933,-0.224710368300847,0.254195131757848,-0.00907146750164521,0.0152560347467955,-0.18963111991358,0.221314936429265
44.3939370447695,-0.002941952639244,-0.0982223323285151,-0.22277200934509,0.254137406887658,-0.00898192885874199,0.0152120653234562,-0.188123478410814,0.22106717911084
44.701815586962,-0.00328793638339695,-0.0975185991058818,-0.220836203481646,0.254063845869639,-0.00889280304606146,0.0151677217904155,-0.186619317937029,0.220809507367892
45.0118293125388,-0.00362858890594475,-0.096817395375224,-0.21890316986322,0.253974519901058,-0.00880409407613908,0.0151230082604776,-0.185118768106568,0.220541980668647
45.3239930293136,-0.00396396244576479,-0.0961187469696702,-0.21697312575268,0.253869503717648,-0.00871580590518317,0.0150779289076944,-0.18362195724802,0.220264660560171
45.6383216477945,-0.00429410908138114,-0.095422678825506,-0.215046286454987,0.253748875540475,-0.0086279424316034,0.0150324879662828,-0.182129012362081,0.219977610635186
45.954830181896,-0.0046190807180774,-0.0947292149943654,-0.213122865250749,0.253612717021321,-0.00854050749457203,0.0149866897294985,-0.180640059080417,0.219680896497905
46.2735337496566,-0.0049389290753744,-0.0940383786555442,-0.211203073331417,0.253461113186646,-0.00845350487261893,0.0149405385484697,-0.179155221625551,0.219374585728905
46.5944475739604,-0.00525370567487214,-0.0933501921284286,-0.209287119736177,0.253294152380173,-0.00836693828226188,0.0148940388309904,-0.177674622771806,0.219058747849086
46.9175869832646,-0.00556346182845385,-0.0926646768850286,-0.207375211290559,0.253111926204152,-0.00828081137667321,0.0148471950402753,-0.176198383807317,0.21873345428275
47.2429674123316,-0.00586824862685098,-0.0919818535626081,-0.205467552546796,0.252914529459377,-0.00819512774438399,0.0148000116936775,-0.174726624497153,0.218398778319826
47.5706044029659,-0.00616811692856729,-0.0913017419764046,-0.203564345725954,0.252702060083984,-0.00810989090802693,0.0147524933613706,-0.173259463047538,0.21805479507729
47.9005136047569,-0.00646311734915988,-0.0906243611324276,-0.20166579066188,0.252474619091114,-0.0080251043231188,0.0147046446649963,-0.17179701607123,0.217701581459814
48.2327107758263,-0.0067533002508754,-0.0899497292403299,-0.199772084746963,0.252232310505488,-0.00794077137688367,0.01465647027628,-0.170339398554035,0.217339216119675
48.5672117835806,-0.00703871573263897,-0.0892778637263433,-0.197883422879759,0.251975241298949,-0.0078568953871176,0.0146079749156141,-0.168886723822512,0.216967779415976
48.904032605469,-0.00731941362039357,-0.0886087812462697,-0.195999997414473,0.251703521325047,-0.00777347960109566,0.0145591633506129,-0.167439103512848,0.216587353373201
49.243189329747,-0.00759544345778731,-0.0879424976985206,-0.194121998112344,0.2514172632527,-0.00769052719452235,0.0145100403946377,-0.165996647540949,0.216198021639158
49.5846981562442,-0.00786685449720598,-0.0872790282371981,-0.192249612094917,0.251116582499024,-0.00760804127052561,0.0144606109052973,-0.164559464073727,0.21579986944234
49.9285753971387,-0.00813369569114799,-0.0866183872852087,-0.190383023799246,0.250801597161359,-0.00752602485869568,0.014410879782922,-0.163127659501627,0.215392983548745
50.2748374777359,-0.00839601568393906,-0.085960588547403,-0.188522414935021,0.250472427948578,-0.00744448091416891,0.0143608519690151,-0.161701338412377,0.214977452218197
50.6235009372529,-0.00865386280378328,-0.0853056450237346,-0.186667964443629,0.250129198111723,-0.00736341231675733,0.0143105324446822,-0.160280603565982,0.214553365160209
50.974582429609,-0.0089072850551475,-0.0846535690224304,-0.18481984845917,0.249772033374036,-0.00728282187012432,0.0142599262290408,-0.158865555870966,0.214120813489417
51.3280987242209,-0.00915633011147628,-0.0840043721731663,-0.182978240271414,0.249401061860442,-0.00720271230100685,0.014209038377611,-0.157456294361869,0.213679889680641
51.6840667068035,-0.00940104530823303,-0.0833580654402401,-0.181143310290719,0.24901641402654,-0.00712308625848464,0.0141578739806897,-0.156052916177995,0.213230687523593
52.0425033801768,-0.0096414776362648,-0.0827146591357372,-0.179315226014903,0.248618222587174,-0.00704394631329642,0.0141064381617094,-0.15465551654343,0.212773302077294
52.4034258650778,-0.00987767373548677,-0.0820741629326801,-0.17749415199807,0.248206622444629,-0.0069652949572036,0.0140547360755831,-0.153264188748308,0.212307829624218
52.7668514009784,-0.0101096798888828,-0.0814365858781574,-0.175680249821388,0.247781750616515,-0.00688713460240147,0.0140027729070382,-0.15187902413135,0.211834367624214
53.1327973469088,-0.010337542016818,-0.0808019364064252,-0.173873678065816,0.247343746163406,-0.00680946758097808,0.0139505538689387,-0.150500112063651,0.211353014668238
53.5012811822866,-0.0105613056716605,-0.0801702223519752,-0.172074592286771,0.24689275011628,-0.00673229614442074,0.0138980842005995,-0.149127539933734,0.210863870431943
53.8723205077517,-0.0107810160327067,-0.0795414509625629,-0.170283144990728,0.246428905403816,-0.00665562246317022,0.0138453691660933,-0.147761393133849,0.210367035629154
54.2459330460073,-0.010996717901408,-0.0789156289121917,-0.168499485613744,0.245952356779621,-0.00657944862622248,0.013792414052552,-0.146401755047523,0.209862611965268
54.6221366426659,-0.0112084556968937,-0.0782927623140459,-0.166723760501892,0.245463250749419,-0.00650377664077788,0.0137392241684636,-0.145048707038347,0.209350702090619
55.0009492671021,-0.0114162734517859,-0.0776728567333675,-0.164956112893591,0.244961735498279,-0.00642860843193765,0.0136858048419673,-0.143702328440002,0.20883140955385
55.3823890133107,-0.0116202148083028,-0.0770559172002722,-0.163196682903822,0.244447960817915,-0.00635394584244737,0.0136321614191468,-0.142362696547508,0.208304838755305
55.7664741007712,-0.0118203230146464,-0.0764419482224986,-0.161445607510203,0.24392207803413,-0.00627979063248717,0.013578299262325,-0.141029886609683,0.207771094900513
56.1532228753178,-0.0120166409216682,-0.0758309537980862,-0.159703020540916,0.243384239934441,-0.00620614447950828,0.0135242237483596,-0.139703971822808,0.207230283953756
56.5426538100157,-0.0122092109798118,-0.0752229374279769,-0.157969052664461,0.24283460069594,-0.00613300897811567,0.0134699402669434,-0.138385023325492,0.206682512591795
56.9347855060436,-0.0123980752363251,-0.0746179021285363,-0.156243831381207,0.242273315813451,-0.00606038563999612,0.0134154542189083,-0.137073110194701,0.206127888157761
57.3296366935823,-0.0125832753327392,-0.0740158504439885,-0.154527481016738,0.24170054202801,-0.00598827589389143,0.0133607710145361,-0.135768299442964,0.205566518615247
57.7272262327089,-0.0127648525026087,-0.0734167844587618,-0.152820122716945,0.241116437255739,-0.00591668108561614,0.0133058960718769,-0.134470656016724,0.204998512502651
58.1275731142982,-0.0129428475695095,-0.0728207058097401,-0.151121874444857,0.240521160517139,-0.00584560247811919,0.0132508348150763,-0.133180242795822,0.204423978887774
58.5306964609293,-0.0131173009452894,-0.0722276156984157,-0.149432850979177,0.239914871866867,-0.00577504125158899,0.0131955926727128,-0.1318971205941,0.203843027322725
58.9366155277994,-0.0132882526285658,-0.0716375149029408,-0.147753163914492,0.239297732324023,-0.0057049985036011,0.013140175076147,-0.130621348161105,0.20325576779915
59.3453497036433,-0.0134557422034677,-0.0710504037900716,-0.146082921663137,0.238669903802995,-0.00563547524930796,0.0130845874578826,-0.12935298218487,0.202662310703824
59.7569185116595,-0.0136198088386163,-0.0704662823270041,-0.144422229458671,0.238031549044913,-0.00556647242166991,0.0130288352499428,-0.128092077295764,0.202062766774619
60.1713416104428,-0.0137804912863386,-0.0698851500930954,-0.142771189360943,0.237382831549735,-0.00549799087172667,0.0129729238822604,-0.126838686071379,0.20145724705689
60.5886387949234,-0.0139378278821119,-0.0693070062914691,-0.141129900262713,0.236723915509016,-0.00543003136890859,0.0129168587810846,-0.125592859042438,0.200845862860299
61.0088299973121,-0.0140918565442313,-0.0687318497605006,-0.139498457897794,0.236054965739387,-0.00536259460138679,0.0128606453674054,-0.124354644699712,0.200228725716093
61.4319352880526,-0.0142426147736987,-0.0681596789851784,-0.13787695485068,0.23537614761679,-0.0052956811764613,0.0128042890553955,-0.12312408950191,0.19960594733488
61.8579748767801,-0.0143901396543253,-0.0675904921083404,-0.136265480567626,0.234687627011491,-0.00522929162098643,0.0127477952508721,-0.121901237884523,0.198977639564906
62.2869691132868,-0.0145344678530459,-0.0670242869417806,-0.134664121369152,0.233989570223916,-0.0051634263818324,0.0126911693497787,-0.120686132269611,0.198343914350868
62.7189384884933,-0.0146756356204382,-0.0664610609772234,-0.133072960463919,0.233282143921328,-0.00509808582638222,0.0126344167366881,-0.119478813076496,0.197704883693278
63.1539036354283,-0.0148136787914433,-0.0659008113971643,-0.131492077963954,0.232565515075387,-0.00503327024306307,0.0125775427833277,-0.118279318733341,0.197060659608403
63.5918853302131,-0.0149486327862824,-0.0653435350855733,-0.129921550901184,0.231839850900607,-0.00496897984191106,0.0125205528471267,-0.117087685689596,0.196411354088796
64.032904493055,-0.0150805326115651,-0.0647892286384585,-0.128361453245238,0.231105318793755,-0.00490521475516839,0.0124634522697885,-0.11590394842928,0.195757079064436
64.4769821892457,-0.0152094128615847,-0.0642378883742881,-0.126811855922475,0.230362086274196,-0.00484197503791201,0.0124062463758857,-0.114728139485079,0.195097946364504
64.9241396301678,-0.0153353077197952,-0.0636895103442692,-0.125272826836216,0.229610320925225,-0.00477926066871265,0.012348940471482,-0.113560289453235,0.194434067679792
65.3743981743082,-0.0154582509604663,-0.0631440903424799,-0.123744430888118,0.228850190336399,-0.00471707155032325,0.0122915398427783,-0.112400427009191,0.193765554525783
65.827779328278,-0.0155782759505111,-0.0626016239158538,-0.122226730000675,0.228081862046894,-0.00465540751039582,0.0122340497547863,-0.111248578923987,0.193092518206404
66.2843047478397,-0.0156954156514814,-0.0620621063740149,-0.120719783140782,0.227305503489899,-0.00459426830222547,0.0121764754500283,-0.110104770081357,0.19241506977846
66.7439962389419,-0.015809702621728,-0.0615255327989609,-0.119223646344344,0.226521281938073,-0.00453365360552085,0.0121188221472653,-0.108969023495521,0.191733320016778
67.2068757587607,-0.0159211690187182,-0.0609918980545939,-0.117738372741883,0.225729364450083,-0.00447356302719965,0.0120610950402519,-0.107841360329634,0.19104737938006
67.6729654167483,-0.016029846601509,-0.0604611967960962,-0.116264012585091,0.224929917818224,-0.00441399610220836,0.0120032992965211,-0.106721799914874,0.190357357977458
68.1422874756894,-0.0161357667333697,-0.0599334234791503,-0.114800613274318,0.224123108517151,-0.00435495229436494,0.011945440056197,-0.105610359770138,0.189663365535885
68.6148643527643,-0.0162389603845499,-0.0594085723690014,-0.113348219386917,0.223309102653723,-0.00429643099722367,0.0118875224308368,-0.104507055622316,0.188965511368067
69.0907186206199,-0.0163394581351884,-0.0588866375493622,-0.111906872706451,0.222488065917979,-0.00423843153496077,0.0118295515023026,-0.103411901427135,0.188263904341341
69.5698730084476,-0.0164372901783583,-0.0583676129311573,-0.110476612252677,0.221660163535251,-0.00418095316327998,0.0117715323216634,-0.102324909390525,0.18755865284722
70.0523504030693,-0.0165324863232448,-0.0578514922611075,-0.10905747431231,0.220825560219414,-0.00412399507033691,0.0117134699081263,-0.101246089990492,0.186849864771712
70.5381738500302,-0.0166250759984495,-0.0573382691301524,-0.107649492470492,0.219984420127301,-0.00406755637768115,0.0116553692479991,-0.100175451999476,0.186137647466409
71.0273665547,-0.0167150882554188,-0.0568279369817106,-0.10625269764296,0.219136906814267,-0.00401163614121505,0.0115972352936825,-0.099113002507163,0.185422107720357
71.5199518833807,-0.0168025517719911,-0.0563204891197772,-0.104867118108842,0.218283183190916,-0.0039562333521682,0.0115390729626938,-0.0980587469437204,0.184703351732693
72.0159533644237,-0.0168874948560585,-0.0558159187168567,-0.103492779544074,0.217423411480998,-0.00390134693808644,0.0114808871367207,-0.0970126891034469,0.183981485086066
72.5153946893524,-0.0169699454493387,-0.0553142188217323,-0.102129705055383,0.216557753180467,-0.00384697576383456,0.0114226826607062,-0.0959748311687958,0.183256612720846
73.0182997139948,-0.0170499311312538,-0.0548153823670698,-0.100777915214793,0.215686369017709,-0.0037931186326115,0.0113644643419648,-0.0949451737347554,0.182528838910103
73.5246924596224,-0.0171274791229102,-0.0543194021768563,-0.0994374280946418,0.214809418914943,-0.00373977428697713,0.0113062369493286,-0.0939237158335601,0.181798267235384
74.0345971140979,-0.0172026162911772,-0.0538262709736734,-0.0981082593030466,0.213927061950778,-0.00368694140988965,0.0112480052123255,-0.0929104549597088,0.181065000563266
74.5480380330304,-0.0172753691528589,-0.0533359813858036,-0.096790422019797,0.213039456323943,-0.00363461862575253,0.0111897738203874,-0.0919053870952661,0.180329141022691
75.0650397409388,-0.0173457638789564,-0.0528485259541716,-0.0954839270326372,0.212146759318171,-0.00358280450147011,0.0111315474220891,-0.0909085067354234,0.179590789983089
75.585626932423,-0.0174138262990149,-0.0523638971391183,-0.0941887827739034,0.211249127268244,-0.00353149754751091,0.0110733306244184,-0.0899198069142967,0.178850048033275
76.1098244733437,-0.0174795819055534,-0.0518820873270085,-0.0929049953574795,0.21034671552718,-0.00348069621897764,0.0110151279920761,-0.0889392792309384,0.178107014961121
76.6376574020103,-0.0175430558585718,-0.0514030888366729,-0.0916325686160429,0.209439678434576,-0.00343039891668314,0.0109569440468067,-0.0879669138755409,0.177361789734009
77.1691509303763,-0.0176042729901322,-0.050926893925682,-0.0903715041385626,0.208528169286073,-0.00338060398823118,0.0108987832667589,-0.0870026996558102,0.176614470480044
77.7043304452438,-0.0176632578090101,-0.0504534947964555,-0.089121801308022,0.207612340303963,-0.00333130972910135,0.0108406500858758,-0.0860466240234872,0.175865154470037
78.2432215094763,-0.017720034505412,-0.0499828836022039,-0.0878834573393315,0.206692342608902,-0.00328251438373721,0.0107825488933156,-0.0850986731009975,0.175113938100244
78.7858498632195,-0.0177746269557552,-0.0495150524527054,-0.0866564673174034,0.205768326192746,-0.00323421614663674,0.0107244840329004,-0.0841588317082066,0.174360916875858
79.3322414251308,-0.0178270587275074,-0.049049993419916,-0.0854408242353568,0.204840439892473,-0.00318641316344437,0.0106664598025949,-0.0832270833892622,0.173606185395253
79.8824222936175,-0.0178773530840799,-0.0485876985434152,-0.0842365190328254,0.203908831365205,-0.00313910353204373,0.0106084804540137,-0.0823034104395034,0.172849837334963
80.436418748083,-0.0179255329897737,-0.0481281598356859,-0.0830435406343376,0.202973647064291,-0.00309228530365048,0.0105505501919566,-0.0813877939324166,0.172091965435394
80.9942572501823,-0.0179716211147724,-0.0476713692872302,-0.0818618759877437,0.202035032216469,-0.00304595648390417,0.0104926731739724,-0.0804802137466213,0.171332661487265
81.555964445086,-0.0180156398401797,-0.047217318871521,-0.0806915101026612,0.201093130800065,-0.00300011503395875,0.0104348535099501,-0.0795806485928648,0.170572016318764
82.121567162753,-0.0180576112630981,-0.0467660005497901,-0.0795324260889136,0.200148085524233,-0.0029547588715708,0.0103770952617371,-0.0786890760410107,0.169810119783414
82.6910924192116,-0.0180975572017442,-0.0463174062756533,-0.0783846051949368,0.199200037809219,-0.00290988587218474,0.0103194024427848,-0.0778054725470019,0.169047060748636
83.2645674178507,-0.0181354992005979,-0.0458715279995729,-0.0772480268461282,0.198249127767624,-0.00286549387001464,0.0102617790178205,-0.0769298134797816,0.168282927085009
83.8420195507184,-0.0181714585355821,-0.0454283576731594,-0.0761226686831151,0.197295494186669,-0.00282158065912162,0.0102042289025445,-0.0760620731481577,0.167517805656202
84.423476399831,-0.0182054562192694,-0.0449878872533109,-0.0750085065999206,0.196339274511423,-0.00277814399448648,0.0101467559633538,-0.0752022248275911,0.166751782309586
85.0089657384898,-0.0182375130061127,-0.0445501087061941,-0.0739055147820024,0.195380604828999,-0.0027351815930769,0.0100893640170903,-0.0743502407868971,0.165984941867502
85.5985155326084,-0.0182676493976949,-0.0441150140110642,-0.0728136657441451,0.194419619853688,-0.00269269113490854,0.0100320568308134,-0.0735060923148408,0.16521736811918
86.1921539420481,-0.0182958856479974,-0.0436825951639271,-0.0717329303681853,0.193456452913023,-0.00265067026409961,0.00997483812159711,-0.0726697497466154,0.164449143813299
86.7899093219629,-0.0183222417686809,-0.0432528441810446,-0.070663277940549,0.192491235934744,-0.00260911658991829,0.00991771155635042,-0.0718411824901872,0.163680350651179
87.3918102241541,-0.0183467375343776,-0.0428257531022817,-0.069604676189582,0.191524099434659,-0.00256802768782262,0.00986068075166094,-0.0710203590524954,0.162911069280582
87.9978853984339,-0.0183693924879904,-0.0424013139942989,-0.0685570913226577,0.190555172505373,-0.00252740110049216,0.00980374927366092,-0.070207247065494,0.162141379290127
88.6081637939989,-0.0183902259459967,-0.0419795189535898,-0.0675204880630412,0.189584582805878,-0.00248723433885122,0.00974692063791548,-0.0694018133120213,0.161371359204299
89.2226745608124,-0.0184092570037531,-0.0415603601093651,-0.0664948296864958,0.188612456551972,-0.00244752488308297,0.00969019830933215,-0.0686040237514886,0.160601086479036
89.8414470509972,-0.0184265045407982,-0.0411438296262838,-0.0654800780576155,0.187638918507497,-0.00240827018363429,0.00963358570209157,-0.0678138435453731,0.159830637497894
90.4645108202374,-0.0184419872261504,-0.0407299197070332,-0.0644761936658682,0.186664091976379,-0.00236946766221063,0.00957708617959849,-0.067031237082507,0.159060087568766
91.0918956291901,-0.0184557235235978,-0.0403186225947585,-0.0634831356613347,0.185688098795445,-0.0023311147127609,0.00952070305445271,-0.0662561680041508,0.15828951092115
91.7236314449071,-0.0184677316969774,-0.039909930575344,-0.062500861890132,0.184711059328,-0.00229320870245166,0.00946443958843937,-0.0654885992288415,0.157518980703951
92.3597484422661,-0.0184780298154395,-0.0395038359795457,-0.0615293289295054,0.183733092458151,-0.00225574697263061,0.00940829899253798,-0.0647284929770059,0.15674856898381
93.0002770054119,-0.0184866357586966,-0.0391003311849782,-0.0605684921225801,0.182754315585846,-0.0022187268397788,0.00935228442694982,-0.0639758107953301,0.155978346743936
93.645247729208,-0.0184935672222511,-0.0386994086179557,-0.0596183056127585,0.181774844622627,-0.00218214559645154,0.00929639900114289,-0.0632305135808772,0.15520838388344
94.2946914206979,-0.0184988417226016,-0.0383010607551903,-0.0586787223777549,0.180794793988056,-0.0021460005122075,0.00924064577391415,-0.0624925616049444,0.154438749217156
94.9486391005764,-0.0185024766024231,-0.0379052801253467,-0.0577496942632559,0.179814276606818,-0.00211028883452595,0.00918502775346826,-0.0617619145366522,0.153669510475933
95.6071220046713,-0.0185044890357195,-0.0375120593104575,-0.0568311720161984,0.178833403906466,-0.00207500778971182,0.00912954789751247,-0.0610385314662585,0.152900734307386
96.2701715854358,-0.0185048960329445,-0.0371213909471975,-0.0559231053176561,0.17785228581579,-0.00204015458378841,0.00907420911336695,-0.0603223709281912,0.152132486277098
96.9378195134503,-0.0185037144460891,-0.0367332677280213,-0.0550254428153272,0.1768710307638,-0.00200572640337749,0.00901901425809017,-0.0596133909237916,0.151364830870257
97.6100976789355,-0.018500960973733,-0.0363476824021642,-0.0541381321556154,0.175889745679303,-0.00197172041656688,0.00896396613861866,-0.0589115489437654,0.150597831493716
98.2870381932754,-0.0184966521660562,-0.0359646277765087,-0.0532611200152986,0.174908535991039,-0.00193813377376495,0.00890906751192069,-0.0582168019903322,0.149831550478464
98.9686733905512,-0.0184908044298096,-0.0355840967163171,-0.0523943521327782,0.173927505628383,-0.00190496360854234,0.00885432108516339,-0.0575291065990717,0.149066049082494
99.6550358290861,-0.0184834340332405,-0.035206082145834,-0.0515377733389044,0.172946757022575,-0.00187220703846051,0.00879972951589265,-0.0568484188604601,0.148301387494063
100.346158292999,-0.0184745571109717,-0.0348305770487584,-0.0506913275873738,0.171966391108468,-0.00183986116588715,0.00874529541222539,-0.0561746944410924,0.14753762483532
101.042073793774,-0.0184641896688308,-0.0344575744685877,-0.0498549579846919,0.170986507326775,-0.00180792307879828,0.00869102133305364,-0.0555078886045872,0.146774819166297
101.742815571832,-0.0184523475886275,-0.0340870675088369,-0.0490286068197014,0.170007203626798,-0.00177638985156722,0.00863690978825998,-0.0548479562321705,0.146013027489257
102.448417098122,-0.018439046632877,-0.0337190493331323,-0.0482122155926693,0.169028576469618,-0.00174525854574002,0.0085829632389438,-0.0541948518429347,0.145252305753372
103.15891207572,-0.0184243024494651,-0.0333535131651838,-0.0474057250439325,0.168050720831731,-0.00171452621079765,0.00852918409765786,-0.0535485296137699,0.144492708859731
103.874334441436,-0.0184081305762552,-0.0329904522886366,-0.0466090751820995,0.167073730209117,-0.00168418988490477,0.0084755747286547,-0.0529089433989658,0.143734290666665
104.594718367439,-0.0183905464456332,-0.0326298600468046,-0.0458222053118063,0.166097696621714,-0.00165424659564516,0.00842213744814247,-0.052276046749481,0.142977103995372
105.320098262886,-0.0183715653889876,-0.0322717298422875,-0.0450450540610262,0.165122710618296,-0.00162469336074374,0.00836887452454967,-0.0516497929318779,0.142221200635834
106.050508775566,-0.0183512026411243,-0.0319160551364738,-0.0442775594079321,0.164148861281722,-0.00159552718877534,0.00831578817879828,-0.0510301349469228,0.14146663135302
106.785984793556,-0.0183294733446116,-0.0315628294489316,-0.0435196587073117,0.163176236234556,-0.00156674507986011,0.00826288058458497,-0.0504170255478478,0.140713445893351
107.526561446888,-0.0183063925540554,-0.0312120463566899,-0.0427712887165365,0.162204921645025,-0.00153834402634578,0.00821015386866987,-0.0498104172582753,0.13996169299143
108.272274109224,-0.0182819752402999,-0.030863699493411,-0.0420323856210844,0.161235002233322,-0.00151032101347674,0.0081576101111724,-0.0492102623898038,0.139211420377015
109.023158399549,-0.0182562362945546,-0.0305177825484596,-0.0413028850596172,0.16026656127821,-0.00148267302005003,0.00810525134587393,-0.0486165130592541,0.138462674782231
109.779250183872,-0.0182291905324423,-0.0301742892658661,-0.0405827221486155,0.159299680623945,-0.00145539701905838,0.00805307956052672,-0.048029121205576,0.137715501949012
110.540585576935,-0.0182008526979691,-0.0298332134431914,-0.0398718315065722,0.158334440687474,-0.00142848997832032,0.00800109669716869,-0.0474480386064162,0.136969946636753
111.307200943943,-0.0181712374674115,-0.0294945489302922,-0.039170147277746,0.157370920465913,-0.00140194886109763,0.00794930465244386,-0.046873216894346,0.136226052630172
112.079132902301,-0.0181403594531217,-0.0291582896279901,-0.0384776031554802,0.156409197544283,-0.00137577062669997,0.00789770527792781,-0.0463046075727516,0.135483862747366
112.856418323356,-0.0181082332072458,-0.0288244294866479,-0.0377941324050864,0.155449348103491,-0.00134995223107718,0.00784630038045802,-0.0457421620313859,0.134743418848059
113.639094334169,-0.0180748732253559,-0.0284929625046549,-0.0371196678862986,0.15449144692855,-0.00132449062739905,0.00779509172246857,-0.0451858315615832,0.134004761842016
114.427198319278,-0.0180402939499925,-0.0281638827268229,-0.0364541420753013,0.153535567417013,-0.00129938276662293,0.00774408102232897,-0.0446355673711392,0.133267931697634
115.220767922492,-0.0180045097741167,-0.0278371842426977,-0.0357974870863329,0.152581781587618,-0.00127462559804924,0.00769326995468673,-0.0440913205988556,0.132532967450685
116.019841048683,-0.0179675350444687,-0.0275128611847864,-0.0351496346928723,0.15163016008913,-0.00125021606986507,0.00764266015081333,-0.0435530423287526,0.131799907213211
116.824455865599,-0.0179293840648333,-0.0271909077267051,-0.0345105163484091,0.150680772209365,-0.00122615112967603,0.00759225319895338,-0.0430206836039505,0.13106878818256
117.634650805689,-0.0178900710992087,-0.0268713180812482,-0.0338800632068052,0.14973368588439,-0.00120242772502644,0.00754205064467649,-0.0424941954402219,0.130339646650543
118.450464567934,-0.0178496103748781,-0.0265540864983836,-0.0332582061422496,0.148788967707886,-0.00117904280390824,0.0074920539912318,-0.0419735288392169,0.129612518012731
119.271936119701,-0.0178080160853825,-0.026239207263175,-0.032644875768814,0.147846682940655,-0.00115599331525858,0.0074422646999047,-0.0414586348013643,0.128887436777848
120.099104698599,-0.0177653023933929,-0.0259266746936356,-0.0320400024596124,0.146906895520278,-0.00113327620944642,0.0073926841903755,-0.0409494643384497,0.128164436577284
120.932009814357,-0.0177214834334817,-0.0256164831385153,-0.0314435163655707,0.145969668070898,-0.00111088843874825,0.00734331384107993,-0.0404459684858745,0.127443550174697
121.77069125071,-0.0176765733147896,-0.0253086269750248,-0.0308553474338115,0.14503506191313,-0.00108882695781318,0.00729415498957109,-0.0399480983145973,0.126724809475712
122.615189067297,-0.0176305861235896,-0.0250031006064987,-0.0302754254256598,0.144103137074075,-0.00106708872411759,0.00724520893288262,-0.0394558049427616,0.126008245537696
123.46554360158,-0.0175835359257455,-0.024699898460002,-0.0297036799342756,0.143173952297448,-0.00104567069840951,0.007196476927893,-0.0389690395470118,0.125293888579614
124.321795470765,-0.0175354367690629,-0.0243990149838821,-0.0291400404019177,0.142247565053795,-0.0010245698451429,0.00714796019169063,-0.0384877533735014,0.124581767991949
125.183985573745,-0.0174863026855345,-0.0241004446452689,-0.0285844361368468,0.141324031550796,-0.00100378313290218,0.00709965990193951,-0.0380118977485956,0.123871912346687
126.052155093052,-0.0174361476934754,-0.0238041819275282,-0.0280367963298722,0.140403406743656,-0.000983307534817049,0.00705157719724548,-0.0375414240892724,0.123164349407351
126.926345496825,-0.0173849857995501,-0.0235102213276688,-0.0274970500705479,0.139485744345555,-0.000963140028967869,0.00700371317752258,-0.0370762839132254,0.122459106139088
127.806598540793,-0.0173328310006895,-0.0232185573537086,-0.0269651263630261,0.138571096838173,-0.000943277598781844,0.00695606890435965,-0.0366164288486713,0.121756208718792
128.692956270265,-0.0172796972858964,-0.0229291845220018,-0.0264409541415721,0.137659515482267,-0.000923717233420164,0.00690864540138677,-0.0361618106438659,0.121055682545266
129.585461022141,-0.0172255986379409,-0.0226420973545312,-0.0259244622857475,0.136751050328307,-0.000904455928156328,0.00686144365464156,-0.0357123811763325,0.120357552249409
130.484155426934,-0.0171705490349432,-0.0223572903761675,-0.0254155796352687,0.135845750227141,-0.000885490684745869,0.00681446461293513,-0.0352680924618059,0.119661841704429
131.389082410804,-0.017114562451844,-0.0220747581119012,-0.0249142350045457,0.134943662840723,-0.000866818511787667,0.00676770918821754,-0.034828896662896,0.118968574036068
132.300285197614,-0.0170576528617629,-0.0217944950840474,-0.0244203571969074,0.134044834652851,-0.000848436425077057,0.00672117825594271,-0.0343947460974746,0.118277771632846
133.217807310988,-0.0169998342372434,-0.0215164958094295,-0.0239338750185209,0.133149310979949,-0.000830341447950951,0.0066748726554326,-0.0339655932467898,0.117589456156302
134.141692576393,-0.0169411205513851,-0.0212407547965432,-0.0234547172920094,0.13225713598187,-0.000812530611625152,0.00662879319024064,-0.0335413907633112,0.116903648551244
135.071985123233,-0.0168815257788625,-0.0209672665427059,-0.0229828128697758,0.131368352672708,-0.000795000955524077,0.00658294062851428,-0.0331220914783099,0.116220369055988
136.008729386957,-0.0168210638968312,-0.0206960255311922,-0.0225180906470373,0.130483002931643,-0.000777749527603069,0.00653731570335654,-0.0327076484091784,0.115539637212589
136.951970111177,-0.01675974888572,-0.0204270262283625,-0.0220604795745779,0.129601127513775,-0.00076077338466351,0.00649191911318654,-0.0322980147664926,0.114861471877064
137.901752349813,-0.0166975947299115,-0.020160263080784,-0.0216099086712243,0.128722766060984,-0.000744069592660903,0.00644675152209895,-0.0318931439608217,0.114185891229588
138.858121469236,-0.016634615418309,-0.0198957305123509,-0.0211663070360508,0.127847957112777,-0.000727635227006131,0.00640181356022229,-0.0314929896092886,0.113512912784671
139.821123150444,-0.0165708249447921,-0.019633422921405,-0.02072960386032,0.126976738117146,-0.000711467372860063,0.00635710582407597,-0.0310975055418867,0.112842553401308
140.790803391236,-0.0165062373085595,-0.0193733346778606,-0.0202997284391639,0.12610914544142,-0.000695563125421692,0.00631262887692615,-0.030706645807555,0.112174829293098
141.767208508414,-0.0164408665143619,-0.0191154601203373,-0.0198766101830115,0.125245214383102,-0.000679919590209969,0.00626838324914025,-0.0303203646800171,0.111509756038323
142.750385139995,-0.0163747265726239,-0.0188597935533042,-0.0194601786287696,0.124384979180712,-0.000664533883339539,0.00622436943854021,-0.0299386166633888,0.110847348589997
143.740380247435,-0.016307831499456,-0.0186063292442372,-0.01905036345076,0.123528473024608,-0.0006494031317905,0.00618058791075437,-0.0295613564975565,0.110187621285862
144.737241117876,-0.016240195316558,-0.0183550614207953,-0.018647094471421,0.122675728067795,-0.000634524473672377,0.00613703909956802,-0.0291885391633322,0.109530587858345
145.741015366405,-0.0161718320510149,-0.0181059842680164,-0.0182503016717757,0.121826775436722,-0.000619895058482462,0.00609372340727262,-0.0288201198873887,0.108876261444461
146.751750938323,-0.0161027557349856,-0.017859091925538,-0.0178599152016755,0.120981645242059,-0.000605512047358678,0.00605064120501357,-0.028456054146979,0.108224654595667
147.769496111443,-0.0160329804052858,-0.0176143784848444,-0.017475865389821,0.120140366589457,-0.000591372613327097,0.00600779283313671,-0.0280962976744446,0.107575779287656
148.794299498388,-0.0159625201028675,-0.0173718379865447,-0.0170980827535664,0.119302967590285,-0.00057747394154429,0.00596517860153342,-0.0277408064615161,0.106929646930097
149.826210048919,-0.0158913888721944,-0.0171314644176841,-0.0167264980085123,0.118469475372349,-0.000563813229534598,0.00592279878998439,-0.0273895367634109,0.106286268376306
150.865277052271,-0.0158196007605165,-0.0168932517090914,-0.0163610420778916,0.117639916090586,-0.000550387687422512,0.00588065364850202,-0.027042445102732,0.105645653932862
151.911550139505,-0.0157471698170441,-0.0166571937327662,-0.0160016461017522,0.116814314937736,-0.000537194538160237,0.00583874339767157,-0.0266994882731713,0.105007813369147
152.965079285884,-0.0156741100920246,-0.016423284299309,-0.0156482414459418,0.115992696154988,-0.000524231017750605,0.00579706822899099,-0.0263606233430226,0.104372755926824
154.025914813254,-0.0156004356357209,-0.016191517155396,-0.0153007597108983,0.115175083042601,-0.000511494375465423,0.00575562830520945,-0.0260258076585078,0.103740490329235
155.094107392451,-0.0155261604972968,-0.0159618859813026,-0.0149591327402509,0.114361497970505,-0.000498981874059387,0.00571442376066474,-0.02569499884692,0.103111024790737
156.169708045722,-0.0154512987236081,-0.0157343843884778,-0.0146232926292345,0.113551962388866,-0.000486690789979646,0.00567345470161934,-0.0253681548195882,0.102484367025948
157.25276814916,-0.0153758643579038,-0.0155090059171729,-0.0142931717329224,0.112746496838634,-0.000474618413571149,0.00563272120659546,-0.0250452337746672,0.101860524258929
158.34333943516,-0.0152998714384381,-0.015285744034126,-0.0139687026742802,0.11194512096206,-0.000462762049277822,0.00559222332670885,-0.024726194199757,0.101239503232272
159.441473994887,-0.0152233339969956,-0.0150645921303066,-0.013649818352045,0.11114785351319,-0.00045111901583972,0.00555196108600153,-0.0244109948743548,0.100621310216118
160.547224280766,-0.0151462660573324,-0.0148455435187206,-0.0133364519484324,0.110354712368324,-0.000439686646486179,0.00551193448177358,-0.0240995948721448,0.100005951017087
161.66064310899,-0.0150686816335351,-0.0146285914322808,-0.0130285369366759,0.109565714536465,-0.0004284622891251,0.00547214348491378,-0.0237919535631286,0.0993934309871235
162.781783662036,-0.0149905947283003,-0.0144137290217433,-0.0127260070884005,0.10878087616972,-0.000417443306528385,0.00543258804022939,-0.0234880306156004,0.0987837550322539
163.910699491214,-0.0149120193311362,-0.0142009493537126,-0.0124287964808339,0.108000212573694,-0.000406627076513643,0.005393268066775,-0.0231877859979708,0.0981769276212604
165.047444519217,-0.0148329694164911,-0.0139902454087187,-0.012136839503858,0.107223738217851,-0.000396010992122183,0.00535418345818046,-0.0228911799804432,0.0975729527942631
166.192073042701,-0.0147534589418083,-0.0137816100793658,-0.0118500708669042,0.106451466745844,-0.000385592461793376,0.00531533408297803,-0.022598173136546,0.0969718341712128
167.344639734876,-0.0146735018455127,-0.0135750361685585,-0.0115684256056934,0.105683410985827,-0.000375368909535431,0.00527671978492877,-0.0223087263445249,0.096373574960293
168.505199648122,-0.0145931120449307,-0.0133705163878034,-0.0112918390888245,0.104919582960742,-0.000365337775092629,0.00523834038334813,-0.0220228007885984,0.0957781779662294
169.673808216612,-0.0145123034341462,-0.0131680433555907,-0.0110202470242125,0.104159993898578,-0.000355496514109054,0.00520019567343095,-0.0217403579600799,0.0951856455985069
170.850521258965,-0.0144310898817962,-0.0129676095958568,-0.0107535854653802,0.103404654242607,-0.000345842598288861,0.00516228542657567,-0.0214613596583717,0.0945959798794922
172.03539498091,-0.0143494852288079,-0.0127692075365291,-0.0104917908176023,0.102653573661595,-0.00033637351555311,0.00512460939070814,-0.0211857679918313,0.0940091824524627
173.228485977972,-0.0142675032860813,-0.0125728295081552,-0.0102347998439075,0.101906761059998,-0.000327086770193195,0.00508716729060468,-0.0209135453785168,0.0934252545895392
174.429851238172,-0.0141851578321196,-0.0123784677426178,-0.00998254967093692,0.101164224588122,-0.000317979883020883,0.00504995882821475,-0.0206446545468126,0.0928441971995239
175.639548144754,-0.0141024626106114,-0.0121861143719364,-0.00973497779466308,0.100425971652269,-0.000309050391514992,0.00501298368298312,-0.020379058535939,0.092266010835641
176.857634478922,-0.0140194313279661,-0.0119957614271574,-0.00949202208596924,0.0996920089248644,-0.000300295849964709,0.00497624151217155,-0.0201167206963508,0.0916906957031814
178.084168422602,-0.0139360776508077,-0.0118074008373336,-0.00925362079609113,0.0989623423545507,-0.000291713829609572,0.00493973195118015,-0.0198576046900254,0.0911182516670499
179.319208561219,-0.0138524152034288,-0.0116210244285944,-0.00901971256192238,0.0982369771762724,-0.000283301918776107,0.00490345461386832,-0.0196016744906461,0.0905486782592151
180.562813886497,-0.0137684575652078,-0.0114366239233069,-0.00879023641118463,0.0975159179213333,-0.000275057723011129,0.00486740909287541,-0.0193488943836824,0.0899819746860615
181.815043799277,-0.0136842182679942,-0.0112541909393299,-0.0085651317674633,0.0967991684274349,-0.000266978865211713,0.004831594959941,-0.019099228966371,0.089418139835644
183.075958112354,-0.0135997107934632,-0.0110737169893602,-0.00834433845511032,0.0960867318486948,-0.000259062985751812,0.00479601176622499,-0.0188526431476004,0.0888571722848443
184.345617053333,-0.0135149485704442,-0.0108951934803727,-0.00812779670401425,0.0953786106656446,-0.000251307742605534,0.00476065904262737,-0.0186091021477017,0.0882990703064288
185.624081267505,-0.0134299449722259,-0.0107186117131551,-0.00791544715423896,0.0946748066952087,-0.000243710811467057,0.00472553630010787,-0.0183685714981501,0.0877438318760097
186.911411820748,-0.0133447133138411,-0.010543962881936,-0.0077072308605312,0.0939753211006627,-0.00023626988586716,0.00469064303000524,-0.0181310170411777,0.0871914546789068
188.207670202438,-0.0132592668493356,-0.0103712380741083,-0.0075030892966981,0.0932801544015723,-0.000228982677286379,0.00465597870435653,-0.017896404929303,0.0866419361169118
189.512918328392,-0.0131736187690228,-0.0102004282700478,-0.00730296435985466,0.0925893064837136,-0.000221846915264747,0.00462154277621602,-0.017664701624778,0.0860952733149556
190.827218543819,-0.0130877821967283,-0.0100315243430256,-0.00710679837454217,0.0919027766089724,-0.000214860347508098,0.00458733467997415,-0.0174358738989564,0.085551463127677
192.150633626303,-0.0130017701870278,-0.0098645170592163,-0.00691453409671761,0.0912205634252251,-0.000208020739990937,0.00455335383167615,-0.0172098888315862,0.0850105021458949
193.483226788801,-0.0129155957224808,-0.0096993970778003,-0.00672611471761459,0.0905426649761992,-0.000201325877055816,0.00451959962934061,-0.0169867138100285,0.084472386702983
194.82506168266,-0.0128292717108646,-0.00953615495116071,-0.00654148386747609,0.0898690787113141,-0.000194773561509226,0.00448607145327789,-0.0167663165284052,0.0839371128811481
196.176202400658,-0.0127428109824098,-0.00937478112517392,-0.00636058561915917,0.089199801495502,-0.000188361614713943,0.00445276866640831,-0.0165486649866794,0.0834046765176122
197.536713480066,-0.0126562262870427,-0.00921526593959372,-0.00618336449161204,0.0885348296190074,-0.000182087876677836,0.0044196906145803,-0.0163337274896691,0.0828750732106985
198.906659905733,-0.012569530291636,-0.00905759962852813,-0.00600976545322336,0.087874158807167,-0.000175950206139077,0.00438683662688829,-0.0161214726459985,0.0823482983258221
200.286107113184,-0.0124827355772719,-0.00890177232100838,-0.00583973392504435,0.0872177842301669,-0.000169946480647742,0.00435420601599043,-0.0159118693669881,0.0818243470013858
201.675120991751,-0.0123958546365202,-0.00874777404164906,-0.00567321578388335,0.0865657005127791,-0.000164074596643768,0.00432179807842622,-0.0157048868654866,0.0813032141545816
203.073767887718,-0.0123088998707345,-0.00859559471139852,-0.00551015736527324,0.0859179017440749,-0.000158332469531229,0.00428961209493376,-0.0155004946546472,0.0807848944870984
204.482114607491,-0.0122218835873695,-0.00844522414837859,-0.00535050546631168,0.0852743814871154,-0.00015271803374891,0.00425764733076694,-0.0152986625466493,0.0802693824907358
205.900228420788,-0.0121348179973223,-0.00829665206881238,-0.0051942073483742,0.084635132788618,-0.000147229242837144,0.00422590303601225,-0.0150993606513698,0.0797566724529266
207.32817706385,-0.0120477152123009,-0.00814986808803908,-0.00504121073970024,0.0840001481885987,-0.000141864069500881,0.00419437844590536,-0.0149025593750042,0.0792467584621659
208.766028742684,-0.0119605872422214,-0.00800486172161417,-0.00489146383785222,0.0833694197299885,-0.000136620505668957,0.00416307278114741,-0.0147082294186414,0.0787396344133503
210.213852136311,-0.011873445992639,-0.00786162238649402,-0.00474491531204753,0.0827429389682237,-0.000131496562549543,0.00413198524822087,-0.0145163417767929,0.0782352940130253
211.671716400053,-0.0117863032622131,-0.00772013940230293,-0.00460151430536365,0.0821206969808087,-0.000126490270681728,0.00410111503970509,-0.0143268677358791,0.0777337307845437
213.139691168835,-0.01169917074021,-0.00758040199268147,-0.00446121043681639,0.0815026843768505,-0.000121599679983231,0.00407046133459139,-0.014139778872675,0.0772349380731344
214.617846560511,-0.011612060004047,-0.00744239928671408,-0.00432395380331131,0.0808888913065635,-0.000116822859794195,0.00404002329859767,-0.013955047052717,0.0767389090508835
216.10625317921,-0.0115249825168776,-0.00730612032043446,-0.00418969498146846,0.0802793074707442,-0.000112157898917044,0.00400980008448253,-0.0137726444286715,0.0762456367216273
217.604982118714,-0.0114379496252232,-0.00717155403840678,-0.00405838502932044,0.079673922130213,-0.000107602905652393,0.00397979083235881,-0.01359254343867,0.0757551139257589
219.114104965849,-0.0113509725566516,-0.00703868929538081,-0.00392997548788409,0.0790727241152236,-0.000103156007830956,0.00394999467000651,-0.0134147168046093,0.0752673333449488
220.633693803907,-0.0112640624175048,-0.00690751485801916,-0.00380441838260576,0.0784757018348381,-9.88153528414771e-05,0.00392041071318504,-0.0132391375304208,0.0747822875067807
222.163821216089,-0.0111772301906795,-0.00677801940669437,-0.00368166622468052,0.0778828432862651,-9.45791076546132e-05,0.00389103806594477,-0.01306577890031,0.0742999687893033
223.704560288971,-0.0110904867334608,-0.00665019153735398,-0.00356167201224551,0.0772941360641617,-9.04454588427998e-05,0.00386187582093773,-0.0128946144769674,0.073820369425498
225.255984615994,-0.0110038427754119,-0.00652401976345126,-0.00344438923144751,0.076709567369896,-8.64126125960467e-05,0.00383292305972757,-0.0127256180997528,0.0733434815076657
226.818168300982,-0.0109173089163216,-0.00639949251793954,-0.00332977185738542,0.0761291240207693,-8.24787947336802e-05,0.0038041788530985,-0.0125587638828553,0.0728692969917307
228.391185961678,-0.0108308956242113,-0.00627659815532777,-0.0032177743549275,0.0755527924591969,-7.86422507119956e-05,0.00377564226136333,-0.012394026213429,0.0723978077014651
229.975112733314,-0.0107446132334037,-0.00615532495379504,-0.00310835167940429,0.074980558761845,-7.49012456278338e-05,0.00374731233467046,-0.0122313797497072,0.0719290053326333
231.570024272191,-0.0106584719426534,-0.00603566111736175,-0.00300145927717715,0.0744124086487222,-7.12540642180598e-05,0.00371918811330971,-0.0120707994190966,0.0714628814570575
233.175996759301,-0.0105724818133431,-0.00591759477811496,-0.00289705308608329,0.0738483274922252,-6.7699010854946e-05,0.00369126862801708,-0.0119122604162515,0.0709994275266065
234.793106903962,-0.0104866527677445,-0.00580111399848566,-0.0027950895357577,0.0732883003261351,-6.4234409537463e-05,0.00366355290027814,-0.0117557382011312,0.0705386348771065
236.421431947482,-0.0104009945873476,-0.00568620677357525,-0.00269552554783246,0.0727323118545638,-6.08586038784715e-05,0.00363603994263019,-0.0116012084970409,0.0700804947321774
238.061049666849,-0.010315516911257,-0.00557286103352898,-0.00259831853601433,0.0721803464608488,-5.75699570878258e-05,0.00360872875896298,-0.0114486472886574,0.0696249982069931
239.712038378445,-0.0102302292346595,-0.00546106464595373,-0.00250342640604106,0.0716323882163937,-5.43668519513945e-05,0.00358161834481801,-0.0112980308200415,0.0691721363119694
241.374476941791,-0.0101451409073603,-0.00535080541837755,-0.0024108075555174,0.0710884208894538,-5.12476908060048e-05,0.00355470768768623,-0.0111493355926376,0.0687218999563776
243.048444763306,-0.010060261132393,-0.00524207110074864,-0.00232042087363151,0.0705484279538642,-4.82108955103306e-05,0.00352799576730415,-0.0110025383632622,0.0682742799518875
244.734021800108,-0.00997559896469986,-0.00513484938797078,-0.00223222574075272,0.0700123925977088,-4.52549074117305e-05,0.0035014815559483,-0.0108576161420823,0.067829267016039
246.431288563827,-0.0098911633098871,-0.0050291279224732,-0.00214618202791156,0.0694802977319288,-4.23781873090638e-05,0.00347516401872782,-0.0107145461905845,0.0673868517756435
248.140326124455,-0.0098069629230529,-0.00492489429681178,-0.00206225009616299,0.068952125998868,-3.95792154114954e-05,0.00344904211387532,-0.0105733060195369,0.0669470247701173
249.861216114214,-0.00972300640769031,-0.00482213605629934,-0.00198039079583407,0.0684278597807543,-3.68564912933229e-05,0.0034231147930357,-0.010433873386943,0.0665097764547467
251.594040731461,-0.00963930221466506,-0.00472084070166234,-0.00190056546565701,0.0679074812081142,-3.42085338448471e-05,0.00339738100155308,-0.010296226295991,0.0660750972038859
253.338882744608,-0.0095558586412686,-0.00462099569172135,-0.00182273593178891,0.0673909721681205,-3.16338812193172e-05,0.00337183967875559,-0.0101603429929973,0.0656429773140895
255.09582549608,-0.00947268383034679,-0.00452258844609287,-0.0017468645067194,0.0668783143128687,-2.91310907759838e-05,0.00334648975823801,-0.0100262019653465,0.06521340700718
256.864952906292,-0.00938978576950443,-0.00442560634790977,-0.00167291398806741,0.066369489067583,-2.66987390192941e-05,0.00332133016814218,-0.00989378193942817,0.0647863764332513
258.646349477661,-0.00930717229038564,-0.00433003674655796,-0.00160084765726862,0.0658644776387485,-2.43354215342681e-05,0.00329635983143518,-0.00976306187857179,0.0643618756736095
260.440100298641,-0.00922485106803026,-0.00423586696042669,-0.00153062927815476,0.0653632610221684,-2.20397529180954e-05,0.00327157766618499,-0.00963402098097989,0.0639398947436512
262.246291047787,-0.00914282962030616,-0.00414308427966997,-0.00146222309542654,0.064865820010945,-1.98103667079983e-05,0.00324698258583383,-0.00950663867766121,0.0635204235956817
264.065007997846,-0.00906111530741715,-0.00405167596897676,-0.00139559383302144,0.064372135203381,-1.76459153054053e-05,0.00322257349946892,-0.00938089463036389,0.0631034521216723
265.896338019882,-0.00897971533148658,-0.00396162927034721,-0.00133070669237823,0.0638821870108027,-1.55450698964843e-05,0.00319834931209065,-0.00925676872950982,0.0626889701559596
267.740368587419,-0.00889863673621605,-0.00387293140587291,-0.00126752735059962,0.0633959556652994,-1.35065203690871e-05,0.00317430892487806,-0.00913424109213073,0.0622769674778856
269.597187780627,-0.00881788640661892,-0.00378556958051836,-0.001206021958515,0.0629134212273819,-1.1528975226159e-05,0.00315045123545166,-0.0090132920598069,0.0618674338143818
271.466884290521,-0.00873747106882821,-0.00369953098490169,-0.00114615713864476,0.0624345635935535,-9.61116149566946e-06,0.00312677513813333,-0.00889390219660881,0.0614603588424964
273.349547423206,-0.00865739728997823,-0.00361480279807196,-0.00108789998306823,0.0619593625037977,-7.75182463712119e-06,0.00310327952420351,-0.00877605228704281,0.0610557321918667
275.245267104134,-0.00857767147815948,-0.00353137219028109,-0.0010312180511969,0.0614877975489757,-5.9497284447018e-06,0.00307996328215526,-0.00865972333400117,0.0606535434471369
277.154133882404,-0.00849829988244586,-0.00344922632574792,-0.000976079367454943,0.0610198481781358,-4.20365494713476e-06,0.00305682529794552,-0.008544896556717,0.0602537821503231
279.07623893509,-0.00841928859299389,-0.00336835236541246,-0.000922452418868946,0.0605554937057329,-2.51240430430366e-06,0.00303386445524319,-0.00843155338872496,0.0598564378031252
281.011674071587,-0.00834064354121253,-0.00328873746967796,-0.000870306152568784,0.0600947133187549,-8.74794700706546e-07,0.00301107963567412,-0.00831967547582801,0.0594614998691884
282.960531738006,-0.00826237050000322,-0.0032103688011389,-0.000819609973201739,0.0596374860837564,7.10337764183008e-07,0.00298846971906296,-0.00820924467407076,0.0590689577763125
284.922905021585,-0.0081844750840689,-0.00313323352729269,-0.000770333740261902,0.0591837909537988,2.24413918857922e-06,0.00296603358367175,-0.00810024304772001,0.0586788009186131
286.898887655133,-0.00810696275029109,-0.00305731882323332,-0.000722447765336888,0.0587336067752941,3.7277379840026e-06,0.00294377010643523,-0.0079926528672529,0.0582910186586331
288.888574021513,-0.00802983879817394,-0.00298261187432473,-0.000675922809274134,0.0582869122947519,5.16224499377523e-06,0.00292167816319286,-0.0078864566073531,0.0579056003294068
290.892059158146,-0.00795310837035425,-0.00290909987885236,-0.000630730079268799,0.0578436861654295,6.54875361431862e-06,0.00289975662891739,-0.00778163694491551,0.0575225352364761
292.909438761552,-0.00787677645317601,-0.00283677005065074,-0.000586841225875582,0.0574039069538831,7.88833991917761e-06,0.00287800437794008,-0.00767817675705982,0.0571418126598618
294.940809191919,-0.00780084787732857,-0.00276560962170556,-0.000544228339946553,0.0569675531464186,9.1820627856932e-06,0.00285642028417239,-0.0075760591191534,0.0567634218559884
296.986267477709,-0.00772532731854698,-0.00269560584472851,-0.000502863949497382,0.0565346031554431,1.04309640242392e-05,0.00283500322132421,-0.00747526730284377,0.0563873520595652
299.045911320291,-0.00765021929837318,-0.0026267459957031,-0.000462721016504129,0.0561050353257141,1.16360685099481e-05,0.00281375206311848,-0.00737578477410115,0.0560135924854231
301.119839098607,-0.0075755281849768,-0.00255901737640005,-0.000423772933632903,0.055678827940487,1.27983843168409e-05,0.00279266568350228,-0.00727759519127124,0.0556421323303094
303.208149873869,-0.00750125819403412,-0.00249240731686064,-0.00038599352090473,0.05525595922756,1.39189028542785e-05,0.00277174295685429,-0.00718068240313869,0.0552729607746396
305.310943394298,-0.00742741338966375,-0.00242690317784649,-0.000349357022297897,0.054836407365215,1.49985990056512e-05,0.00275098275818855,-0.00708503044700148,0.0549060669842084
307.428320099879,-0.00735399768541765,-0.00236249235325464,-0.000313838102290166,0.054420150488055,1.6038431269222e-05,0.00273038396335458,-0.00699062354675652,0.054541440111861
309.560381127168,-0.00728101484532588,-0.0022991622724962,-0.000279411842343123,0.0540071666927367,1.70393419010379e-05,0.00270994544923382,-0.00689744611099666,0.0541790692991232
311.707228314113,-0.00720846848499377,-0.00223690040283768,-0.000246053737331066,0.0535974340435982,1.80022570598258e-05,0.00268966609393225,-0.00680548273111944,0.0538189436777938
313.868964204927,-0.00713636207274967,-0.00217569425170352,-0.000213739691916776,0.0531909305781814,1.89280869537825e-05,0.00266954477696934,-0.00671471817944778,0.0534610523714987
316.045692054981,-0.00706469893084212,-0.00211553136893885,-0.000182446016876511,0.0527876343126485,1.98177259891786e-05,0.0026495803794632,-0.00662513740736278,0.0531053844972072
318.237515835737,-0.00699348223668443,-0.00205639934903132,-0.000152149425376592,0.0523875232470927,2.06720529206838e-05,0.0026297717843119,-0.00653672554344888,0.0527519291667117
320.444540239715,-0.00692271502414549,-0.00199828583329094,-0.000122827029203914,0.0519905753707426,2.14919310033318e-05,0.00261011787637106,-0.00644946789165155,0.052400675488072
322.666870685493,-0.00685240018488484,-0.00194117851198712,-9.44563349527978e-05,0.0515967686670606,2.22782081460324e-05,0.00259061754262757,-0.00636334992944765,0.0520516125670236
324.904613322743,-0.00678254046973064,-0.00188506512644189,-6.70152401704106e-05,0.0512060811187345,2.30317170665524e-05,0.00257126967236948,-0.00627835730602866,0.0517047295083523
327.1578750373,-0.00671313849009878,-0.00182993347107846,-4.04820294632319e-05,0.0508184907125628,2.37532754478694e-05,0.00255207315735215,-0.00619447584049693,0.051360015417234
329.426763456268,-0.00664419671945153,-0.00177577139542454,-1.48353705667634e-05,0.0504339754442343,2.44436860958191e-05,0.00253302689196043,-0.00611169152007503,0.0510174594005424
331.711386953162,-0.00657571749479408,-0.00172256680606944,9.94568961912908e-06,0.050052513323,2.51037370979467e-05,0.00251412977336709,-0.00602999049832836,0.0506770505681233
334.011854653082,-0.0065077030182073,-0.00167030766857455,3.38817290269572e-05,0.0496740823762406,2.57342019834777e-05,0.00249538070168743,-0.00594935909340111,0.0503387780340377
336.328276437929,-0.00644015535841519,-0.00161898200933644,5.69929544481989e-05,0.0492986606539269,2.63358398843255e-05,0.00247677858013001,-0.00586978378626574,0.0500026309177731
338.660762951648,-0.00637307645238514,-0.00156857791740218,7.92992055873801e-05,0.0489262262329751,2.69093956970439e-05,0.00245832231514354,-0.00579125121898594,0.0496685983454251
341.009425605519,-0.0063064681069596,-0.00151908354623633,0.000100819959141531,0.0485567572214972,2.7455600245652e-05,0.00244001081656003,-0.00571374819299325,0.0493366694508482
343.374376583475,-0.00624033200051746,-0.0014704871154392,0.000121574332902686,0.0481902317629451,2.79751704452363e-05,0.00242184299773405,-0.00563726166737742,0.0490068333767777
345.75572884746,-0.00617466968466335,-0.00142277691241611,0.000141581089881305,0.0478266280401524,2.84688094662582e-05,0.00240381777567827,-0.00556177875719044,0.0486790792759229
348.153596142828,-0.00610948258594346,-0.0013759412939972,0.000160858642448402,0.0474659242792706,2.8937206899477e-05,0.00238593407119511,-0.00548728673176448,0.048353396312032
350.568093003772,-0.00604477200758618,-0.00132996868800772,0.000179425056494295,0.0471080987536022,2.93810389214149e-05,0.00236819080900477,-0.00541377301304362,0.0480297736609299
352.999334758797,-0.00598053913126588,-0.00128484759478839,0.00019729805560178,0.0467531297873319,2.98009684602785e-05,0.00235058691786937,-0.0053412251739295,0.0477082005115278
355.44743753623,-0.00591678501888844,-0.001240566588666,0.000214495025231743,0.0464009957591545,3.01976453622638e-05,0.00233312133071347,-0.00526963093664089,0.0473886660668083
357.912518269762,-0.00585351061439672,-0.00119711431937378,0.000231033016919084,0.0460516751058022,3.05717065581615e-05,0.00231579298474084,-0.00519897817108719,0.0470711595447828
360.39469470404,-0.00579071674559465,-0.00115447951342186,0.00024692875247698,0.0457051463254704,3.09237762301945e-05,0.00229860082154755,-0.00512925489325585,0.0467556701794246
362.894085400285,-0.00572840412598829,-0.00111265097541756,0.000262198628207476,0.0453613879811447,3.12544659790025e-05,0.00228154378723142,-0.00506044926361384,0.0464421872215771
365.410809741959,-0.00566657335664229,-0.00107161758933573,0.000276858719116478,0.0450203787038273,3.156437499071e-05,0.00226462083249785,-0.00499254958552298,0.0461306999398369
367.944987940466,-0.00560522492805046,-0.00103136831973916,0.000290924783131226,0.0446820971956666,3.18540902039992e-05,0.00224783091276203,-0.00492554430366926,0.0458211976214146
370.496741040893,-0.00554435922201874,-0.000991892212949178,0.000304412265318363,0.0443465222329885,3.21241864771185e-05,0.00223117298824761,-0.00485942200250613,0.0455136695729709
373.066190927794,-0.00548397651355932,-0.000953178398166775,0.000317336302100786,0.0440136326692317,3.23752267547579e-05,0.00221464602408185,-0.00479417140471168,0.0452081051214303
375.653460331008,-0.00542407697279434,-0.000915216088544256,0.000329711725471481,0.0436834074377876,3.26077622347235e-05,0.00219824899038724,-0.00472978136965968,0.0449044936147732
378.258672831527,-0.00536466066686797,-0.000877994582207874,0.000341553067202541,0.0433558255547455,3.28223325343417e-05,0.00218198086236967,-0.0046662408919046,0.0446028244228052
380.881952867393,-0.00530572756186522,-0.000841503263231657,0.000352874563047726,0.0430308661215449,3.30194658565325e-05,0.00216584062040322,-0.00460353909968038,0.0443030869379056
383.523425739646,-0.00524727752473641,-0.000805731602562796,0.000363690156936836,0.0427085083275355,3.31996791554847e-05,0.00214982725011148,-0.00454166525341305,0.0440052705757545
386.183217618305,-0.00518931032522587,-0.000770669158898969,0.000374013505160269,0.0423887314524455,3.33634783018732e-05,0.00213393974244562,-0.00448060874424706,0.0437093647760399
388.861455548399,-0.00513182563780352,-0.000736305579517988,0.000383857980542216,0.0420715148687603,3.3511358247557e-05,0.00211817709375912,-0.00442035909258537,0.0434153590031445
391.558267456034,-0.00507482304359822,-0.00070263060106026,0.000393236676600885,0.0417568380440127,3.36438031896998e-05,0.00210253830587917,-0.00436090594664323,0.0431232427468126
394.273782154498,-0.00501830203233156,-0.000669634050264498,0.000402162411694294,0.0414446805429847,3.37612867342558e-05,0.002087022386175,-0.00430223908101553,0.0428330055227985
397.008129350424,-0.00496226200425093,-0.00063730584465717,0.000410647733150177,0.0411350220298236,3.38642720587662e-05,0.0020716283476229,-0.00424434839525771,0.042544636873495
399.761439649975,-0.00490670227206069,-0.000605635993196268,0.000418704921378532,0.0408278422700722,3.39532120744102e-05,0.00205635520886819,-0.00418722391248021,0.0422581263685447
402.533844565089,-0.00485162206285037,-0.000574614596869915,0.000426345993965546,0.0405231211326158,3.40285495872628e-05,0.00204120199428406,-0.00413085577795632,0.0419734636054322
405.325476519761,-0.00479702052001872,-0.000544231849250389,0.000433582709747415,0.040220838591546,3.40907174587037e-05,0.00202616773402744,-0.00407523425774341,0.0416906382100594
408.136468856361,-0.00474289670519253,-0.0005144780370042,0.000440426572862941,0.0399209747279434,3.41401387649327e-05,0.00201125146409182,-0.00402034973731751,0.0414096398373032
410.966955842014,-0.00468924960013934,-0.000485343540358813,0.000446888836783545,0.0396235097315801,3.41772269555426e-05,0.00199645222635716,-0.00396619272022109,0.0411304581715562
413.817072675003,-0.00463607810867281,-0.000456818833526693,0.000452980508319565,0.0393284239025439,3.42023860111059e-05,0.0019817690686369,-0.00391275382672397,0.0408530829272512
416.686955491232,-0.00458338105854998,-0.000428894485087323,0.000458712351601654,0.0390356976527844,3.4216010599728e-05,0.00196720104472215,-0.00386002379249741,0.0405775038493691
419.576741370729,-0.00453115720335933,-0.000401561158327876,0.000464094892036196,0.0387453115075839,3.4218486232531e-05,0.00195274721442309,-0.00380799346730115,0.0403037107139312
422.486568344193,-0.00447940522439885,-0.000374809611543273,0.000469138420233678,0.038457246106953,3.42101894180206e-05,0.0019384066436076,-0.00375665381368338,0.0400316933284763
425.416575399583,-0.00442812373254318,-0.0003486306982963,0.00047385299590896,0.0381714822069532,3.4191487815304e-05,0.00192417840423722,-0.00370599590569365,0.0397614415325215
428.366902488763,-0.00437731127009899,-0.000323015367638564,0.000478248451752519,0.0378880006809476,3.41627403861175e-05,0.00191006157440052,-0.00365601092760844,0.0394929451980095
431.337690534184,-0.00432696631264779,-0.00029795466429299,0.000482334397271705,0.037606782520781,3.41242975456305e-05,0.00189605523834377,-0.00360669017266951,0.0392261942297406
434.329081435613,-0.00427708727087546,-0.00027343972879865,0.000486120222601122,0.0373278088378912,3.40765013119915e-05,0.00188215848649925,-0.00355802504183484,0.0389611785657905
437.341218076915,-0.0042276724923876,-0.000249461797618668,0.000489615102281284,0.0370510608643516,3.40196854545846e-05,0.00186837041551087,-0.00351000704254207,0.0386978881779144
440.374244332875,-0.00417872026351019,-0.000226012203211988,0.000492827999004751,0.0367765199538488,3.39541756409648e-05,0.00185469012825756,-0.00346262778748443,0.0384363130719371
443.428305076071,-0.00413022881107471,-0.000203082374069787,0.000495767667328967,0.0365041675825942,3.38802895824453e-05,0.00184111673387417,-0.00341587899339894,0.0381764432881305
446.503546183793,-0.00408219630418716,-0.000180663834717329,0.000498442657355081,0.0362339853501726,3.37983371783076e-05,0.00182764934777006,-0.00336975247986696,0.037918268901577
449.600114545014,-0.00403462085598036,-0.000158748205682057,0.000500861318372067,0.0359659549803282,3.37086206586095e-05,0.00181428709164544,-0.00332424016812689,0.0376617800225208
452.718158067401,-0.00398750052534892,-0.000137327203428706,0.000503031802465495,0.0357000583216905,3.36114347255667e-05,0.0018010290935055,-0.0032793340798989,0.0374069667967069
455.857825684385,-0.00394083331866627,-0.000116392640262288,0.000504962068090357,0.03543627734844,3.35070666934851e-05,0.00178787448767236,-0.00323502633622173,0.0371538194057068
459.01926736227,-0.00389461719148337,-9.59364241997134e-05,0.000506659883607356,0.0351745941609168,3.33957966272231e-05,0.00177482241479487,-0.00319130915630138,0.0369023280672337
462.202634107401,-0.00384885005020848,-7.59505588108858e-05,0.000508132830782162,0.0349149909861717,3.3277897479163e-05,0.00176187202185644,-0.00314817485637157,0.0366524830354447
465.408077973374,-0.00380352975376752,-5.64271430300765e-05,0.000509388308247123,0.0346574501784627,3.3153635224675e-05,0.00174902246218076,-0.00310561584856594,0.036404274601232
468.635752068297,-0.00375865411524466,-3.73583709383895e-05,0.00051043353492496,0.0344019542196975,3.3023268996054e-05,0.00173627289543561,-0.00306362463980196,0.0361576930925033
471.885810562108,-0.0037142209035027,-1.8736531518143e-05,0.000511275553414072,0.0341484857198233,3.28870512149174e-05,0.00172362248763478,-0.00302219383067624,0.0359127288744504
475.158408693936,-0.00367022784478276,-5.54008379953248e-07,0.000511921233335006,0.0338970274171654,3.27452277230459e-05,0.0017110704111381,-0.00298131611437138,0.0356693723498075
478.453702779515,-0.00362667262428314,1.71967205366413e-05,0.000512377274637783,0.0336475621787165,3.25980379116572e-05,0.00169861584464968,-0.00294098427557419,0.0354276139590991
481.771850218653,-0.00358355288771674,3.45230832882292e-05,0.000512650210869759,0.0334000730003768,3.24457148490993e-05,0.00168625797321436,-0.00290119118940508,0.0351874441808772
485.113009502749,-0.00354086624284698,5.14324142774432e-05,0.000512746412403705,0.0331545430071472,3.22884854069539e-05,0.00167399598821253,-0.00286192982035869,0.034948853531949
488.477340222363,-0.00349861026100178,6.7931954626934e-05,0.000512672089625884,0.0329109554532772,3.21265703845411e-05,0.00166182908735323,-0.00282319322125562,0.0347118325675939
491.865003074839,-0.0034567824785655,8.40288525766305e-05,0.000512433296083886,0.0326692937223669,3.19601846318158e-05,0.00164975647466565,-0.00278497453220506,0.0344763718817717
495.276159871982,-0.00341538039844837,9.97301639034743e-05,0.000512035931594038,0.032429541327427,3.17895371706515e-05,0.0016377773604891,-0.00274726697957836,0.0342424621073206
498.710973547785,-0.00337440149153351,0.000115042852362867,0.000511485745308222,0.0321916819108964,3.16148313145035e-05,0.00162589096146142,-0.00271006387499342,0.0340100939161469
502.169608166212,-0.00333384319810108,0.000129973790151046,0.000510788338739951,0.0319556992446181,3.1436264786449e-05,0.001614096500506,-0.00267335861430979,0.0337792580194048
505.652228929035,-0.00329370292922957,0.000144529758387622,0.000509949168749638,0.0317215772297773,3.12540298355995e-05,0.0016023932068173,-0.00263714467663429,0.0335499451676673
509.159002183727,-0.00325397806817406,0.000158717447617518,0.000508973550488929,0.0314892998967993,3.1068313351884e-05,0.00159078031584509,-0.00260141562333731,0.0333221461510894
512.690095431402,-0.0032146659717212,0.00017254345833158,0.000507866660304076,0.0312588514052118,3.08792969791993e-05,0.00157925706927723,-0.00256616509707939,0.033095851799562
516.245677334823,-0.00317576397152112,0.000186014301505068,0.000506633538598338,0.03103021604347,3.06871572269321e-05,0.00156782271502135,-0.0025313868208483,0.0328710529828577
519.825917726449,-0.00313726937539577,0.000199136399153353,0.000505279092653343,0.0308033782287483,3.04920655798473e-05,0.00155647650718514,-0.00249707459700622,0.0326477406107686
523.430987616559,-0.00309917946862403,0.000211916084904054,0.000503808099409524,0.0305783225066969,3.02941886063485e-05,0.0015452177060555,-0.00246322230634718,0.0324259056332358
527.061059201407,-0.0030614915152033,0.000224359604584925,0.000502225208205586,0.0303550335511671,3.00936880651115e-05,0.00153404557807661,-0.00242982390716456,0.0322055390404721
530.716305871459,-0.00302420275908763,0.000236473116826771,0.000500534943477125,0.0301334961639048,2.98907210100941e-05,0.00152295939582676,-0.00239687343432852,0.031986631863076
534.396902219665,-0.00298731042540242,0.00024826269368072,0.000498741707414469,0.0299136952742136,2.96854398939263e-05,0.00151195843799422,-0.00236436499837342,0.0317691751721386
538.103024049808,-0.00295081172163562,0.000259734321249148,0.000496849782579852,0.0296956159385888,2.9477992669686e-05,0.00150104198935208,-0.00233229278459494,0.0315531600793438
541.834848384891,-0.00291470383880555,0.000270893900329608,0.000494863334484035,0.0294792433403239,2.92685228910662e-05,0.00149020934073202,-0.002300651052157,0.031338577737061
545.592553475602,-0.00287898395260529,0.000281747247071092,0.000492786414122545,0.029264562789089,2.90571698109389e-05,0.00147945978899726,-0.00226943413320826,0.0311254193384301
549.376318808822,-0.00284364922452384,0.000292300093641963,0.00049062296047169,0.0290515597204838,2.88440684783242e-05,0.00146879263701449,-0.00223863643200821,0.0309136761174414
553.1863251162,-0.00280869680294394,0.00030255808890896,0.000488376802944515,0.0288402196955659,2.86293498337724e-05,0.00145820719362504,-0.00220825242406264,0.0307033393490072
557.022754382788,-0.00277412382421677,0.000312526799126617,0.000486051663806929,0.028630528400354,2.84131408031657e-05,0.00144770277361512,-0.00217827665526858,0.030494400349028
560.885789855729,-0.00273992741371364,0.000322211708636499,0.000483651160554195,0.0284224716453096,2.81955643899509e-05,0.00143727869768536,-0.00214870374106848,0.0302868504744517
564.775616053012,-0.00270610468685468,0.000331618220575653,0.000481178808248028,0.0282160353647947,2.79767397658115e-05,0.00142693429241952,-0.00211952836561352,0.0300806811233271
568.692418772287,-0.00267265275011477,0.000340751657593688,0.000478638021814536,0.0280112056165102,2.77567823597893e-05,0.00141666889025251,-0.00209074528093617,0.0298758837348505
572.636385099737,-0.00263956870200675,0.0003496172625779,0.000476032118303295,0.0278079685809126,2.75358039458682e-05,0.00140648182943775,-0.00206234930613169,0.0296724497894078
576.607703419018,-0.00260684963404215,0.000358220199385906,0.000473364319107776,0.0276063105606123,2.73139127290272e-05,0.00139637245401385,-0.00203433532654856,0.029470370808609
580.606563420252,-0.00257449263166954,0.000366565553585193,0.000470637752147477,0.027406217979753,2.70912134297809e-05,0.00138634011377064,-0.0020066982929879,0.0292696383553186
584.633156109091,-0.00254249477519069,0.000374658333199094,0.000467855454011994,0.0272076773833731,2.68678073672123e-05,0.00137638416421469,-0.0019794332209115,0.0290702440336795
588.687673815838,-0.00251085314065471,0.000382503469458625,0.000465020372067397,0.0270106754367514,2.66437925405171e-05,0.00136650396653422,-0.00195253518965869,0.028872179489132
592.77031020464,-0.0024795648007304,0.000390105817559701,0.0004621353665252,0.0268151989247355,2.64192637090688e-05,0.00135669888756347,-0.00192599934167177,0.0286754364084269
596.881260282727,-0.00244862682555693,0.000397470157425213,0.000459203212474252,0.0266212347510561,2.61943124710187e-05,0.00134696829974665,-0.00189982088172998,0.0284800065196341
601.020720409738,-0.00241803628357315,0.000404601194471487,0.000456226601875915,0.0264287699376263,2.59690273404459e-05,0.00133731158110137,-0.00187399507619191,0.028285881592146
605.188888307094,-0.00238779024232563,0.000411503560378653,0.000453208145522853,0.0262377916238277,2.57434938230701e-05,0.00132772811518161,-0.00184851725224638,0.0280930534366754
609.385963067442,-0.00235788576925579,0.000418181813864451,0.000450150374961806,0.0260482870657828,2.55177944905425e-05,0.00131821729104038,-0.00182338279717149,0.0279015139052491
613.612145164168,-0.00232831993246619,0.000424640441461046,0.000447055744380705,0.0258602436356164,2.52920090533294e-05,0.00130877850319188,-0.00179858715760197,0.027711254891197
617.867636460969,-0.0022990898014664,0.000430883858294385,0.000443926632460507,0.0256736488207046,2.50662144322037e-05,0.0012994111515734,-0.00177412583880468,0.0275222683291359
622.152640221499,-0.00227019244789847,0.000436916408865708,0.000440765344192121,0.0254884902229136,2.4840484828359e-05,0.00129011464150685,-0.00174999440396215,0.0273345461949493
626.467361119072,-0.0022416249462424,0.000442742367834767,0.00043757411265882,0.0253047555578279,2.46148917921628e-05,0.00128088838365999,-0.0017261884734641,0.0271480805057625
630.812005246445,-0.00221338437450189,0.000448365940804376,0.000434355100784528,0.0251224326539697,2.43895042905644e-05,0.0012717317940074,-0.00170270372420687,0.026962863319914
635.186780125658,-0.00218546781487041,0.000453791265105889,0.000431110403048371,0.0249415094520086,2.41643887731728e-05,0.00126264429379115,-0.00167953588890076,0.0267788867369219
639.591894717946,-0.00215787235437812,0.00045902241058525,0.000427842047165899,0.0247619740039642,2.39396092370211e-05,0.00125362530948132,-0.00165668075538502,0.0265961428974468
644.027559433723,-0.00213059508551969,0.000464063380389219,0.000424551995737392,0.0245838144724001,2.37152272900346e-05,0.00124467427273623,-0.00163413416595064,0.0264146239832505
648.493986142629,-0.0021036331068634,0.000468918111751459,0.000421242147863642,0.0244070191296116,2.34913022132177e-05,0.00123579062036253,-0.00161189201667064,0.0262343222171508
652.991388183652,-0.00207698352364175,0.000473590476778112,0.000417914340729634,0.0242315763568064,2.32678910215766e-05,0.00122697379427511,-0.00158995025673799,0.0260552298629725
657.519980375318,-0.00205064344832384,0.000478084283232549,0.00041457035115655,0.02405747464328,2.30450485237958e-05,0.00121822324145688,-0.00156830488781098,0.0258773392254951
662.07997902595,-0.00202461000116984,0.00048240327531898,0.000411211897122493,0.0238847025855851,2.28228273806823e-05,0.00120953841391839,-0.00154695196336594,0.0257006426503959
666.671601944003,-0.00199888031076778,0.000486551134464599,0.000407840639252368,0.0237132488866968,2.26012781623984e-05,0.00120091876865738,-0.00152588758805734,0.0255251325241907
671.295068448464,-0.00197345151455293,0.000490531480099989,0.000404458182277342,0.0235431023551729,2.23804494044954e-05,0.00119236376761825,-0.00150510791708509,0.0253508012741704
675.950599379332,-0.00194832075931014,0.000494347870437487,0.000401066076464288,0.0233742519043106,2.21603876627696e-05,0.0011838728776514,-0.00148460915556908,0.0251776413683344
680.638417108163,-0.00192348520165925,0.000498003803247232,0.000397665819015674,0.0232066865512998,2.19411375669543e-05,0.00117544557047262,-0.00146438755793079,0.0250056453153209
685.358745548692,-0.00189894200852406,0.00050150271663065,0.000394258855440274,0.0230403954163736,2.17227418732667e-05,0.00116708132262232,-0.00144443942728192,0.0248348056643336
690.11181016753,-0.00187468835758496,0.000504847989791098,0.000390846580895177,0.0228753677219561,2.15052415158259e-05,0.00115877961542488,-0.00142476111482007,0.0246651150050657
694.897837994932,-0.00185072143771564,0.000508042943801441,0.000387430341499478,0.0227115927918079,2.12886756569597e-05,0.00115053993494786,-0.00140534901923124,0.0244965659676208
699.717057635642,-0.00182703844940406,0.00051109084236831,0.000384011435620106,0.0225490600501708,2.10730817364161e-05,0.00114236177196135,-0.00138619958609924,0.024329151222431
704.569699279812,-0.00180363660515799,0.000513994892592845,0.000380591115130197,0.0223877590209103,2.08584955194983e-05,0.00113424462189726,-0.00136730930732178,0.0241628634801714
709.455994713995,-0.00178051312989551,0.000516758245727668,0.00037717058664045,0.0222276793266578,2.0644951144138e-05,0.00112618798480869,-0.00134867472053335,0.0239976954916728
714.376177332221,-0.00175766526132053,0.000519383997929914,0.00037375101270387,0.022068810687952,2.04324811669262e-05,0.00111819136532934,-0.00133029240853471,0.0238336400478313
719.33048214714,-0.00173509025028385,0.000521875191010109,0.000370333512994354,0.0219111429223803,2.02211166081158e-05,0.00111025427263299,-0.00131215899872889,0.0236706899795147
724.31914580125,-0.00171278536112988,0.000524234813176706,0.000366919165459494,0.0217546659437208,2.00108869956159e-05,0.00110237622039313,-0.00129427116256377,0.0235088381574673
729.342406578201,-0.00169074787202935,0.000526465799776103,0.000363509007448066,0.0215993697610835,1.9801820407991e-05,0.00109455672674251,-0.00127662561498107,0.0233480774922116
734.400504414174,-0.00166897507529835,0.00052857103402797,0.000360104036812582,0.0214452444780542,1.95939435164855e-05,0.00108679531423302,-0.00125921911387169,0.0231884009339476
739.493680909344,-0.00164746427770382,0.000530553347755732,0.000356705212987354,0.0212922802918384,1.93872816260865e-05,0.0010790915097955,-0.00124204845953739,0.0230298014724499
744.622179339418,-0.00162621280075593,0.000532415522112037,0.000353313458042436,0.0211404674924062,1.91818587156439e-05,0.00107144484469981,-0.00122511049415874,0.0228722721369624
749.786244667259,-0.00160521798098758,0.000534160288299075,0.000349929657713926,0.0209897964616408,1.89776974770628e-05,0.00106385485451492,-0.00120840210126916,0.0227158059960909
754.98612355458,-0.0015844771702212,0.000535790328283616,0.000346554662410953,0.0208402576724867,1.87748193535855e-05,0.00105632107906925,-0.00119192020523521,0.0225603961576933
760.222064373731,-0.00156398773582323,0.000537308275506608,0.000343189288199825,0.0206918416881022,1.85732445771782e-05,0.00104884306241112,-0.0011756617707428,0.022406035768768
765.494317219563,-0.00154374706094651,0.000538716715587255,0.000339834317765689,0.0205445391610126,1.83729922050381e-05,0.00104142035276937,-0.00115962380228954,0.0222527180153397
770.803133921369,-0.00152375254476084,0.000540018187021415,0.000336490501352135,0.0203983408322682,1.81740801552391e-05,0.00103405250251413,-0.00114380334368291,0.0221004361223442
776.148768054917,-0.00150400160267196,0.000541215181874238,0.000333158557679118,0.0202532375306032,1.79765252415288e-05,0.00102673906811783,-0.00112819747754437,0.0219491833535101
781.531474954562,-0.00148449166652927,0.000542310146466934,0.000329839174839606,0.0201092201715992,1.77803432072944e-05,0.00101947961011639,-0.00111280332481927,0.0217989530112396
786.951511725437,-0.00146522018482243,0.000543305482057566,0.000326533011175326,0.0199662797568518,1.75855487587121e-05,0.00101227369307052,-0.00109761804429249,0.0216497384364869
792.40913725574,-0.00144618462286728,0.000544203545515798,0.000323240696132009,0.0198244073731404,1.73921555970959e-05,0.00100512088552736,-0.00108263883210986,0.0215015330086351
797.904612229097,-0.00142738246298116,0.000545006649991494,0.000319962831094502,0.0196835941916024,1.720017645046e-05,0.000998020759982237,-0.00106786292130508,0.0213543301453714
803.438199137013,-0.00140881120464791,0.000545717065577106,0.000316699990202134,0.0195438314669109,1.70096231043108e-05,0.000990972892840659,-0.00105328758133238,0.0212081233025606
809.01016229141,-0.00139046836467294,0.000546337019963779,0.000313452721144698,0.0194051105364572,1.68205064316828e-05,0.000983976864380577,-0.00103891011760457,0.0210629059741169
814.620767837254,-0.00137235147732843,0.000546868699091095,0.000310221545939431,0.0192674228195365,1.6632836422433e-05,0.000977032258714819,-0.00102472787103666,0.0209186716918745
820.270283765263,-0.00135445809448899,0.000547314247790417,0.00030700696168935,0.0191307598165395,1.64466222118082e-05,0.000970138663753795,-0.00101073821759478,0.0207754140254561
825.958979924714,-0.00133678578575803,0.000547675770421763,0.000303809441323295,0.0189951131081475,1.62618721083006e-05,0.000963295671168436,-0.000996938567850563,0.020633126582141
831.687128036326,-0.00131933213858505,0.000547955331504165,0.000300629434318065,0.0188604743545328,1.60785936208036e-05,0.000956502876353365,-0.000983326366540759,0.0204918030067304
837.455001705243,-0.00130209475837411,0.000548154956339473,0.00029746736740296,0.0187268352945639,1.58967934850849e-05,0.000949759878390343,-0.000969899092132099,0.0203514369814129
843.262876434102,-0.00128507126858361,0.000548276631629567,0.000294323645247107,0.0185941877450158,1.57164776895869e-05,0.000943066280011945,-0.000956654256391362,0.0202120222256272
849.111029636188,-0.00126825931081777,0.00054832230608693,0.000291198651129904,0.0184625235997852,1.5537651500572e-05,0.000936421687565512,-0.000943589403960561,0.0200735524959248
854.999740648693,-0.00125165654490991,0.000548293891038573,0.000288092747594914,0.0183318348291113,1.53603194866231e-05,0.000929825710977353,-0.000930702111937212,0.0199360215858308
860.92929074605,-0.00123526064899777,0.000548193261023263,0.000285006277087556,0.0182021134788017,1.51844855425141e-05,0.00092327796371722,-0.000917989989459626,0.0197994233257038
866.899963153375,-0.00121906931959113,0.00054802225438206,0.000281939562576908,0.0180733516694637,1.50101529124632e-05,0.000916778062763048,-0.000905450677297173,0.0196637515825945
872.91204305999,-0.00120308027163191,0.000547782673842124,0.000278892908161967,0.0179455415957417,1.48373242127814e-05,0.000910325628565967,-0.000893081847445469,0.0195290002601035
878.965817633049,-0.00118729123854691,0.000547476287093788,0.000275866599662666,0.0178186755255592,1.46660014539305e-05,0.000903920285015588,-0.000880881202726416,0.0193951632982376
885.061576031251,-0.00117169997229354,0.000547104827360895,0.000272860905195976,0.0176927457993677,1.44961860620001e-05,0.000897561659405568,-0.000868846476393072,0.0192622346732659
891.199609418655,-0.0011563042433986,0.000546669993964381,0.000269876075737405,0.0175677448294005,1.43278788996195e-05,0.000891249382399448,-0.000856975431739276,0.0191302083975743
897.380210978585,-0.00114110184099033,0.000546173452879115,0.0002669123456682,0.0174436650989328,1.41610802863138e-05,0.000884983087996782,-0.000845265861713985,0.0189990785195191
903.603675927636,-0.00112609057282404,0.000545616837283987,0.000263969933308543,0.0173204991615475,1.39957900183178e-05,0.000878762413499535,-0.000833715588540274,0.01886883912328
909.870301529772,-0.00111126826530134,0.00054500174810526,0.000261049041437061,0.0171982396404069,1.38320073878593e-05,0.000872586999478778,-0.000822322463338949,0.0187394843287124
916.18038711053,-0.00109663276348333,0.000544329754553188,0.000258149857796925,0.017076879227531,1.36697312019217e-05,0.000866456489741661,-0.000811084365756716,0.0186110082911984
922.534234071309,-0.00108218193109779,0.000543602394651909,0.00025527255558883,0.0169564106830809,1.35089598005006e-05,0.000860370531298676,-0.00079999920359887,0.0184834052014974
928.932145903777,-0.00106791365054064,0.000542821175762638,0.000252417293951148,0.0168368268346492,1.3349691074362e-05,0.000854328774331208,-0.000789064912466442,0.0183566692855962
935.374428204358,-0.00105382582287185,0.000541987575100167,0.000249584218427522,0.0167181205765562,1.31919224823162e-05,0.000848330872159374,-0.000778279455397762,0.0182307948045576
941.861388688833,-0.0010399163678059,0.000541103040242698,0.000246773461422189,0.0166002848691518,1.30356510680153e-05,0.000842376481210149,-0.000767640822514391,0.0181057760543694
948.39333720704,-0.00102618322369706,0.000540168989635028,0.000243985142643287,0.0164833127381249,1.28808734762885e-05,0.000836465260985793,-0.000757147030671369,0.0179816073657919
954.970585757668,-0.00101262434751962,0.000539186813085112,0.000241219369534427,0.0163671972738172,1.27275859690224e-05,0.000830596874032551,-0.000746796123111742,0.0178582831042054
961.593448503166,-0.000999237714843124,0.000538157872254038,0.000238476237694776,0.0162519316305452,1.2575784440598e-05,0.000824770985909663,-0.000736586169125301,0.0177357976694567
968.262241784745,-0.000986021319803032,0.000537083501139426,0.000235755831287928,0.0161375090259269,1.24254644328957e-05,0.000818987265158647,-0.000726515263711517,0.0176141454957055
974.977284137491,-0.000972973175066689,0.00053596500655231,0.000233058223439788,0.0160239227402158,1.22766211498753e-05,0.000813245383272892,-0.000716581527246596,0.0174933210512701
981.738896305574,-0.000960091311794932,0.000534803668587506,0.000230383476625749,0.0159111661156403,1.21292494717445e-05,0.000807545014667521,-0.000706783105154628,0.0173733188384726
988.547401257578,-0.000947373779599421,0.00053360074108753,0.000227731643047372,0.0157992325557508,1.19833439687218e-05,0.000801885836649565,-0.000697118167582775,0.0172541333934836
995.403124201917,-0.000934818646495859,0.00053235745210008,0.000225102764998837,0.0156881155247712,1.18388989144062e-05,0.00079626752938841,-0.000687584909080457,0.017135759286167
1002.30639260238,-0.000922423998853247,0.00053107500432914,0.000222496875223385,0.0155778085469585,1.16959082987611e-05,0.000790689775886547,-0.000678181548282492,0.0170181911199235
1009.25753619375,-0.000910187941339316,0.000529754575579733,0.000219913997259982,0.0154683052059674,1.15543658407225e-05,0.000785152261950604,-0.000668906327596148,0.0169014235315349
1016.2568869976,-0.000898108596862261,0.000528397319196377,0.000217354145780436,0.015359599144222,1.14142650004396e-05,0.000779654676162663,-0.000659757512892049,0.016785451191007
1023.30477933808,-0.000886184106508961,0.000527004364495278,0.000214817326917188,0.0152516840622938,1.12755989911578e-05,0.00077419670985188,-0.000650733393198927,0.0166702688014131
1030.40154985798,-0.000874412629479737,0.00052557681719031,0.000212303538581987,0.0151445537182848,1.11383607907508e-05,0.000768778057066371,-0.000641832280402114,0.0165558710987365
1037.5475375347,-0.000862792343019889,0.000524115759812835,0.000209812770775686,0.0150382019272187,1.10025431529124e-05,0.000763398414545402,-0.000633052508945824,0.0164422528517134
1044.74308369654,-0.000851321442348012,0.000522622252125394,0.000207345005889333,0.0149326225604368,1.0868138618014e-05,0.000758057481691846,-0.000624392435539072,0.0163294088616751
1051.98853203895,-0.000839998140581348,0.000521097331529337,0.000204900218996798,0.0148278095450011,1.07351395236386e-05,0.000752754960544948,-0.000615850438865301,0.0162173339623903
1059.28422864097,-0.000828820668658173,0.000519542013466433,0.000202478378139114,0.0147237568631029,1.06035380147957e-05,0.000747490555753338,-0.000607424919295575,0.0161060230199069
1066.63052198171,-0.00081778727525745,0.000517957291814509,0.000200079444600744,0.0146204585514783,1.04733260538287e-05,0.000742263974548366,-0.000599114298605381,0.0159954709323944
1074.02776295709,-0.000806896226715754,0.000516344139277171,0.000197703373177954,0.0145179087008291,1.03444954300194e-05,0.000737074926717671,-0.000590917019694925,0.0158856726299851
1081.4763048965,-0.000796145806941703,0.000514703507767675,0.000195350112439505,0.0144161014552507,1.02170377688993e-05,0.000731923124579075,-0.000582831546312961,0.0157766230746161
1088.97650357974,-0.000785534317327876,0.00051303632878697,0.000193019604979817,0.0143150310116651,1.00909445412723e-05,0.000726808282954709,-0.000574856362784024,0.0156683172598708
1096.52871725401,-0.000775060076660456,0.000511343513796005,0.000190711787664825,0.0142146916192611,9.96620707195974e-06,0.000721730119145453,-0.000566989973739117,0.0155607502108207
1104.13330665098,-0.000764721421026583,0.000509625954582325,0.000188426591870671,0.0141150775789397,9.84281654827116e-06,0.000716688352905616,-0.000559230903849738,0.0154539169838664
1111.79063500406,-0.000754516703719628,0.000507884523621027,0.000186163943715441,0.0140161832427655,9.72076402820998e-06,0.000711682706417917,-0.000551577697565266,0.0153478126665797
1119.50106806575,-0.00074444429514239,0.000506120074430136,0.000183923764284082,0.0139180030134251,9.60004044841956e-06,0.000706712904268705,-0.000544028918853616,0.0152424323775446
1127.26497412507,-0.000734502582708408,0.000504333441920438,0.000181705969846706,0.01382053134369,9.48063663187732e-06,0.000701778673423482,-0.000536583150945183,0.0151377712661993
1135.0827240252,-0.000724689970741389,0.000502525442739857,0.000179510472070408,0.0137237627358867,9.36254329534227e-06,0.000696879743202656,-0.000529238996079971,0.0150338245126774
1142.95469118117,-0.000715004880372944,0.000500696875612403,0.000177337178224796,0.0136276917413718,9.24575105656316e-06,0.00069201584525759,-0.000521995075257938,0.0149305873276497
1150.8812515977,-0.000705445749438612,0.000498848521671776,0.000175185991381353,0.0135323129600133,9.13025044125275e-06,0.000687186713546889,-0.00051485002799246,0.014828054952166
1158.86278388715,-0.000696011032372384,0.000496981144789664,0.000173056810606823,0.0134376210396778,9.01603188983498e-06,0.000682392084312964,-0.000507802512066928,0.014726222657497
1166.89966928762,-0.00068669920009968,0.000495095491898808,0.00017094953115074,0.013343610675723,8.90308576397007e-06,0.000677631696058843,-0.000500851203294388,0.0146250857449758
1174.99229168114,-0.000677508739928997,0.000493192293310887,0.00016886404462727,0.0132502766104966,8.79140235286425e-06,0.000672905289525248,-0.000493994795280258,0.0145246395458408
1183.14103761204,-0.00066843815544218,0.000491272263029275,0.000166800239191499,0.0131576136328404,8.68097187936896e-06,0.000668212607667915,-0.000487231999188007,0.014424879421077
1191.34629630538,-0.000659485966383508,0.000489336099056755,0.000164757999710315,0.0130656165775997,8.57178450587592e-06,0.00066355339563518,-0.000480561543507834,0.0143258007612593
1199.60845968555,-0.000650650708547584,0.000487384483698211,0.000162737207928016,0.0129742803251392,8.46383034001237e-06,0.0006589274007458,-0.000473982173828253,0.0142273989863942
1207.92792239501,-0.000641930933666168,0.000485418083858396,0.000160737742626792,0.0128835998008638,8.35709944014327e-06,0.000654334372467037,-0.000467492652610599,0.0141296695457635
1216.3050818131,-0.000633325209293971,0.000483437551334802,0.000158759479782193,0.0127935699747448,8.25158182068383e-06,0.000649774062392971,-0.000461091758966373,0.0140326079177665
1224.74033807505,-0.00062483211869354,0.000481443523105726,0.000156802292713735,0.012704185860852,8.14726745722937e-06,0.000645246224223076,-0.000454778288437444,0.0139362096097638
1233.23409409112,-0.000616450260719232,0.000479436621613557,0.000154866052230754,0.012615442516891,8.04414629150562e-06,0.000640750613741018,-0.000448551052779023,0.0138404701579203
1241.78675556577,-0.000608178249700419,0.000477417455043371,0.000152950626773644,0.0125273350437454,7.9422082361458e-06,0.000636286988793711,-0.000442408879745422,0.0137453851270495
1250.39873101711,-0.000600014715323917,0.000475386617596874,0.000151055882550589,0.0124398585850254,7.84144317929814e-06,0.000631855109270586,-0.000436350612878521,0.0136509501104568
1259.07043179635,-0.000591958302515766,0.000473344689761769,0.000149181683669917,0.0123530083266204,7.74184098906921e-06,0.000627454737083127,-0.00043037511129896,0.0135571607297843
1267.80227210752,-0.000584007671322363,0.000471292238576591,0.000147327892268184,0.0122667794962574,7.64339151780689e-06,0.000623085636144606,-0.000424481249499973,0.0134640126348553
1276.5946690272,-0.000576161496791056,0.000469229817891083,0.000145494368634111,0.0121811673630649,7.54608460622803e-06,0.00061874757235007,-0.000418667917143869,0.0133715015035188
1285.44804252445,-0.000568418468850231,0.000467157968622158,0.00014368097132847,0.0120961672371414,7.44991008739475e-06,0.000614440313556553,-0.000412934018861123,0.0132796230414951
1294.36281548089,-0.000560777292188937,0.000465077219005514,0.000141887557300041,0.0120117744691288,7.35485779054342e-06,0.000610163629563502,-0.000407278474052016,0.0131883729822211
1303.33941371088,-0.000553236686136143,0.000462988084842967,0.000140113981997741,0.0119279844497915,7.26091754477102e-06,0.000605917292093445,-0.000401700216690849,0.0130977470866963
1312.37826598188,-0.000545795384539622,0.000460891069745537,0.000138360099479017,0.0118447926095998,7.16807918258203e-06,0.00060170107477286,-0.000396198195132633,0.0130077411433288
1321.47980403488,-0.00053845213564458,0.000458786665372375,0.000136625762514628,0.0117621944183187,7.07633254330079e-06,0.000597514753113282,-0.000390771371922293,0.0129183509677824
1330.6444626051,-0.000531205701972005,0.000456675351665564,0.000134910822689888,0.011680185384601,6.98566747635206e-06,0.000593358104492607,-0.000385418723606293,0.0128295724028226
1339.87267944269,-0.000524054860196852,0.000454557597080862,0.000133215130502482,0.0115987610555859,6.89607384441454e-06,0.000589230908136633,-0.000380139240546711,0.0127414013181649
1349.16489533366,-0.000516998401026053,0.000452433858814444,0.000131538535456941,0.0115179170165016,6.80754152645004e-06,0.000585132945100791,-0.000374931926737679,0.012653833610322
1358.52155412096,-0.000510035129076446,0.0004503045830257,0.000129880886155882,0.0114376488902737,6.72006042061267e-06,0.000581063998252103,-0.000369795799624213,0.0125668652024521
1367.94310272563,-0.000503163862752612,0.000448170205056135,0.000128242030388073,0.0113579523371364,6.63362044704086e-06,0.000577023852251333,-0.000364729889923353,0.0124804920442073
1377.42999116818,-0.000496383434124723,0.000446031149644447,0.000126621815213445,0.0112788230542509,6.54821155053617e-06,0.000573012293535361,-0.00035973324144763,0.0123947101115828
1386.98267259009,-0.000489692688806376,0.00044388783113781,0.000125020087045109,0.0112002567753255,6.46382370313151e-06,0.000569029110299737,-0.000354804910930799,0.0123095154067659
1396.60160327544,-0.00048309048583251,0.000441740653699452,0.000123436691728476,0.0111222492702429,6.38044690655278e-06,0.000565074092481461,-0.00034994396785583,0.0122249039579865
1406.2872426727,-0.000476575697537395,0.000439590011512546,0.000121871474617556,0.0110447963446897,6.29807119457629e-06,0.000561147031741942,-0.000345149494285116,0.0121408718193665
1416.04005341668,-0.000470147209432772,0.000437436288980498,0.000120324280648515,0.010967893839792,6.21668663528573e-06,0.000557247721450161,-0.000340420584692885,0.0120574150707713
1425.86050135065,-0.00046380392008613,0.000435279860923661,0.000118794954410565,0.010891537631754,6.1362833332309e-06,0.000553375956666031,-0.000335756345799774,0.0119745298176606
1435.74905554856,-0.000457544740999215,0.000433121092772559,0.000117283340214272,0.0108157236315023,6.05685143149199e-06,0.000549531534123946,-0.000331155896409557,0.0118922121909401
1445.70618833745,-0.000451368596486728,0.00043096034075763,0.00011578928215734,0.0107404477843331,5.97838111365135e-06,0.000545714252216511,-0.000326618367247972,0.0118104583468137
1455.73237532004,-0.000445274423555322,0.000428797952095592,0.000114312624187958,0.0106657060695646,5.9008626056764e-06,0.000541923910978483,-0.000322142900803663,0.0117292644666363
1465.8280953974,-0.000439261171782856,0.000426634265172433,0.000112853210165767,0.0105914945001931,5.8242861777154e-06,0.000538160312070868,-0.000317728651171161,0.0116486267567665
1475.99383079187,-0.000433327803197997,0.000424469609723115,0.000111410883920527,0.0105178091225531,5.74864214580978e-06,0.000534423258765226,-0.000313374783895931,0.0115685414484205
1486.23006707006,-0.000427473292160136,0.000422304307008023,0.000109985489308536,0.0104446460159821,5.67392087352459e-06,0.000530712555928139,-0.00030908047582141,0.0114890047975262
1496.53729316606,-0.000421696625239715,0.000420138669986219,0.000108576870266887,0.0103720012924885,5.60011277350028e-06,0.000527028010005877,-0.000304844914938056,0.0114100130845778
1506.9160014048,-0.000415996801098909,0.000417973003485532,0.000107184870865596,0.0102998710964245,5.52720830892779e-06,0.000523369429009213,-0.000300667300234342,0.011331562614491
1517.36668752555,-0.000410372830372769,0.000415807604369566,0.000105809335357697,0.0102282516041617,5.45519799494971e-06,0.000519736622498448,-0.000296546841549711,0.0112536497164585
1527.88985070559,-0.000404823735550783,0.000413642761701642,0.000104450108227335,0.0101571390237719,5.3840723999893e-06,0.000516129401568575,-0.000292482759429434,0.0111762707438062
1538.4859935841,-0.000399348550858923,0.000411478756905741,0.000103107034235932,0.0100865295947108,5.31382214701032e-06,0.000512547578834641,-0.000288474284981368,0.0110994220738503
1549.15562228612,-0.000393946322142165,0.00040931586392449,0.000101779958466476,0.0100164195875056,5.24443791470898e-06,0.000508990968417253,-0.000284520659734577,0.0110231001077539
1559.89924644673,-0.000388616106747539,0.000407154349374239,0.000100468726365997,0.00994680530344683,5.1759104386411e-06,0.000505459385928276,-0.000280621135499813,0.0109473012703854
1570.71737923542,-0.000383356973407688,0.000404994472697275,9.91731837862656e-05,0.00987768307428325,5.10823051228561e-06,0.000501952648456669,-0.000276774974231806,0.0108720220101767
1581.61053738059,-0.000378168002124993,0.000402836486311221,9.78931770227931e-05,0.00980904926192085,5.04138898804726e-06,0.000498470574554511,-0.000272981447893365,0.0107972587989817
1592.57924119422,-0.00037304828405625,0.000400680635755656,9.66285528521604e-05,0.00974090025812512,4.97537677819983e-06,0.00049501298422316,-0.000269239838321247,0.0107230081319364
1603.62401459674,-0.000367996921397945,0.000398527159836025,9.53791585677413e-05,0.00967323248422719,4.91018485577223e-06,0.000491579698899591,-0.000265549437093801,0.0106492665273183
1614.74538514202,-0.000363013027272113,0.000396376290764849,9.41448420138603e-05,0.00960604239083315,4.84580425537898e-06,0.000488170541442884,-0.000261909545400322,0.0105760305264074
1625.94388404263,-0.000358095725612828,0.00039422825430031,9.29254516184399e-05,0.00953932645753714,4.78222607399731e-06,0.000484785336120863,-0.000258319473912139,0.0105032966933472
1637.22004619516,-0.000353244151053312,0.000392083269882235,9.17208364241725e-05,0.00947308119263757,4.71944147169207e-06,0.00048142390859689,-0.00025477854265538,0.0104310616150064
1648.57441020578,-0.000348457448813696,0.000389941550765534,9.05308461182771e-05,0.00940730313285702,4.65744167229084e-06,0.000478086085916816,-0.000251286080885416,0.0103593219008412
1660.00751841599,-0.00034373477458943,0.000387803304151122,8.93553310608686e-05,0.00934198884306515,4.59621796401025e-06,0.000474771696496067,-0.000247841426962946,0.0102880741827581
1671.51991692849,-0.000339075294440377,0.000385668731314381,8.81941423119962e-05,0.00927713491600522,4.53576170003576e-06,0.000471480570106896,-0.000244443928231721,0.0102173151149775
1683.11215563331,-0.000334478184680571,0.000383538027731185,8.70471316573819e-05,0.00921273797202358,4.47606429905584e-06,0.000468212537865757,-0.00024109294089786,0.0101470413738976
1694.78478823403,-0.000329942631768689,0.000381411383201555,8.59141516329077e-05,0.00914879465880262,4.41711724575276e-06,0.00046496743222085,-0.000237787829910774,0.0100772496579592
1706.53837227424,-0.000325467832199208,0.000379288981970953,8.47950555478831e-05,0.00908530165109662,4.3589120912508e-06,0.000461745086939777,-0.000234527968845636,0.0100079366875105
1718.37346916419,-0.000321052992394295,0.000377171002849281,8.36896975071397e-05,0.00902225565047103,4.30144045352396e-06,0.000458545337097367,-0.000231312739787419,0.00993909920467333
1730.2906442076,-0.000316697328596403,0.000375057619327606,8.25979324319822e-05,0.0089596533850445,4.24469401776418e-06,0.000455368019063616,-0.000228141533216441,0.00987073397320939
1742.29046662864,-0.000312400066761617,0.000372948999692663,8.15196160800396e-05,0.00889749160923429,4.18866453671155e-06,0.000452212970491778,-0.000225013747895441,0.00980283777838722
1754.37350959913,-0.000308160442453725,0.000370845307139164,8.04546050640429e-05,0.00883576710350441,4.13334383094788e-06,0.000449080030306584,-0.000221928790758125,0.00973540742684975
1766.54035026596,-0.000303977700739051,0.000368746699879954,7.94027568695728e-05,0.00877447667411687,4.07872378915496e-06,0.000445969038692591,-0.000218886076799198,0.00966843974648254
1778.79156977856,-0.000299851096082042,0.000366653331254058,7.83639298718072e-05,0.00871361715288589,4.02479636833869e-06,0.000442879837082676,-0.000215885028965838,0.00960193158628264
1791.12775331676,-0.000295779892241604,0.000364565349832635,7.73379833512973e-05,0.00865318539693482,3.97155359402026e-06,0.000439812268146637,-0.000212925078050607,0.0095358798162278
1803.54949011869,-0.000291763362168236,0.00036248289952291,7.63247775088109e-05,0.00859317828845617,3.9189875603959e-06,0.000436766175779947,-0.000210005662585783,0.00947028132714669
1816.05737350894,-0.000287800787901903,0.000360406119670074,7.53241734792664e-05,0.00853359273447416,3.86709043046571e-06,0.000433741405092609,-0.000207126228739073,0.00940513303058931
1828.65200092687,-0.000283891460470723,0.000358335145157233,7.43360333447964e-05,0.00847442566661037,3.81585443613359e-06,0.000430737802398161,-0.000204286230210732,0.00934043185869838
1841.33397395519,-0.000280034679790416,0.000356270106503399,7.33602201469583e-05,0.00841567404085177,3.76527187827841e-06,0.000427755215202777,-0.000201485128132014,0.00927617476408102
1854.10389834867,-0.000276229754564556,0.000354211129959601,7.23965978981334e-05,0.00835733483732184,3.71533512679834e-06,0.000424793492194519,-0.000198722390964994,0.00921235871968131
1866.9623840631,-0.000272476002185607,0.000352158337603097,7.14450315921277e-05,0.008299405060054,3.66603662062856e-06,0.000421852483232678,-0.000195997494403697,0.00914898071865324
1879.91004528435,-0.000268772748636765,0.000350111847429771,7.05053872140176e-05,0.00824188173676796,3.61736886773428e-06,0.00041893203933726,-0.000193309921276554,0.00908603777423449
1892.94750045783,-0.000265119328394594,0.000348071773444712,6.95775317492487e-05,0.00818476191864842,3.56932444507898e-06,0.000416032012678568,-0.000190659161450136,0.00902352691962057
1906.0753723179,-0.00026151508433247,0.000346038225751025,6.86613331920297e-05,0.0081280426801266,3.52189599856983e-06,0.000413152256566916,-0.000188044711734182,0.00896144520783985
1919.29428791772,-0.000257959367624824,0.000344011310636896,6.77566605530311e-05,0.00807172111866403,3.47507624298043e-06,0.000410292625442443,-0.000185466075787869,0.00889978971162897
1932.60487865912,-0.000254451537652203,0.000341991130660954,6.68633838664262e-05,0.00801579435453907,3.42885796185223e-06,0.00040745297486505,-0.000182922764027346,0.00883855752330904
1946.00778032282,-0.000250990961907128,0.000339977784735938,6.59813741962857e-05,0.00796025953063566,3.38323400737527e-06,0.000404633161504438,-0.000180414293534477,0.0087777457546623
1959.50363309877,-0.000247577015900775,0.000337971368210734,6.5110503642358e-05,0.00790511381223478,3.3381973002492e-06,0.000401833043130264,-0.000177940187966817,0.0087173515368096
1973.09308161673,-0.000244209083070459,0.000335971972950768,6.42506453452491e-05,0.00785035438680799,3.29374082952525e-06,0.0003990524786024,-0.000175499977468764,0.00865737202008823
1986.77677497706,-0.000240886554687933,0.000333979687416833,6.34016734910308e-05,0.00779597846381363,3.2498576524301e-06,0.0003962913278613,-0.000173093198583912,0.00859780437393068
2000.55536678172,-0.000237608829768505,0.000331994596742328,6.25634633152905e-05,0.00774198327449514,3.20654089417229e-06,0.00039354945191847,-0.000170719394168556,0.00853864578674368
2014.42951516552,-0.000234375314980963,0.000330016782808982,6.17358911066509e-05,0.00768836607168181,3.16378374773203e-06,0.000390826712847048,-0.000168378113306359,0.00847989346578819
2028.39988282751,-0.000231185424558308,0.000328046324321063,6.09188342097697e-05,0.00763512412959171,3.12157947363494e-06,0.000388122973772477,-0.000166068911224146,0.00842154463705972
2042.46713706267,-0.000228038580209319,0.000326083296878106,6.01121710278469e-05,0.00758225474363695,3.07992139971068e-06,0.000385438098863288,-0.000163791349208828,0.0083635965451695
2056.63194979376,-0.000224934211030905,0.000324127773046192,5.93157810246525e-05,0.00752975523023105,3.03880292083689e-06,0.000382771953321978,-0.000161544994525428,0.00830604645322606
2070.89499760343,-0.000221871753421293,0.000322179822427805,5.85295447260955e-05,0.00747762292659864,2.99821749866929e-06,0.000380124403375986,-0.000159329420336203,0.00824889164271766
2085.25696176653,-0.000218850650994,0.000320239511730277,5.77533437213481e-05,0.00742585519058708,2.95815866135845e-06,0.000377495316268769,-0.000157144205620844,0.00819212941339506
2099.71852828265,-0.000215870354492642,0.000318306904832875,5.69870606635471e-05,0.00737444940048051,2.91862000325391e-06,0.000374884560250974,-0.000154988935097739,0.00813575708315519
2114.2803879089,-0.000212930321706526,0.000316382062852523,5.62305792700831e-05,0.00732340295481567,2.87959518459622e-06,0.0003722920045717,-0.000152863199146288,0.00807977198792516
2128.94323619287,-0.000210030017387063,0.000314465044208218,5.54837843224983e-05,0.00727271327220006,2.84107793119751e-06,0.000369717519469862,-0.000150766593730262,0.0080241714815472
2143.7077735059,-0.000207168913164976,0.000312555904684126,5.47465616660038e-05,0.00722237779113194,2.8030620341111e-06,0.000367160976165634,-0.000148698720322171,0.00796895293566383
2158.57470507649,-0.000204346487468315,0.000310654697491421,5.40187982086367e-05,0.00717239396982249,2.76554134929077e-06,0.000364622246852003,-0.000146659185828658,0.00791411373960405
2173.54474102402,-0.000201562225441264,0.00030876147332886,5.33003819200641e-05,0.00712275928601983,2.72850979724005e-06,0.000362101204686389,-0.000144647602516883,0.00785965130026979
2188.61859639264,-0.000198815618863754,0.000306876280442139,5.25912018300568e-05,0.00707347123683512,2.69196136265233e-06,0.000359597723782374,-0.000142663587941889,0.00780556304202326
2203.79699118545,-0.000196106166071859,0.000304999164682031,5.18911480266378e-05,0.00702452733857045,2.65589009404191e-06,0.000357111679201507,-0.000140706764874945,0.00775184640657464
2219.08065039887,-0.000193433371878992,0.000303130169561355,5.12001116539263e-05,0.0069759251265488,2.6202901033669e-06,0.000354642946945202,-0.00013877676123285,0.00769849885287067
2234.47030405729,-0.000190796747497877,0.000301269336310772,5.05179849096833e-05,0.00692766215494571,2.58515556564388e-06,0.000352191403946712,-0.000136873210008172,0.00764551785698356
2249.9666872479,-0.000188195810463321,0.000299416703933451,4.98446610425771e-05,0.00687973599662296,2.55048071855545e-06,0.000349756928063204,-0.000134995749200434,0.00759290091200074
2265.57054015586,-0.000185630084555755,0.00029757230925861,4.91800343491759e-05,0.00683214424296395,2.51625986205039e-06,0.000347339398067895,-0.000133144021748213,0.00754064552791508
2281.28260809959,-0.000183099099725554,0.000295736186993964,4.85240001706834e-05,0.00678488450371102,2.48248735793744e-06,0.000344938693642289,-0.000131317675462156,0.0074887492315158
2297.10364156645,-0.000180602392018134,0.000293908369777093,4.78764548894241e-05,0.00673795440680436,2.4491576294727e-06,0.000342554695368488,-0.000129516362958885,0.00743720956627988
2313.0343962485,-0.00017813950349982,0.000292088888225763,4.72372959250946e-05,0.00669135159822294,2.41626516094129e-06,0.000340187284721578,-0.000127739741595798,0.00738602409226424
2329.07563307866,-0.000175709982184477,0.000290277770987199,4.66064217307862e-05,0.00664507374182688,2.38380449723349e-06,0.000337836344062105,-0.000125987473406737,0.00733519038599827
2345.22811826701,-0.000173313381960903,0.000288475044786347,4.59837317887936e-05,0.00659911851920183,2.35177024341583e-06,0.000335501756628617,-0.000124259225038523,0.00728470604037731
2361.49262333744,-0.000170949262520982,0.000286680734473146,4.53691266062157e-05,0.00655348362950473,2.3201570642974e-06,0.000333183406530291,-0.00012255466768834,0.00723456866455633
2377.86992516445,-0.000168617189288591,0.000284894863068807,4.47625077103626e-05,0.00650816678931154,2.28895968399182e-06,0.000330881178739637,-0.000120873477041966,0.00718477588384458
2394.36080601029,-0.000166316733349257,0.000283117451811145,4.41637776439722e-05,0.00646316573246636,2.25817288547504e-06,0.000328594959085266,-0.000119215333212821,0.00713532533960054
2410.96605356231,-0.000164047471380554,0.000281348520198966,4.35728399602532e-05,0.00641847820993235,2.2277915101395e-06,0.00032632463424475,-0.000117579920681849,0.00708621468912769
2427.6864609706,-0.000161808985583248,0.000279588086035528,4.29895992177544e-05,0.00637410198964413,2.19781045734473e-06,0.000324070091737532,-0.000115966928238195,0.00703744160557066
2444.52282688584,-0.000159600863613177,0.000277836165471102,4.24139609750777e-05,0.00633003485636186,2.16822468396495e-06,0.000321831219917935,-0.000114376048920689,0.00698900377781226
2461.4759554975,-0.000157422698513853,0.000276092773044634,4.18458317854355e-05,0.00628627461152677,2.13902920393362e-06,0.000319607907968216,-0.000112806979960109,0.00694089891037072
2478.54665657221,-0.000155274088649803,0.000274357921724553,4.12851191910643e-05,0.00624281907311832,2.11021908778553e-06,0.000317400045891709,-0.000111259422722222,0.00689312472329789
2495.73574549243,-0.000153154637640629,0.000272631622948709,4.07317317175035e-05,0.00619966607551284,2.08178946219656e-06,0.000315207524506031,-0.000109733082651601,0.0068456789520778
2513.04404329547,-0.000151063954295775,0.00027091388666348,4.01855788677416e-05,0.00615681346934367,2.05373550952127e-06,0.000313030235436354,-0.00010822766921618,0.00679855934752583
2530.47237671259,-0.000149001652550024,0.000269204721362057,3.96465711162436e-05,0.00611425912136277,2.02605246732881e-06,0.000310868071108749,-0.000106742895852573,0.00675176367568862
2548.02157820863,-0.00014696735139968,0.00026750413412192,3.91146199028595e-05,0.00607200091430377,1.99873562793714e-06,0.000308720924743594,-0.000105278479912116,0.00670528971774429
2565.69248602162,-0.000144960674839479,0.000265812130641533,3.85896376266288e-05,0.00603003674674656,1.97178033794597e-06,0.000306588690349052,-0.000103834142607644,0.00665913526990353
2583.48594420295,-0.000142981251800165,0.000264128715276245,3.80715376394782e-05,0.00598836453298312,1.94518199776847e-06,0.000304471262714605,-0.00010240960896098,0.00661329814331102
2601.4028026576,-0.000141028716086792,0.000262453891073456,3.75602342398279e-05,0.00594698220288495,1.91893606116221e-06,0.000302368537404666,-0.000101004607751135,0.00656777616394764
2619.4439171848,-0.000139102706317681,0.000260787659807015,3.70556426661054e-05,0.00590588770177171,1.89303803475919e-06,0.000300280410752243,-9.96188714632026e-05,0.00652256717253304
2637.61014951883,-0.000137202865864084,0.000259130022010903,3.65576790901771e-05,0.00586507899028137,1.86748347759561e-06,0.000298206779852671,-9.82521362379448e-05,0.00647766902442901
2655.90236737027,-0.000135328842790505,0.000257480977012193,3.60662606107007e-05,0.00582455404424158,1.842268000641e-06,0.000296147542557404,-9.69041418220566e-05,0.0064330795895432
2674.32144446737,-0.000133480289795708,0.000255840522963307,3.55813052464068e-05,0.00578431085454249,1.8173872663275e-06,0.000294102597467872,-9.55746315191032e-05,0.0063887967522336
2692.86826059784,-0.000131656864154375,0.000254208656873586,3.51027319293107e-05,0.00574434742701074,1.79283698807897e-06,0.000292071843929391,-9.4263352141115e-05,0.00634481841121339
2711.54370165082,-0.000129858227659437,0.000252585374640186,3.46304604978648e-05,0.00570466178228493,1.7686129298404e-06,0.000290055182025143,-9.29700539608408e-05,0.0063011424794566
2730.34865965925,-0.000128084046565053,0.000250970671078309,3.41644116900512e-05,0.00566525195569217,1.7447109056076e-06,0.000288052512570202,-9.16944906646398e-05,0.00625776688410406
2749.28403284242,-0.000126333991530241,0.00024936453995079,3.37045071364236e-05,0.00562611599712605,1.72112677895752e-06,0.000286063737105635,-9.04364193060158e-05,0.00621468956637014
2768.35072564895,-0.000124607737563151,0.00024776697399704,3.32506693531004e-05,0.00558725197092575,1.69785646257908e-06,0.00028408875789264,-8.91956002597719e-05,0.00617190848144987
2787.54964879989,-0.000122904963965981,0.000246177964961374,3.2802821734715e-05,0.00554865795575648,1.67489591780499e-06,0.000282127477906763,-8.79717971767913e-05,0.00612942159842679
2806.88171933232,-0.000121225354280519,0.000244597503620721,3.23608885473257e-05,0.00551033204449098,1.65224115414432e-06,0.00028017980083215,-8.67647769394222e-05,0.00608722690018116
2826.34786064308,-0.000119568596234322,0.00024302557981174,3.19247949212926e-05,0.00547227234409243,1.62988822881634e-06,0.000278245631055871,-8.55743096174717e-05,0.00604532238329892
2845.94900253294,-0.000117934381687504,0.000241462182457342,3.14944668441202e-05,0.00543447697549831,1.60783324628535e-06,0.000276324873662287,-8.44001684247884e-05,0.00600370605798099
2865.68608125093,-0.000116322406580161,0.000239907299592646,3.10698311532765e-05,0.00539694407350566,1.58607235779706e-06,0.000274417434427482,-8.32421296764381e-05,0.00596237594795335
2885.56003953913,-0.000114732370880384,0.000238360918390359,3.06508155289851e-05,0.00535967178665727,1.5646017609162e-06,0.000272523219813737,-8.20999727464516e-05,0.00592133009037742
2905.57182667768,-0.000113163978532895,0.000236823025185612,3.02373484869999e-05,0.00532265827712921,1.54341769906583e-06,0.000270642136964066,-8.09734800261512e-05,0.00588056653576122
2925.72239853012,-0.000111616937408278,0.000235293605500251,2.98293593713606e-05,0.00528590172061929,1.5225164610682e-06,0.000268774093696796,-7.98624368830335e-05,0.00584008334787086
2946.01271758903,-0.000110090959252802,0.000233772644066593,2.94267783471375e-05,0.00524940030623683,1.50189438068745e-06,0.000266918998500211,-7.87666316202149e-05,0.00579987860364272
2966.44375302203,-0.000108585759638836,0.000232260124850668,2.90295363931635e-05,0.00521315223639333,1.48154783617406e-06,0.000265076760527226,-7.76858554364203e-05,0.00575995039309606
2987.01648071805,-0.000107101057915854,0.000230756031074948,2.86375652947613e-05,0.00517715572669439,1.46147324981134e-06,0.000263247289590139,-7.66199023865184e-05,0.00572029681924628
3007.73188333398,-0.000105636577162001,0.000229260345240568,2.82507976364645e-05,0.00514140900583256,1.44166708746388e-06,0.000261430496155404,-7.55685693425858e-05,0.00568091599801858
3028.59095034155,-0.000104192044136255,0.000227773049149073,2.78691667947382e-05,0.00510591031548138,1.42212585812816e-06,0.000259626291338477,-7.45316559555037e-05,0.00564180605816224
3049.59467807464,-0.000102767189231139,0.00022629412392367,2.74926069307007e-05,0.00507065791019028,1.40284611348527e-06,0.000257834586898694,-7.35089646170696e-05,0.00560296514116539
3070.74406977686,-0.000101361746426003,0.000224823550030016,2.71210529828492e-05,0.00503565005728073,1.38382444745604e-06,0.000256055295234205,-7.25003004226263e-05,0.00556439140117031
3092.04013564946,-9.99754532408613e-05,0.000223361307296543,2.67544406597908e-05,0.00500088503674323,1.36505749575831e-06,0.000254288329376953,-7.15054711341932e-05,0.00552608300488926
3113.48389289956,-9.86080506907811e-05,0.000221907374934335,2.63927064329848e-05,0.00496636114113535,1.34654193546682e-06,0.000252533602987702,-7.05242871441015e-05,0.00548803813152083
3135.07636578881,-9.72592832408161e-05,0.000220461731556555,2.60357875294923e-05,0.00493207667548082,1.32827448457539e-06,0.000250791030351106,-6.95565614391172e-05,0.00545025497266675
3156.8185856822,-9.59288987614842e-05,0.000219024355197445,2.56836219247429e-05,0.00489802995716952,1.31025190156172e-06,0.000249060526370832,-6.86021095650553e-05,0.00541273173224936
3178.71159109747,-9.46166484847745e-05,0.000217595223330894,2.53361483353131e-05,0.00486421931585847,1.29247098495478e-06,0.000247342006564716,-6.76607495918688e-05,0.0053754666264294
3200.75642775457,-9.33222869606918e-05,0.0002161743128886,2.49933062117258e-05,0.0048306430933738,1.2749285729048e-06,0.000245635387059977,-6.6732302079216e-05,0.00533845788352446
3222.9541486257,-9.20455720143175e-05,0.00021476160027781,2.46550357312651e-05,0.00479729964361357,1.25762154275598e-06,0.000243940584588466,-6.58165900424894e-05,0.00530170374392787
3245.30581398558,-9.0786264703398e-05,0.000213357061398672,2.43212777908163e-05,0.00476418733245167,1.24054681062197e-06,0.000242257516481962,-6.49134389193107e-05,0.00526520246002812
3267.81249146208,-8.95441292764397e-05,0.000211960671661189,2.39919739997245e-05,0.00473130453764245,1.22370133096402e-06,0.000240586100667511,-6.40226765364752e-05,0.00522895229612873
3290.47525608724,-8.83189331313196e-05,0.000210572406001795,2.36670666726821e-05,0.00469864964872648,1.20708209617214e-06,0.000238926255662805,-6.31441330773489e-05,0.00519295152836874
3313.29519034861,-8.71104467743931e-05,0.000209192238899542,2.33464988226391e-05,0.00466622106693696,1.19068613614898e-06,0.000237277900571607,-6.22776410497046e-05,0.00515719844464353
3336.27338424092,-8.59184437801064e-05,0.00020782014439194,2.30302141537431e-05,0.00463401720510728,1.17451051789666e-06,0.000235640955079214,-6.14230352539974e-05,0.00512169134452632
3359.41093531822,-8.47427007510963e-05,0.000206456096090412,2.27181570543071e-05,0.00460203648757916,1.15855234510657e-06,0.000234015339447966,-6.05801527520679e-05,0.00508642853918994
3382.70894874623,-8.35829972787838e-05,0.000205100067195417,2.241027258981e-05,0.00457027735011199,1.14280875775214e-06,0.000232400974512787,-5.97488328362729e-05,0.00505140835132939
3406.16853735517,-8.24391159044446e-05,0.000203752030511212,2.21065064959261e-05,0.00453873823979267,1.12727693168453e-06,0.000230797781676774,-5.89289169990331e-05,0.00501662911508456
3429.7908216929,-8.13108420807645e-05,0.000202411958460286,2.1806805171591e-05,0.00450741761494664,1.11195407823152e-06,0.000229205682906828,-5.81202489027961e-05,0.00498208917596368
3453.57693007845,-8.01979641338603e-05,0.000201079823097448,2.15111156720989e-05,0.00447631394504944,1.09683744379924e-06,0.00022762460072931,-5.73226743504056e-05,0.00494778689076714
3477.5279986559,-7.9100273225774e-05,0.000199755596123605,2.12193857022378e-05,0.00444542571063928,1.08192430947716e-06,0.000226054458225751,-5.65360412558739e-05,0.00491372062751181
3501.64517144866,-7.80175633174289e-05,0.000198439248899214,2.09315636094605e-05,0.00441475140323041,1.06721199064613e-06,0.000224495179028595,-5.57601996155527e-05,0.0048798887653559
3525.92960041413,-7.69496311320397e-05,0.000197130752457417,2.06475983770927e-05,0.0043842895252272,1.05269783658945e-06,0.000222946687316976,-5.49950014796924e-05,0.00484628969452413
3550.38244549867,-7.58962761189816e-05,0.000195830077516882,2.03674396175807e-05,0.00435403858983909,1.03837923010724e-06,0.000221408907812541,-5.42403009243918e-05,0.00481292181623363
3575.00487469309,-7.48573004181017e-05,0.000194537194494335,2.0091037565778e-05,0.00432399712099633,1.02425358713379e-06,0.000219881765775299,-5.3495954023925e-05,0.00477978354262003
3599.79806408833,-7.38325088244786e-05,0.000193252073516804,1.98183430722732e-05,0.00429416365326644,1.01031835635824e-06,0.000218365186999517,-5.27618188234484e-05,0.00474687329666426
3624.76319793175,-7.28217087536152e-05,0.00019197468443357,1.95493075967578e-05,0.00426453673177148,9.9657101884831e-07,0.000216859097809645,-5.2037755312075e-05,0.00471418951211962
3649.9014686836,-7.18247102070702e-05,0.000190704996827849,1.92838832014377e-05,0.0042351149121061,9.83009087677294e-07,0.000215363425056285,-5.13236253963184e-05,0.00468173063343952
3675.21407707406,-7.0841325738514e-05,0.000189442980028182,1.90220225444864e-05,0.00420589676025625,9.69630107554223e-07,0.000213878096112182,-5.0619292873894e-05,0.00464949511570543
3700.7022321605,-6.9871370420212e-05,0.00018818860311957,1.87636788735417e-05,0.00417688085251875,9.56431654457256e-07,0.000212403038868266,-4.99246234078804e-05,0.00461748142455556
3726.36715138533,-6.89146618099239e-05,0.000186941834954337,1.85088060192471e-05,0.00414806577542146,9.43411335270247e-07,0.000210938181729717,-4.9239484501229e-05,0.00458568803611374
3752.21006063407,-6.79710199182217e-05,0.000185702644162737,1.82573583888377e-05,0.00411945012564431,9.30566787422582e-07,0.000209483453612069,-4.85637454716228e-05,0.004554113436919
3778.23219429398,-6.7040267176213e-05,0.000184470999163306,1.80092909597709e-05,0.00409103250994093,9.17895678532172e-07,0.000208038783937346,-4.78972774266749e-05,0.00452275612385535
3804.43479531291,-6.61222284036749e-05,0.000183246868172973,1.77645592734037e-05,0.00406281154506109,9.05395706051732e-07,0.000206604102630236,-4.72399532394674e-05,0.00449161460408226
3830.81911525882,-6.52167307775832e-05,0.000182030219216915,1.75231194287156e-05,0.00403478585767369,8.93064596918231e-07,0.00020517934011429,-4.65916475244193e-05,0.00446068739496536
3857.3864143794,-6.43236038010438e-05,0.000180821020138189,1.72849280760787e-05,0.00400695408429063,8.80900107205604e-07,0.000203764427308164,-4.59522366134871e-05,0.00442997302400778
3884.13796166242,-6.344267927261e-05,0.000179619238607122,1.70499424110747e-05,0.00397931487119121,8.68900021780644e-07,0.000202359295621883,-4.53215985326857e-05,0.00439947002878177
3911.07503489621,-6.25737912559931e-05,0.000178424842130477,1.68181201683595e-05,0.00395186687434728,8.5706215396216e-07,0.000200963876953147,-4.46996129789313e-05,0.00436917695686086
3938.19892073078,-6.17167760501507e-05,0.000177237798060394,1.65894196155757e-05,0.00392460875934902,8.45384345183294e-07,0.000199578103683658,-4.4086161297198e-05,0.00433909236575244
3965.51091473924,-6.08714721597579e-05,0.000176058073603118,1.63637995473132e-05,0.00389753920133144,8.33864464657108e-07,0.000198201908675491,-4.34811264579869e-05,0.00430921482283076
3993.0123214797,-6.00377202660493e-05,0.000174885635827501,1.61412192791186e-05,0.00387065688490143,8.22500409045308e-07,0.000196835225267486,-4.28843930351004e-05,0.00427954290527031
4020.70445455755,-5.92153631980342e-05,0.000173720451673312,1.59216386415529e-05,0.00384396050406558,8.11290102130232e-07,0.000195477987271673,-4.22958471837207e-05,0.0042500751999798
4048.58863668828,-5.84042459040742e-05,0.000172562487959328,1.57050179742982e-05,0.00381744876215848,8.00231494489958e-07,0.000194130128969731,-4.17153766187855e-05,0.00422081030353632
4076.66619976054,-5.76042154238257e-05,0.000171411711391233,1.54913181203142e-05,0.00379112037177188,7.89322563176661e-07,0.000192791585109474,-4.11428705936598e-05,0.00419174682212018
4104.93848489989,-5.68151208605364e-05,0.000170268088569314,1.52805004200429e-05,0.00376497405468418,7.78561311398076e-07,0.000191462290901365,-4.05782198790962e-05,0.00416288337144996
4133.40684253274,-5.60368133536978e-05,0.000169131585995972,1.50725267056644e-05,0.00373900854179083,7.67945768202182e-07,0.000190142182015068,-4.00213167424846e-05,0.00413421857671812
4162.07263245095,-5.52691460520441e-05,0.000168002170083041,1.48673592954003e-05,0.0037132225730351,7.57473988164979e-07,0.000188831194576017,-3.94720549273813e-05,0.00410575107252696
4190.93722387671,-5.45119740868988e-05,0.000166879807158923,1.46649609878691e-05,0.00368761489733962,7.47144051081456e-07,0.000187529265162022,-3.89303296333205e-05,0.00407747950282506
4220.00199552799,-5.37651545458593e-05,0.000165764463475543,1.44652950564889e-05,0.00366218427253841,7.36954061659633e-07,0.000186236330799901,-3.83960374958978e-05,0.00404940252084401
4249.26833568435,-5.30285464468209e-05,0.000164656105215132,1.42683252439326e-05,0.00363692946530959,7.26902149217768e-07,0.000184952328962144,-3.7869076567128e-05,0.0040215187890357
4278.73764225332,-5.23020107123317e-05,0.00016355469849683,1.40740157566306e-05,0.00361184925110854,7.16986467384619e-07,0.000183677197563595,-3.73493462960681e-05,0.00399382697900991
4308.41132283705,-5.15854101442783e-05,0.000162460209383126,1.38823312593254e-05,0.00358694241410183,7.07205193802824e-07,0.000182410874958176,-3.68367475097067e-05,0.00396632577147239
4338.2907947997,-5.08786093988946e-05,0.000161372603886131,1.36932368696746e-05,0.00356220774710152,6.97556529835323e-07,0.000181153299935624,-3.63311823941118e-05,0.00393901385616324
4368.37748533501,-5.0181474962094e-05,0.000160291847973691,1.35066981529049e-05,0.00353764405150018,6.88038700274871e-07,0.000179904411718267,-3.58325544758379e-05,0.00391188993179582
4398.67283153455,-4.94938751251165e-05,0.000159217907575337,1.33226811165151e-05,0.00351325013720635,6.78649953056544e-07,0.000178664149957817,-3.53407686035841e-05,0.0038849527059959
4429.17828045629,-4.88156799604925e-05,0.000158150748588086,1.31411522050297e-05,0.00348902482258065,6.69388558973323e-07,0.000177432454732198,-3.48557309301054e-05,0.00385820089524143
4459.89528919383,-4.81467612983128e-05,0.000157090336882089,1.29620782948018e-05,0.00346496693437237,6.60252811394626e-07,0.000176209266542393,-3.43773488943674e-05,0.00383163322480243
4490.82532494586,-4.74869927028085e-05,0.000156036638306125,1.27854266888658e-05,0.00344107530765664,6.51241025987888e-07,0.000174994526309324,-3.39055312039471e-05,0.00380524842868152
4521.96986508636,-4.68362494492299e-05,0.000154989618692962,1.26111651118392e-05,0.00341734878577209,6.42351540443057e-07,0.000173788175370751,-3.34401878176722e-05,0.00377904524955469
4553.33039723509,-4.61944085010275e-05,0.000153949243864564,1.24392617048752e-05,0.00339378622025912,6.33582714200104e-07,0.0001725901554782,-3.29812299284982e-05,0.00375302243871253
4584.90841932869,-4.5561348487325e-05,0.000152915479637164,1.22696850206627e-05,0.00337038647079855,6.24932928179398e-07,0.000171400408793917,-3.25285699466178e-05,0.00372717875600178
4616.7054396922,-4.4936949680687e-05,0.000151888291826207,1.21024040184772e-05,0.00334714840515101,6.16400584515073e-07,0.000170218877887847,-3.20821214828027e-05,0.00370151296976735
4648.72297711114,-4.43210939751722e-05,0.000150867646251147,1.19373880592797e-05,0.00332407089909656,6.0798410629123e-07,0.000169045505734631,-3.16417993319709e-05,0.00367602385679464
4680.96256090399,-4.37136648646735e-05,0.000149853508740131,1.17746069008651e-05,0.00330115283637509,5.99681937281064e-07,0.000167880235710641,-3.12075194569793e-05,0.00365071020225231
4713.42573099534,-4.31145474215374e-05,0.000148845845134535,1.16140306930586e-05,0.00327839310862704,5.91492541688816e-07,0.000166723011591022,-3.0779198972637e-05,0.00362557079963534
4746.11403798933,-4.25236282754626e-05,0.000147844621293399,1.14556299729614e-05,0.00325579061533471,5.83414403894592e-07,0.000165573777546775,-3.03567561299372e-05,0.00360060445070857
4779.02904324382,-4.19407955926715e-05,0.00014684980309772,1.12993756602439e-05,0.00323334426376395,5.7544602820198e-07,0.000164432478141852,-2.99401103005039e-05,0.00357580996545051
4812.17231894485,-4.13659390553547e-05,0.000145861356454641,1.11452390524883e-05,0.00321105296890652,5.67585938588485e-07,0.000163299058330278,-2.95291819612515e-05,0.0035511861619976
4845.54544818188,-4.0798949841381e-05,0.000144879247301512,1.0993191820577e-05,0.00318891565342277,5.59832678458723e-07,0.000162173463453298,-2.91238926792531e-05,0.0035267318665888
4879.1500250233,-4.02397206042732e-05,0.000143903441609846,1.0843206004131e-05,0.00316693124758482,5.52184810400393e-07,0.000161055639236546,-2.87241650968157e-05,0.00350244591351052
4912.98765459257,-3.9688145453445e-05,0.000142933905389158,1.0695254006994e-05,0.0031450986892203,5.44640915942975e-07,0.000159945531787235,-2.83299229167601e-05,0.003478327145042
4947.05995314498,-3.9144119934695e-05,0.000141970604690701,1.05493085927645e-05,0.00312341692365647,5.37199595319138e-07,0.00015884308759137,-2.79410908878996e-05,0.00345437441140094
4981.36854814472,-3.86075410109567e-05,0.000141013505611086,1.04053428803748e-05,0.00310188490366484,5.29859467228864e-07,0.000157748253510991,-2.75575947907199e-05,0.00343058657068959
5015.91507834275,-3.80783070432984e-05,0.00014006257429581,1.02633303397163e-05,0.0030805015894062,5.22619168606219e-07,0.000156660976781421,-2.71793614232515e-05,0.0034069624888411
5050.70119385496,-3.75563177721739e-05,0.00013911777694267,1.01232447873118e-05,0.0030592659483762,5.15477354388803e-07,0.000155581205008557,-2.68063185871379e-05,0.00338350103956634
5085.72855624109,-3.7041474298916e-05,0.000138179079805088,9.98506038203329e-06,0.00303817695535126,5.08432697289802e-07,0.000154508886166164,-2.6438395073892e-05,0.00336020110430094
5120.998838584,-3.65336790674751e-05,0.000137246449195332,9.84875162086624e-06,0.00301723359233502,5.01483887572679e-07,0.000153443968593205,-2.60755206513414e-05,0.00333706157215284
5156.51372556965,-3.60328358463943e-05,0.000136319851487644,9.71429333471899e-06,0.00299643484850516,4.94629632828425e-07,0.000152386400991181,-2.57176260502583e-05,0.00331408133984997
5192.27491356752,-3.5538849711024e-05,0.000135399253121275,9.58166068427789e-06,0.0029757797201607,4.87868657755396e-07,0.000151336132421503,-2.53646429511723e-05,0.00329125931168855
5228.28411071172,-3.50516270259666e-05,0.000134484620603428,9.45082915590704e-06,0.00295526721066969,4.81199703941677e-07,0.000150293112302871,-2.50165039713634e-05,0.00326859439948144
5264.54303698245,-3.45710754277552e-05,0.000133575920512114,9.32177455759307e-06,0.00293489633041739,4.74621529649981e-07,0.000149257290408692,-2.46731426520327e-05,0.00324608552250712
5301.0534242883,-3.40971038077564e-05,0.000132673119498918,9.19447301493411e-06,0.00291466609675476,4.68132909605035e-07,0.000148228616864497,-2.4334493445648e-05,0.00322373160745876
5337.81701654885,-3.36296222953014e-05,0.000131776184291684,9.06890096717316e-06,0.00289457553394754,4.61732634783459e-07,0.000147207042145401,-2.40004917034633e-05,0.00320153158839381
5374.83556977805,-3.31685422410357e-05,0.000130885081697114,8.94503516327478e-06,0.0028746236731255,4.55419512206073e-07,0.000146192517073561,-2.36710736632077e-05,0.00317948440668379
5412.11085216805,-3.27137762004911e-05,0.000129999778603285,8.82285265804591e-06,0.00285480955223239,4.49192364732675e-07,0.000145184992815675,-2.33461764369432e-05,0.00315758901096455
5449.64464417369,-3.22652379178713e-05,0.000129120241982089,8.70233080829914e-06,0.00283513221597601,4.43050030859193e-07,0.000144184420880481,-2.30257379990886e-05,0.00313584435708672
5487.43873859751,-3.1822842310054e-05,0.000128246438891596,8.58344726905967e-06,0.00281559071577891,4.36991364517252e-07,0.000143190753116292,-2.27096971746066e-05,0.00311424940806661
5525.49494067543,-3.13865054508008e-05,0.000127378336478338,8.46617998981381e-06,0.00279618410972934,4.3101523487609e-07,0.000142203941708539,-2.23979936273526e-05,0.00309280313403735
5563.81506816292,-3.09561445551793e-05,0.000126515901979519,8.35050721080072e-06,0.00277691146253266,4.25120526146835e-07,0.000141223939177342,-2.20905678485833e-05,0.0030715045122004
5602.40095142188,-3.05316779641865e-05,0.000125659102725156,8.23640745934505e-06,0.00275777184546311,4.19306137389086e-07,0.000140250698375088,-2.17873611456209e-05,0.0030503525267774
5641.254433508,-3.011302512958e-05,0.000124807906140149,8.123859546232e-06,0.00273876433631602,4.13570982319814e-07,0.000139284172484045,-2.14883156306744e-05,0.00302934616896228
5680.37737025889,-2.97001065989051e-05,0.000123962279746276,8.01284256212281e-06,0.00271988801936029,4.07913989124522e-07,0.000138324315013978,-2.11933742098119e-05,0.00300848443687374
5719.77163038263,-2.92928440007243e-05,0.000123122191164127,7.90333587401185e-06,0.00270114198529141,4.02334100270682e-07,0.000137371079799794,-2.09024805720846e-05,0.00298776633550803
5759.43909554709,-2.88911600300383e-05,0.000122287608114967,7.79531912172353e-06,0.00268252533118466,3.96830272323386e-07,0.000136424420999199,-2.06155791787992e-05,0.00296719087669207
5799.38166046975,-2.8494978433903e-05,0.000121458498422542,7.68877221445013e-06,0.0026640371604489,3.91401475763229e-07,0.000135484293090381,-2.03326152529375e-05,0.00294675707903683
5839.60123300829,-2.81042239972352e-05,0.000120634830014811,7.58367532732881e-06,0.00264567658278048,3.86046694806364e-07,0.000134550650869699,-2.00535347687197e-05,0.00292646396789105
5880.09973425162,-2.77188225288077e-05,0.000119816570925624,7.48000889805879e-06,0.0026274427141178,3.80764927226747e-07,0.000133623449449405,-1.97782844413118e-05,0.00290631057529533
5920.87909861173,-2.73387008474286e-05,0.00011900368929634,7.37775362355707e-06,0.00260933467659591,3.75555184180509e-07,0.000132702644255368,-1.9506811716672e-05,0.0028862959399364
5961.94127391598,-2.6963786768306e-05,0.000118196153377385,7.27689045665373e-06,0.00259135159850178,3.70416490032472e-07,0.00013178819102483,-1.92390647615382e-05,0.0028664191071018
6003.28822150028,-2.6594009089591e-05,0.000117393931529745,7.17740060282484e-06,0.00257349261422967,3.65347882184752e-07,0.000130880045804166,-1.89749924535501e-05,0.00284667912863483
6044.92191630263,-2.62292975791025e-05,0.000116596992226419,7.07926551696447e-06,0.00255575686423704,3.60348410907468e-07,0.000129978164946672,-1.87145443715086e-05,0.00282707506288981
6086.84434695757,-2.58695829612251e-05,0.000115805304053802,6.98246690019366e-06,0.00253814349500066,3.55417139171486e-07,0.000129082505110363,-1.84576707857661e-05,0.00280760597468758
6129.05751589107,-2.55147969039844e-05,0.000115018835713022,6.88698669670761e-06,0.00252065165897315,3.50553142483228e-07,0.000128193023255793,-1.82043226487512e-05,0.00278827093527145
6171.56343941625,-2.5164872006291e-05,0.000114237556021225,6.79280709065928e-06,0.00250328051453986,3.45755508721481e-07,0.000127309676643888,-1.79544515856198e-05,0.00276906902226322
6214.36414782964,-2.48197417853571e-05,0.000113461433912806,6.69991050308051e-06,0.00248602922597604,3.41023337976224e-07,0.000126432422833796,-1.7708009885037e-05,0.00274999931961975
6257.46168550822,-2.44793406642784e-05,0.00011269043844059,6.60827958883887e-06,0.00246889696340435,3.3635574238941e-07,0.000125561219680754,-1.74649504900829e-05,0.00273106091758956
6300.85811100697,-2.41436039597825e-05,0.000111924538776971,6.51789723363124e-06,0.00245188290275281,3.31751845997729e-07,0.000124696025333976,-1.72252269892842e-05,0.00271225291266999
6344.55549715731,-2.38124678701397e-05,0.000111163704214991,6.42874655101258e-06,0.00243498622571286,3.27210784577284e-07,0.000123836798234546,-1.6988793607768e-05,0.00269357440756439
6388.55593116599,-2.34858694632365e-05,0.000110407904169389,6.34081087946068e-06,0.002418206119698,3.22731705490207e-07,0.000122983497113339,-1.67556051985369e-05,0.0026750245111398
6432.86151471492,-2.31637466648055e-05,0.000109657108177588,6.25407377947543e-06,0.00240154177780254,3.18313767533143e-07,0.00012213608098895,-1.65256172338627e-05,0.00265660233838479
6477.47436406142,-2.2846038246815e-05,0.000108911285900652,6.16851903071333e-06,0.00238499239876078,3.13956140787638e-07,0.000121294509165641,-1.62987857967994e-05,0.00263830701036767
6522.39661013943,-2.25326838160116e-05,0.000108170407124187,6.08413062915596e-06,0.00236855718690651,3.09658006472351e-07,0.000120458741231306,-1.60750675728106e-05,0.00262013765419486
6567.63039866118,-2.22236238026169e-05,0.000107434441759215,6.00089278431289e-06,0.00235223535213275,3.05418556797134e-07,0.000119628737055447,-1.58544198415131e-05,0.00260209340296972
6613.17789021977,-2.19187994491742e-05,0.000106703359842993,5.91878991645799e-06,0.00233602610985188,3.01236994818892e-07,0.00011880445678717,-1.5636800468532e-05,0.00258417339575147
6659.0412603923,-2.16181527995449e-05,0.000105977131539797,5.83780665389934e-06,0.00231992868095604,2.9711253429927e-07,0.000117985860853192,-1.54221678974687e-05,0.00256637677751454
6705.22269984387,-2.13216266880519e-05,0.000105255727141672,5.75792783028206e-06,0.00230394229177781,2.9304439956409e-07,0.000117172909955864,-1.52104811419776e-05,0.00254870269910806
6751.7244144321,-2.10291647287677e-05,0.000104539117069136,5.67913848192404e-06,0.00228806617405125,2.89031825364562e-07,0.000116365565071213,-1.50016997779522e-05,0.00253115031721573
6798.54862531261,-2.07407113049461e-05,0.00010382727187185,5.60142384518372e-06,0.0022722995648732,2.85074056740218e-07,0.000115563787446991,-1.47957839358176e-05,0.00251371879431592
6845.69756904508,-2.04562115585952e-05,0.000103120162229255,5.52476935386028e-06,0.00225664170666488,2.8117034888357e-07,0.000114767538600749,-1.45926942929289e-05,0.00249640729864202
6893.17349769999,-2.01756113801902e-05,0.000102417758951168,5.44916063662542e-06,0.00224109184713382,2.77319967006472e-07,0.000113976780317915,-1.43923920660731e-05,0.00247921500414309
6940.97867896634,-1.98988573985232e-05,0.000101720032978345,5.37458351448635e-06,0.002225649239236,2.73522186208137e-07,0.000113191474649892,-1.41948390040744e-05,0.00246214109044474
6989.11539625983,-1.96258969706902e-05,0.000101026955383017,5.30102399828021e-06,0.00221031314113837,2.69776291344851e-07,0.00011241158391217,-1.39999973805003e-05,0.00244518474281034
7037.58594883204,-1.93566781722107e-05,0.000100338497369378,5.22846828619891e-06,0.00219508281618161,2.66081576901293e-07,0.000111637070682455,-1.38078299864671e-05,0.00242834515210237
7086.39265188015,-1.90911497872813e-05,9.96546302740608e-05,5.15690276134459e-06,0.00217995753284319,2.62437346863502e-07,0.0001108678977988,-1.36183001235453e-05,0.00241162151474421
7135.53783665763,-1.88292612991584e-05,9.89753255665646e-05,5.08631398931502e-06,0.00216493656470067,2.58842914593434e-07,0.000110104028357768,-1.34313715967606e-05,0.00239501303268198
7185.02385058548,-1.85709628806714e-05,9.83005548496614e-05,5.01668871581905e-06,0.00215001919039534,2.55297602705116e-07,0.000109345425712594,-1.32470087076917e-05,0.00237851891334684
7234.85305736446,-1.83162053848621e-05,9.76302898597694e-05,4.94801386432111e-06,0.0021352046935961,2.51800742942361e-07,0.000108592053471366,-1.30651762476622e-05,0.00236213836961735
7285.02783708791,-1.80649403357501e-05,9.69645024672993e-05,4.88027653371531e-06,0.00212049236296363,2.48351676058037e-07,0.000107843875495223,-1.28858394910259e-05,0.00234587061978228
7335.55058635552,-1.78171199192221e-05,9.63031646769698e-05,4.81346399602798e-06,0.00210588149211478,2.44949751694862e-07,0.000107100855896559,-1.27089641885439e-05,0.00232971488750351
7386.42371838768,-1.75726969740441e-05,9.56462486280997e-05,4.74756369414908e-06,0.00209137137958735,2.4159432826773e-07,0.000106362959037247,-1.2534516560853e-05,0.00231367040177927
7437.64966314091,-1.73316249829929e-05,9.49937265948681e-05,4.68256323959146e-06,0.00207696132880497,2.3828477284751e-07,0.000105630149526873,-1.23624632920222e-05,0.00229773639690758
7489.23086742376,-1.70938580641087e-05,9.43455709865536e-05,4.61845041027842e-06,0.00206265064804242,2.35020461046347e-07,0.000104902392220984,-1.2192771523199e-05,0.00228191211245001
7541.16979501382,-1.68593509620633e-05,9.3701754347744e-05,4.55521314835847e-06,0.00204843865039104,2.31800776904415e-07,0.000104179652219348,-1.20254088463419e-05,0.00226619679319557
7593.46892677528,-1.66280590396463e-05,9.30622493585246e-05,4.49283955804773e-06,0.00203432465372456,2.28625112778116e-07,0.000103461894864228,-1.18603432980387e-05,0.00225058968912497
7646.13076077758,-1.6399938269364e-05,9.24270288346389e-05,4.43131790349908e-06,0.00202030798066505,2.25492869229712e-07,0.000102749085738667,-1.16975433534094e-05,0.00223509005537503
7699.15781241454,-1.61749452251526e-05,9.17960657276298e-05,4.37063660669815e-06,0.00200638795854925,2.22403454918363e-07,0.000102041190664793,-1.15369779200937e-05,0.00221969715220338
7752.55261452471,-1.59530370742024e-05,9.11693331249542e-05,4.3107842453856e-06,0.00199256391939503,2.19356286492569e-07,0.000101338175702122,-1.1378616332319e-05,0.00220441024495335
7806.31771751215,-1.57341715688921e-05,9.05468042500783e-05,4.25174955100566e-06,0.00197883519986822,2.16350788483982e-07,0.000100640007145888,-1.12224283450515e-05,0.00218922860401918
7860.45568946846,-1.55183070388314e-05,8.99284524625488e-05,4.19352140668023e-06,0.00196520114124957,2.13386393202586e-07,9.99466515253783e-05,-1.1068384128226e-05,0.00217415150481139
7914.96911629522,-1.53054023830116e-05,8.93142512580453e-05,4.13608884520879e-06,0.0019516610894021,2.10462540633226e-07,9.9258075602283e-05,-1.09164542610557e-05,0.0021591782277224
7969.86060182773,-1.50954170620609e-05,8.87041742684103e-05,4.0794410470933e-06,0.00193821439473853,2.07578678333458e-07,9.85742463690535e-05,-1.07666097264193e-05,0.00214430805809241
8025.13276795918,-1.48883110906051e-05,8.80981952616604e-05,4.0235673385882e-06,0.00192486041218907,2.04734261332727e-07,9.78951310472785e-05,-1.06188219053258e-05,0.00212954028617551
8080.78825476607,-1.46840450297301e-05,8.74962881419772e-05,3.96845718977497e-06,0.00191159850116944,2.01928752032831e-07,9.72206970860668e-05,-1.04730625714537e-05,0.00211487420710596
8136.82972063413,-1.44825799795473e-05,8.68984269496807e-05,3.91410021266118e-06,0.00189842802554908,1.99161620109679e-07,9.65509121604463e-05,-1.03293038857671e-05,0.00210030912086481
8193.25984238548,-1.4283877571858e-05,8.63045858611819e-05,3.86048615930349e-06,0.00188534835361959,1.96432342416312e-07,9.58857441697704e-05,-1.01875183912034e-05,0.00208584433224659
8250.08131540631,-1.40878999629181e-05,8.57147391889206e-05,3.80760491995466e-06,0.00187235885806353,1.93740402887179e-07,9.52251612361408e-05,-1.00476790074352e-05,0.00207147915082643
8307.29685377578,-1.38946098262989e-05,8.51288613812827e-05,3.75544652123389e-06,0.00185945891592325,1.91085292443648e-07,9.45691317028371e-05,-9.9097590257037e-06,0.00205721289092719
8364.90919039556,-1.37039703458455e-05,8.45469270225034e-05,3.70400112432073e-06,0.00184664790857012,1.88466508900745e-07,9.39176241327624e-05,-9.77373210372246e-06,0.00204304487158696
8422.92107712043,-1.35159452087296e-05,8.39689108325516e-05,3.65325902317162e-06,0.00183392522167394,1.85883556875094e-07,9.32706073068963e-05,-9.63957226065134e-06,0.00202897441652675
8481.33528488963,-1.33304985985965e-05,8.33947876670002e-05,3.60321064275958e-06,0.00182129024517252,1.83335947694063e-07,9.26280502227626e-05,-9.50725387213942e-06,0.00201500085411834
8540.15460385936,-1.31475951888038e-05,8.2824532516879e-05,3.55384653733605e-06,0.00180874237324156,1.80823199306072e-07,9.19899220929054e-05,-9.37675166543538e-06,0.00200112351735241
8599.38184353586,-1.29672001357531e-05,8.22581205085151e-05,3.50515738871512e-06,0.0017962810042647,1.78344836192082e-07,9.13561923433788e-05,-9.24804071456551e-06,0.00198734174380689
8659.01983290984,-1.27892790723095e-05,8.16955269033554e-05,3.45713400457961e-06,0.00178390554080385,1.75900389278222e-07,9.0726830612245e-05,-9.12109643557712e-06,0.00197365487561547
8719.07142059136,-1.26137981013125e-05,8.1136727097778e-05,3.40976731680904e-06,0.00177161538956967,1.73489395849565e-07,9.01018067480864e-05,-8.99589458184779e-06,0.00196006225943638
8779.53947494611,-1.24407237891722e-05,8.05816966228873e-05,3.36304837982868e-06,0.00175940996139232,1.71111399465012e-07,8.94810908085254e-05,-8.87241123945832e-06,0.00194656324642135
8840.42688423224,-1.22700231595543e-05,8.00304111442976e-05,3.31696836898023e-06,0.00174728867119239,1.687659498733e-07,8.8864653058758e-05,-8.75062282262963e-06,0.00193315719218481
8901.73655673848,-1.21016636871486e-05,7.94828464619022e-05,3.27151857891306e-06,0.00173525093795208,1.66452602930091e-07,8.82524639700948e-05,-8.63050606922166e-06,0.00191984345677322
8963.47142092288,-1.19356132915235e-05,7.89389785096309e-05,3.22669042199635e-06,0.00172329618468655,1.64170920516158e-07,8.76444942185164e-05,-8.51203803629448e-06,0.00190662140463477
9025.63442555289,-1.17718403310617e-05,7.83987833551944e-05,3.1824754267516e-06,0.00171142383841553,1.61920470456623e-07,8.70407146832354e-05,-8.39519609572974e-06,0.00189349040458908
9088.228539846,-1.16103135969801e-05,7.78622371998181e-05,3.13886523630538e-06,0.0016996333301351,1.59700826441268e-07,8.64410964452724e-05,-8.27995792991264e-06,0.0018804498297973
9151.25675361174,-1.14510023074289e-05,7.73293163779621e-05,3.09585160686193e-06,0.00168792409478968,1.57511567945867e-07,8.58456107860393e-05,-8.16630152747256e-06,0.00186749905773225
9214.72207739435,-1.12938761016715e-05,7.6799997357033e-05,3.05342640619567e-06,0.00167629557124425,1.55352280154573e-07,8.52542291859353e-05,-8.05420517908257e-06,0.0018546374701489
9278.6275426167,-1.11389050343428e-05,7.62742567370822e-05,3.01158161216294e-06,0.00166474720225675,1.53222553883298e-07,8.46669233229512e-05,-7.94364747331605e-06,0.00184186445305494
9342.97620172496,-1.09860595697854e-05,7.57520712504953e-05,2.97030931123325e-06,0.00165327843445069,1.51121985504114e-07,8.40836650712854e-05,-7.83460729256056e-06,0.00182917939668164
9407.77112833456,-1.08353105764628e-05,7.52334177616707e-05,2.92960169703927e-06,0.00164188871828795,1.4905017687063e-07,8.35044264999684e-05,-7.72706380898726e-06,0.00181658169545483
9473.0154173768,-1.06866293214473e-05,7.47182732666885e-05,2.88945106894594e-06,0.00163057750804184,1.47006735244369e-07,8.29291798714988e-05,-7.620996480576e-06,0.00180407074796616
9538.71218524687,-1.05399874649842e-05,7.42066148929697e-05,2.84984983063773e-06,0.00161934426177024,1.44991273222088e-07,8.23578976404877e-05,-7.51638504719459e-06,0.00179164595694448
9604.86456995261,-1.03953570551278e-05,7.36984198989266e-05,2.81079048872461e-06,0.00160818844128903,1.43003408664071e-07,8.17905524523137e-05,-7.41320952673191e-06,0.00177930672922742
9671.47573126437,-1.02527105224518e-05,7.31936656736041e-05,2.77226565136592e-06,0.00159710951214571,1.41042764623358e-07,8.12271171417882e-05,-7.31145021128423e-06,0.00176705247573328
9738.54885086602,-1.01120206748301e-05,7.26923297363114e-05,2.73426802691211e-06,0.00158610694359314,1.39108969275904e-07,8.06675647318283e-05,-7.21108766339338e-06,0.00175488261143292
9806.08713250685,-9.97326069228905e-06,7.21943897362475e-05,2.69679042256432e-06,0.00157518020856358,1.37201655851661e-07,8.01118684321421e-05,-7.11210271233697e-06,0.00174279655532201
9874.09380215466,-9.83640412192964e-06,7.1699823452116e-05,2.65982574305124e-06,0.00156432878364281,1.35320462566565e-07,7.95600016379203e-05,-7.01447645046902e-06,0.00173079373039337
9942.57210814976,-9.70142487291804e-06,7.12086087917347e-05,2.62336698932329e-06,0.00155355214904451,1.33465032555421e-07,7.90119379285407e-05,-6.91819022961119e-06,0.00171887356360955
10011.5253213603,-9.56829721154424e-06,7.07207237916353e-05,2.58740725726382e-06,0.00154284978858479,1.31635013805669e-07,7.84676510662785e-05,-6.82322565749307e-06,0.00170703548587556
10080.9567353381,-9.43699575634816e-06,7.02361466166577e-05,2.55193973641715e-06,0.00153222118965693,1.29830059092034e-07,7.79271149950289e-05,-6.72956459424166e-06,0.00169527893201184
10150.8696664767,-9.30749547331128e-06,6.97548555595361e-05,2.51695770873315e-06,0.00152166584320629,1.28049825912029e-07,7.73903038390366e-05,-6.63718914891861e-06,0.00168360334072732
10221.267454169,-9.1797716711141e-06,6.9276829040479e-05,2.48245454732832e-06,0.00151118324370543,1.26293976422312e-07,7.68571919016365e-05,-6.5460816761053e-06,0.00167200815459278
10292.1534609671,-9.05379999645741e-06,6.88020456067421e-05,2.44842371526298e-06,0.0015007728891293,1.24562177375889e-07,7.63277536640009e-05,-6.45622477253438e-06,0.00166049282001428
10363.5310727429,-8.9295564294477e-06,6.83304839321957e-05,2.4148587643346e-06,0.00149043428093082,1.22854100060142e-07,7.5801963783899e-05,-6.36760127376782e-06,0.00164905678720689
10435.4036988501,-8.80701727904462e-06,6.78621228168851e-05,2.38175333388674e-06,0.00148016692401638,1.21169420235681e-07,7.52797970944613e-05,-6.28019425092025e-06,0.00163769951016848
10507.7747722864,-8.6861591785708e-06,6.73969411865861e-05,2.34910114963379e-06,0.00146997032672177,1.19507818076004e-07,7.47612286029572e-05,-6.19398700742744e-06,0.00162642044665376
10580.647749858,-8.5669590812822e-06,6.69349180923538e-05,2.31689602250098e-06,0.00145984400078805,1.17868978107954e-07,7.42462334895773e-05,-6.10896307585886e-06,0.00161521905814848
10654.0261123446,-8.44939425599904e-06,6.64760327100677e-05,2.28513184747974e-06,0.0014497874613378,1.1625258915297e-07,7.37347871062277e-05,-6.02510621477422e-06,0.00160409480984383
10727.9133646656,-8.33344228279574e-06,6.6020264339969e-05,2.25380260249796e-06,0.00143980022685139,1.14658344269113e-07,7.32268649753305e-05,-5.9424004056228e-06,0.00159304717061096
10802.3130360475,-8.21908104874977e-06,6.55675924061965e-05,2.22290234730524e-06,0.00142988181914352,1.13085940693866e-07,7.27224427886349e-05,-5.86082984968561e-06,0.00158207561297571
10877.2286801926,-8.10628874374785e-06,6.51179964563136e-05,2.19242522237262e-06,0.00142003176333983,1.11535079787681e-07,7.22214964060348e-05,-5.78037896505921e-06,0.00157117961309352
10952.6638754485,-7.99504385634968e-06,6.46714561608345e-05,2.162365447807e-06,0.0014102495878538,1.10005466978298e-07,7.17240018543968e-05,-5.70103238368112e-06,0.0015603586507245
11028.6222249794,-7.88532516970737e-06,6.42279513127432e-05,2.13271732227964e-06,0.00140053482436373,1.08496811705776e-07,7.12299353263948e-05,-5.62277494839577e-06,0.00154961220920867
11105.1073569377,-7.77711175754081e-06,6.37874618270104e-05,2.10347522196896e-06,0.0013908870077899,1.0700882736828e-07,7.07392731793547e-05,-5.54559171006099e-06,0.00153893977544136
11182.1229246378,-7.67038298016734e-06,6.33499677401045e-05,2.07463359951712e-06,0.0013813056762719,1.05541231268573e-07,7.02519919341055e-05,-5.46946792469385e-06,0.00152834083984878
11259.6726067303,-7.56511848058588e-06,6.29154492095003e-05,2.04618698300051e-06,0.00137179037114617,1.04093744561224e-07,6.97680682738404e-05,-5.39438905065594e-06,0.00151781489636379
11337.7601073777,-7.46129818061379e-06,6.24838865131831e-05,2.01812997491364e-06,0.0013623406369236,1.02666092200521e-07,6.92874790429841e-05,-5.32034074587698e-06,0.00150736144240179
11416.3891564316,-7.35890227707684e-06,6.20552600491498e-05,1.99045725116669e-06,0.00135295602126738,1.01258002889078e-07,6.88102012460705e-05,-5.24730886511678e-06,0.00149697997883681
11495.5635096105,-7.25791123805052e-06,6.16295503349062e-05,1.96316356009606e-06,0.00134363607497098,9.98692090271191e-08,6.83362120466259e-05,-5.17527945726445e-06,0.00148667000997772
11575.2869486794,-7.15830579915289e-06,6.12067380069619e-05,1.93624372148819e-06,0.00133438035193628,9.84994466624514e-08,6.78654887660624e-05,-5.10423876267498e-06,0.00147643104354467
11655.5632816306,-7.06006695988751e-06,6.07868038203208e-05,1.90969262561614e-06,0.00132518840915185,9.71484554410911e-08,6.73980088825772e-05,-5.03417321054196e-06,0.0014662625906456
11736.3963428651,-6.96317598003656e-06,6.03697286479707e-05,1.88350523228907e-06,0.00131605980667144,9.58159785585594e-08,6.69337500300617e-05,-4.96506941630677e-06,0.00145616416575304
11817.7899933763,-6.86761437610255e-06,5.99554934803683e-05,1.85767656991415e-06,0.00130699410759253,9.45017627118202e-08,6.64726899970162e-05,-4.89691417910285e-06,0.00144613528668089
11899.7481209338,-6.77336391779908e-06,5.95440794249228e-05,1.83220173457105e-06,0.00129799087803513,9.32055580518664e-08,6.60148067254747e-05,-4.82969447923547e-06,0.00143617547456157
11982.2746402699,-6.68040662458869e-06,5.91354677054764e-05,1.80707588909855e-06,0.00128904968712064,9.19271181369324e-08,6.55600783099348e-05,-4.76339747569561e-06,0.0014262842538231
12065.3734932659,-6.58872476226853e-06,5.87296396617835e-05,1.78229426219339e-06,0.00128017010695099,9.06661998863382e-08,6.51084829962981e-05,-4.6980105037084e-06,0.00141646115216656
12149.0486491407,-6.49830083960194e-06,5.83265767489862e-05,1.75785214752097e-06,0.00127135171258774,8.94225635349448e-08,6.46599991808146e-05,-4.63352107231472e-06,0.00140670570054353
12233.3041046402,-6.40911760499639e-06,5.79262605370894e-05,1.73374490283797e-06,0.00126259408203154,8.8195972588224e-08,6.42146054090385e-05,-4.56991686198643e-06,0.00139701743313377
12318.1438842285,-6.32115804322622e-06,5.75286727104326e-05,1.70996794912647e-06,0.00125389679620158,8.69861937779232e-08,6.37722803747877e-05,-4.50718572227385e-06,0.00138739588732305
12403.5720402798,-6.23440537220048e-06,5.71337950671617e-05,1.68651676973975e-06,0.00124525943891524,8.57929970183298e-08,6.33330029191138e-05,-4.44531566948597e-06,0.00137784060368109
12489.5926532723,-6.14884303977438e-06,5.67416095186965e-05,1.66338690955928e-06,0.0012366815968679,8.46161553631142e-08,6.28967520292771e-05,-4.384294884402e-06,0.00136835112593969
12576.2098319827,-6.06445472060453e-06,5.63520980891998e-05,1.64057397416306e-06,0.0012281628596129,8.34554449627578e-08,6.24635068377303e-05,-4.3241117100148e-06,0.00135892700097098
12663.427713683,-5.98122431304674e-06,5.59652429150425e-05,1.61807362900491e-06,0.00121970281954158,8.23106450225445e-08,6.20332466211084e-05,-4.2647546493048e-06,0.00134956777876589
12751.2504643373,-5.8991359360964e-06,5.5581026244269e-05,1.59588159860476e-06,0.00121130107186355,8.11815377611212e-08,6.1605950799227e-05,-4.20621236304481e-06,0.00134027301241263
12839.6822788018,-5.81817392637021e-06,5.51994304360605e-05,1.57399366574971e-06,0.00120295721458702,8.00679083696082e-08,6.11815989340861e-05,-4.1484736676347e-06,0.00133104225807546
12928.7273810244,-5.73832283512945e-06,5.48204379601981e-05,1.5524056707057e-06,0.00119467084849932,7.89695449712626e-08,6.07601707288826e-05,-4.09152753296601e-06,0.00132187507497355
13018.3900242466,-5.65956742534339e-06,5.44440313965239e-05,1.53111351043973e-06,0.00118644157714756,7.78862385816789e-08,6.03416460270277e-05,-4.03536308031554e-06,0.00131277102535992
13108.6744912069,-5.58189266879319e-06,5.40701934344021e-05,1.51011313785244e-06,0.00117826900681938,7.68177830695268e-08,5.99260048111744e-05,-3.97996958026819e-06,0.00130372967450065
13199.5850943454,-5.50528374321486e-06,5.36989068721787e-05,1.48940056102086e-06,0.00117015274652391,7.57639751178136e-08,5.95132272022481e-05,-3.92533645066798e-06,0.00129475059065414
13291.1261760091,-5.42972602948156e-06,5.33301546166416e-05,1.46897184245141e-06,0.0011620924079728,7.47246141856681e-08,5.91032934584873e-05,-3.87145325459742e-06,0.00128583334505052
13383.3021086605,-5.35520510882399e-06,5.29639196824781e-05,1.44882309834272e-06,0.0011540876055614,7.36995024706371e-08,5.86961839744889e-05,-3.81830969838439e-06,0.00127697751187125
13476.1172950852,-5.2817067600889e-06,5.26001851917342e-05,1.4289504978584e-06,0.0011461379563501,7.26884448714877e-08,5.82918792802613e-05,-3.76589562963653e-06,0.00126818266822883
13569.576168603,-5.20921695703502e-06,5.22389343732723e-05,1.40935026240946e-06,0.0011382430800458,7.16912489515128e-08,5.78903600402844e-05,-3.71420103530255e-06,0.00125944839414663
13663.6831932795,-5.13772186566563e-06,5.18801505622282e-05,1.39001866494638e-06,0.00113040259898344,7.07077249023246e-08,5.74916070525751e-05,-3.66321603975998e-06,0.00125077427253886
13758.4428641392,-5.06720784159787e-06,5.15238171994693e-05,1.3709520292606e-06,0.00112261613810782,6.97376855081397e-08,5.70956012477605e-05,-3.61293090292946e-06,0.00124215988919077
13853.8597073802,-4.99766142746754e-06,5.11699178310511e-05,1.35214672929537e-06,0.00111488332495531,6.87809461105417e-08,5.67023236881569e-05,-3.56333601841454e-06,0.0012336048327388
13949.9382805904,-4.92906935036974e-06,5.08184361076748e-05,1.33359918846581e-06,0.00110720378963597,6.78373245737196e-08,5.63117555668562e-05,-3.51442191166734e-06,0.00122510869465107
14046.6831729655,-4.86141851933402e-06,5.04693557841441e-05,1.31530587898811e-06,0.00109957716481554,6.69066412501724e-08,5.59238782068171e-05,-3.46617923817906e-06,0.00121667106920787
14144.0990055278,-4.79469602283437e-06,5.01226607188228e-05,1.29726332121767e-06,0.00109200308569773,6.59887189468775e-08,5.55386730599651e-05,-3.41859878169563e-06,0.00120829155348232
14242.190431347,-4.72888912633281e-06,4.9778334873092e-05,1.27946808299609e-06,0.00108448119000657,6.50833828919119e-08,5.51561217062961e-05,-3.37167145245749e-06,0.00119996974732117
14340.9621357626,-4.66398526985688e-06,4.9436362310808e-05,1.26191677900703e-06,0.00107701111796887,6.41904607015263e-08,5.47762058529889e-05,-3.32538828546388e-06,0.00119170525332572
14440.4188366077,-4.59997206560988e-06,4.909672719776e-05,1.2446060701405e-06,0.00106959251229684,6.33097823476592e-08,5.4398907333522e-05,-3.27974043876063e-06,0.00118349767683292
14540.5652844341,-4.53683729561398e-06,4.87594138011288e-05,1.22753266286587e-06,0.00106222501817085,6.24411801258925e-08,5.40242081067977e-05,-3.23471919175167e-06,0.00117534662589649
14641.4062627396,-4.4745689093853e-06,4.84244064889451e-05,1.2106933086132e-06,0.00105490828322219,6.15844886238352e-08,5.36520902562718e-05,-3.1903159435335e-06,0.00116725171126829
14742.946588196,-4.41315502164093e-06,4.80916897295495e-05,1.19408480316286e-06,0.00104764195751614,6.07395446899375e-08,5.32825359890898e-05,-3.14652221125276e-06,0.00115921254637974
14845.1911108798,-4.35258391003705e-06,4.77612480910516e-05,1.17770398604336e-06,0.00104042569353502,5.99061874027212e-08,5.2915527635229e-05,-3.10332962848604e-06,0.0011512287473234
14948.1447145032,-4.29284401293818e-06,4.74330662407914e-05,1.1615477399373e-06,0.00103325914616139,5.90842580404296e-08,5.25510476466469e-05,-3.06072994364219e-06,0.00114329993283469
15051.8123166476,-4.23392392721658e-06,4.71071289447996e-05,1.14561299009526e-06,0.0010261419726614,5.82736000510826e-08,5.21890785964346e-05,-3.01871501838635e-06,0.00113542572427364
15156.1988689989,-4.17581240608207e-06,4.67834210672603e-05,1.12989670375755e-06,0.00101907383266822,5.74740590229396e-08,5.1829603177978e-05,-2.97727682608572e-06,0.00112760574560694
15261.3093575835,-4.11849835694115e-06,4.64619275699733e-05,1.11439588958376e-06,0.00101205438816562,5.66854826553586e-08,5.14726042041226e-05,-2.9364074502766e-06,0.00111983962338995
15367.1488030065,-4.06197083928565e-06,4.61426335118179e-05,1.09910759709001e-06,0.00100508330347166,5.59077207300508e-08,5.11180646063464e-05,-2.89609908315249e-06,0.00111212698674889
15473.7222606918,-4.00621906260994e-06,4.58255240482173e-05,1.08402891609367e-06,0.000998160245222438,5.51406250827208e-08,5.07659674339366e-05,-2.85634402407287e-06,0.00110446746736319
15581.0348211234,-3.95123238435686e-06,4.55105844306044e-05,1.06915697616567e-06,0.000991284882356067,5.43840495750937e-08,5.0416295853174e-05,-2.81713467809256e-06,0.00109686069944792
15689.0916100885,-3.89700030789151e-06,4.51978000058877e-05,1.05448894609005e-06,0.000984456886096635,5.36378500673157e-08,5.00690331465213e-05,-2.77846355451111e-06,0.00108930631973633
15797.8977889225,-3.84351248050289e-06,4.48871562159195e-05,1.04002203333093e-06,0.000977675929938383,5.29018843907327e-08,4.97241627118184e-05,-2.74032326544224e-06,0.00108180396746255
15907.4585547554,-3.79075869143263e-06,4.45786385969642e-05,1.0257534835065e-06,0.000970941689629928,5.21760123210312e-08,4.93816680614829e-05,-2.70270652440277e-06,0.00107435328434439
16017.7791407599,-3.73872886993093e-06,4.42722327791681e-05,1.01168057987025e-06,0.000964253843158639,5.14600955517482e-08,4.9041532821716e-05,-2.66560614492104e-06,0.00106695391456622
16128.8648164017,-3.6874130833388e-06,4.39679244860305e-05,9.97800642799008e-07,0.000957612070735087,5.07539976681343e-08,4.87037407317143e-05,-2.62901503916428e-06,0.00105960550476206
16240.720887691,-3.63680153519672e-06,4.36656995338759e-05,9.84111029288093e-07,0.00095101605477764,5.00575841213743e-08,4.83682756428872e-05,-2.59292621658499e-06,0.00105230770399869
16353.352697436,-3.58688456337898e-06,4.33655438313273e-05,9.70609132453057e-07,0.000944465479897133,4.93707222031535e-08,4.80351215180787e-05,-2.55733278258569e-06,0.0010450601637589
16466.765625498,-3.53765263825368e-06,4.30674433787815e-05,9.57292381038307e-07,0.000937960032881678,4.86932810205711e-08,4.7704262430797e-05,-2.52222793720219e-06,0.00103786253792493
16580.9650890484,-3.48909636086771e-06,4.27713842678846e-05,9.44158238932242e-07,0.000931499402681548,4.80251314713895e-08,4.73756825644464e-05,-2.48760497380476e-06,0.0010307144827619
16695.9565428276,-3.44120646115671e-06,4.24773526810103e-05,9.31204204689013e-07,0.000925083280394197,4.73661462196232e-08,4.70493662115677e-05,-2.45345727781723e-06,0.00102361565690146
16811.7454794054,-3.39397379617936e-06,4.21853348907382e-05,9.18427811056665e-07,0.000918711359249362,4.67161996714537e-08,4.6725297773081e-05,-2.41977832545363e-06,0.0010165657213255
16928.3374294433,-3.34738934837591e-06,4.18953172593347e-05,9.05826624511707e-07,0.00091238333459429,4.60751679514741e-08,4.64034617575366e-05,-2.38656168247215e-06,0.00100956433934995
17045.737961959,-3.30144422385044e-06,4.16072862382346e-05,8.93398244799905e-07,0.000906098903879046,4.54429288792531e-08,4.60838427803686e-05,-2.3538010029462e-06,0.00100261117660877
17163.9526845917,-3.25612965067666e-06,4.13212283675251e-05,8.81140304483334e-07,0.000899857766641948,4.48193619462184e-08,4.57664255631556e-05,-2.32149002805239e-06,0.000995705901037991
17282.9872438709,-3.21143697722687e-06,4.10371302754299e-05,8.6905046849349e-07,0.000893659624495084,4.42043482928515e-08,4.54511949328853e-05,-2.28962258487502e-06,0.000988848182859838
17402.8473254854,-3.16735767052375e-06,4.07549786777969e-05,8.57126433690491e-07,0.000887504181109948,4.35977706861936e-08,4.51381358212256e-05,-2.25819258522713e-06,0.000982037694567055
17523.5386545551,-3.12388331461467e-06,4.04747603775854e-05,8.4536592842818e-07,0.000881391142203156,4.29995134976539e-08,4.48272332637991e-05,-2.22719402448757e-06,0.000975274110907246
17645.0669959044,-3.08100560896831e-06,4.0196462264357e-05,8.33766712125157e-07,0.000875320215522291,4.24094626811215e-08,4.45184723994641e-05,-2.19662098045417e-06,0.000968557108867384
17767.4381543379,-3.03871636689312e-06,3.99200713137661e-05,8.22326574841559e-07,0.000869291110831812,4.18275057513722e-08,4.42118384696e-05,-2.16646761221249e-06,0.000961886367658386
17890.6579749169,-2.99700751397747e-06,3.96455745870539e-05,8.11043336861613e-07,0.000863303539899096,4.12535317627689e-08,4.39073168173977e-05,-2.13672815902031e-06,0.000955261568699826
18014.7323432395,-2.95587108655107e-06,3.93729592305429e-05,7.99914848281773e-07,0.00085735721648055,4.06874312882503e-08,4.36048928871549e-05,-2.10739693920714e-06,0.000948682395604726
18139.667185721,-2.91529923016755e-06,3.9102212475134e-05,7.889389886045e-07,0.000851451856307846,4.01290963986062e-08,4.33045522235768e-05,-2.07846834908916e-06,0.000942148534164477
18265.4684698776,-2.87528419810766e-06,3.88333216358046e-05,7.78113666337454e-07,0.000845587177074224,3.95784206420318e-08,4.30062804710812e-05,-2.0499368618987e-06,0.000935659672333837
18392.1422046107,-2.83581834990307e-06,3.85662741111092e-05,7.67436818598195e-07,0.000839762898420917,3.90352990239615e-08,4.27100633731085e-05,-2.02179702672876e-06,0.000929215500216057
18519.6944404947,-2.79689414988023e-06,3.83010573826812e-05,7.56906410724152e-07,0.000833978741923651,3.84996279871748e-08,4.24158867714366e-05,-1.9940434674917e-06,0.000922815710048087
18648.1312700654,-2.7585041657243e-06,3.80376590147371e-05,7.46520435887946e-07,0.000828234431079262,3.7971305392174e-08,4.21237366055008e-05,-1.96667088189245e-06,0.000916459996185907
18777.4588281112,-2.72064106706261e-06,3.77760666535821e-05,7.36276914717856e-07,0.000822529691292377,3.74502304978266e-08,4.1833598911718e-05,-1.93967404041567e-06,0.000910148055089932
18907.6832919665,-2.68329762406757e-06,3.75162680271176e-05,7.26173894923466e-07,0.000816864249862212,3.69363039422712e-08,4.1545459822816e-05,-1.9130477853269e-06,0.000903879585310539
19038.810881806,-2.64646670607868e-06,3.72582509443513e-05,7.16209450926376e-07,0.000811237835969459,3.6429427724084e-08,4.12593055671675e-05,-1.88678702968734e-06,0.000897654287473688
19170.8478609426,-2.61014128024333e-06,3.70020032949082e-05,7.0638168349589e-07,0.00080565018066325,3.59295051836986e-08,4.09751224681279e-05,-1.8608867563822e-06,0.000891471864266632
19303.8005361258,-2.57431441017634e-06,3.6747513048544e-05,6.9668871938968e-07,0.000800101016848235,3.54364409850809e-08,4.06928969433794e-05,-1.83534201716237e-06,0.00088533202042374
19437.6752578439,-2.53897925463771e-06,3.64947682546606e-05,6.87128710999275e-07,0.000794590079271723,3.49501410976504e-08,4.04126155042778e-05,-1.81014793169923e-06,0.000879234462712402
19572.4784206263,-2.50412906622852e-06,3.62437570418234e-05,6.77699836000402e-07,0.000789117104510944,3.44705127784502e-08,4.01342647552053e-05,-1.78529968665246e-06,0.000873178899919048
19708.2164633496,-2.46975719010469e-06,3.59944676172804e-05,6.6840029700802e-07,0.000783681830960369,3.39974645545559e-08,3.98578313929267e-05,-1.76079253475059e-06,0.000867165042835243
19844.8958695448,-2.43585706270834e-06,3.57468882664837e-05,6.59228321236069e-07,0.000778283998819145,3.35309062057269e-08,3.95833022059513e-05,-1.73662179388424e-06,0.000861192604243901
19982.5231677076,-2.40242221051643e-06,3.55010073526125e-05,6.50182160161806e-07,0.000772923350078596,3.30707487472908e-08,3.93106640738978e-05,-1.71278284621172e-06,0.000855261298905566
20121.1049316092,-2.36944624880672e-06,3.52568133160986e-05,6.41260089194721e-07,0.000767599628509833,3.26169044132631e-08,3.90399039668651e-05,-1.68927113727698e-06,0.000849370843544821
20260.6477806113,-2.33692288044037e-06,3.50142946741535e-05,6.32460407349908e-07,0.000762312579651426,3.21692866396937e-08,3.87710089448063e-05,-1.66608217513961e-06,0.000843520956836749
20401.1583799816,-2.30484589466147e-06,3.4773440020298e-05,6.23781436925906e-07,0.000757061950797189,3.17278100482428e-08,3.85039661569077e-05,-1.64321152951682e-06,0.000837711359393534
20542.6434412127,-2.27320916591275e-06,3.45342380238932e-05,6.1522152318688e-07,0.00075184749098402,3.12923904299772e-08,3.82387628409719e-05,-1.62065483093715e-06,0.000831941773751107
20685.1097223421,-2.24200665266769e-06,3.42966774296745e-05,6.06779034049139e-07,0.000746668950979862,3.08629447293902e-08,3.79753863228056e-05,-1.59840776990585e-06,0.000826211924355927
20828.5640282755,-2.21123239627853e-06,3.40607470572865e-05,5.9845235977189e-07,0.000741526083271706,3.0439391028636e-08,3.77138240156104e-05,-1.57646609608163e-06,0.000820521537551813
20973.0132111114,-2.18088051984009e-06,3.38264358008211e-05,5.90239912652209e-07,0.000736418642053723,3.00216485319809e-08,3.74540634193801e-05,-1.55482561746485e-06,0.000814870341566904
21118.464170469,-2.15094522706911e-06,3.35937326283568e-05,5.82140126724129e-07,0.000731346383215434,2.96096375504643e-08,3.71960921202995e-05,-1.53348219959664e-06,0.000809258066500675
21264.923853817,-2.12142080119895e-06,3.3362626581501e-05,5.74151457461852e-07,0.000726309064330003,2.92032794867703e-08,3.69398977901499e-05,-1.51243176476924e-06,0.000803684444311072
21412.3992568061,-2.09230160388942e-06,3.3133106774933e-05,5.66272381486944e-07,0.000721306444642576,2.88024968203033e-08,3.66854681857164e-05,-1.49167029124701e-06,0.000798149208801704
21560.8974236026,-2.06358207415161e-06,3.29051623959512e-05,5.58501396279555e-07,0.000716338285058734,2.84072130924687e-08,3.64327911482018e-05,-1.47119381249822e-06,0.000792652095609161
21710.4254472254,-2.03525672728724e-06,3.26787827040199e-05,5.50837019893522e-07,0.000711404348132998,2.80173528921521e-08,3.61818546026421e-05,-1.45099841643729e-06,0.000787192842190377
21860.9904698845,-2.00732015384283e-06,3.24539570303207e-05,5.43277790675381e-07,0.000706504398057434,2.76328418413983e-08,3.59326465573278e-05,-1.43108024467759e-06,0.000781771187810121
22012.599683322,-1.97976701857789e-06,3.22306747773041e-05,5.35822266987158e-07,0.000701638200650327,2.72536065812832e-08,3.56851551032287e-05,-1.4114354917943e-06,0.000776386873528535
22165.260329156,-1.9525920594475e-06,3.20089254182443e-05,5.28469026932965e-07,0.000696805523344942,2.687957475798e-08,3.54393684134226e-05,-1.39206040459754e-06,0.000771039642188795
22318.9796992262,-1.92579008659858e-06,3.17886984967956e-05,5.21216668089283e-07,0.000692006135178346,2.65106750090136e-08,3.51952747425277e-05,-1.37295128141538e-06,0.000765729238404822
22473.7651359423,-1.89935598138018e-06,3.15699836265516e-05,5.14063807238941e-07,0.000687239806780341,2.61468369497041e-08,3.49528624261397e-05,-1.35410447138678e-06,0.000760455408549111
22629.6240326348,-1.87328469536702e-06,3.13527704906058e-05,5.07009080108673e-07,0.000682506310362429,2.57879911597925e-08,3.47121198802723e-05,-1.3355163737641e-06,0.000755217900740608
22786.5638339077,-1.8475712493967e-06,3.11370488411146e-05,5.00051141110291e-07,0.000677805419706901,2.54340691702518e-08,3.44730356008014e-05,-1.31718343722533e-06,0.000750016464832707
22944.592035995,-1.82221073261985e-06,3.09228084988628e-05,4.93188663085334e-07,0.00067313691015596,2.50850034502744e-08,3.42355981629139e-05,-1.29910215919566e-06,0.000744850852401298
23103.7161871177,-1.79719830156347e-06,3.0710039352831e-05,4.86420337053232e-07,0.000668500558600954,2.47407273944399e-08,3.39997962205594e-05,-1.28126908517841e-06,0.000739720816732922
23263.9438878451,-1.77252917920698e-06,3.04987313597645e-05,4.79744871962852e-07,0.000663896143471657,2.44011753100556e-08,3.37656185059063e-05,-1.26368080809509e-06,0.000734626112812983
23425.2827914574,-1.74819865407101e-06,3.02888745437459e-05,4.73160994447467e-07,0.000659323444725648,2.40662824046711e-08,3.35330538288021e-05,-1.24633396763461e-06,0.00072956649731407
23587.7406043117,-1.72420207931861e-06,3.00804589957685e-05,4.66667448583028e-07,0.000654782243837738,2.37359847737616e-08,3.33020910762358e-05,-1.22922524961128e-06,0.000724541728584327
23751.3250862094,-1.70053487186881e-06,2.98734748733123e-05,4.60262995649748e-07,0.000650272323789502,2.34102193885812e-08,3.30727192118063e-05,-1.2123513853318e-06,0.000719551566635935
23916.0440507678,-1.6771925115223e-06,2.96679123999222e-05,4.53946413896907e-07,0.00064579346905885,2.30889240841792e-08,3.28449272751924e-05,-1.19570915097075e-06,0.000714595773133646
24081.9053657923,-1.65417054009914e-06,2.94637618647887e-05,4.47716498310889e-07,0.0006413454656097,2.27720375475825e-08,3.26187043816283e-05,-1.17929536695482e-06,0.000709674111383415
24248.9169536531,-1.63146456058817e-06,2.92610136223296e-05,4.41572060386347e-07,0.000636928100881701,2.24594993061368e-08,3.23940397213807e-05,-1.16310689735535e-06,0.000704786346321096
24417.0867916629,-1.60907023630821e-06,2.90596580917759e-05,4.35511927900506e-07,0.000632541163780045,2.2151249716009e-08,3.21709225592319e-05,-1.14714064928932e-06,0.00069993224450123
24586.4229124585,-1.58698329008067e-06,2.88596857567574e-05,4.29534944690527e-07,0.000628184444665332,2.1847229950844e-08,3.19493422339643e-05,-1.13139357232847e-06,0.000695111574085895
24756.933404384,-1.56519950341351e-06,2.86610871648926e-05,4.23639970433911e-07,0.000623857735343525,2.15473819905792e-08,3.17292881578502e-05,-1.1158626579166e-06,0.000690324104833648
24928.6264118777,-1.54371471569637e-06,2.84638529273794e-05,4.17825880431882e-07,0.000619560829055954,2.12516486104084e-08,3.15107498161437e-05,-1.10054493879483e-06,0.000685569608088526
25101.5101358603,-1.52252482340677e-06,2.82679737185888e-05,4.12091565395741e-07,0.00061529352046941,2.0959973369899e-08,3.12937167665773e-05,-1.08543748843475e-06,0.000680847856769142
25275.5928341276,-1.50162577932716e-06,2.80734402756598e-05,4.06435931236106e-07,0.000611055605666291,2.0672300602256e-08,3.10781786388611e-05,-1.07053742047936e-06,0.000676158625357836
25450.882821744,-1.48101359177267e-06,2.7880243398098e-05,4.00857898855047e-07,0.000606846882134827,2.03885754037333e-08,3.08641251341866e-05,-1.05584188819169e-06,0.000671501689889919
25627.3884714405,-1.46068432382949e-06,2.76883739473743e-05,3.95356403941032e-07,0.000602667148759366,2.01087436231889e-08,3.06515460247321e-05,-1.04134808391093e-06,0.000666876827942975
25805.1182140139,-1.44063409260368e-06,2.74978228465278e-05,3.8993039676669e-07,0.000598516205810738,1.98327518517839e-08,3.04404311531738e-05,-1.02705323851616e-06,0.000662283818626252
25984.08053873,-1.42085906848025e-06,2.73085810797695e-05,3.84578841989304e-07,0.000594393854936669,1.95605474128199e-08,3.02307704321982e-05,-1.01295462089725e-06,0.00065772244257011
26164.2839937291,-1.40135547439236e-06,2.71206396920883e-05,3.7930071845405e-07,0.000590299899152277,1.92920783517177e-08,3.00225538440193e-05,-9.99049537433187e-07,0.000653192481915552
26345.7371864336,-1.38211958510068e-06,2.69339897888602e-05,3.74095018999903e-07,0.00058623414283063,1.9027293426131e-08,2.98157714398989e-05,-9.85335331477476e-07,0.00064869372030383
26528.4487839603,-1.36314772648242e-06,2.6748622535458e-05,3.68960750268182e-07,0.000582196391693362,1.87661420961954e-08,2.96104133396693e-05,-9.71809382850625e-07,0.000644225942866109
26712.4275135331,-1.34443627483028e-06,2.65645291568647e-05,3.63896932513733e-07,0.000578186452801369,1.85085745149117e-08,2.94064697312605e-05,-9.58469107339609e-07,0.000639788936213217
26897.6821629011,-1.32598165616088e-06,2.63817009372875e-05,3.58902599418652e-07,0.000574204134545548,1.82545415186583e-08,2.92039308702301e-05,-9.45311956204164e-07,0.000635382488425449
27084.2215807571,-1.30778034553281e-06,2.6200129219776e-05,3.53976797908577e-07,0.000570249246637626,1.80039946178357e-08,2.90027870792966e-05,-9.32335415689918e-07,0.000631006389042465
27272.0546771616,-1.28982886637384e-06,2.60198054058398e-05,3.49118587971465e-07,0.000566321600101028,1.77568859876366e-08,2.88030287478754e-05,-9.19537006548131e-07,0.000626660429053228
27461.1904239671,-1.27212378981752e-06,2.58407209550712e-05,3.44327042478859e-07,0.000562421007261833,1.75131684589435e-08,2.86046463316194e-05,-9.06914283562104e-07,0.000622344400886039
27651.6378552475,-1.2546617340488e-06,2.56628673847672e-05,3.39601247009574e-07,0.000558547281739765,1.72727955093501e-08,2.84076303519607e-05,-8.94464835080015e-07,0.00061805809839862
27843.4060677294,-1.23743936365858e-06,2.5486236269556e-05,3.34940299675804e-07,0.000554700238439274,1.70357212543049e-08,2.82119713956577e-05,-8.8218628255423e-07,0.000613801316868276
28036.5042212264,-1.22045338900722e-06,2.53108192410238e-05,3.30343310951589e-07,0.000550879693540656,1.68019004383768e-08,2.80176601143438e-05,-8.70076280086884e-07,0.000609573852982121
28230.9415390768,-1.20370056559665e-06,2.51366079873451e-05,3.25809403503643e-07,0.000547085464491253,1.65712884266392e-08,2.78246872240797e-05,-8.58132513981745e-07,0.000605375504827375
28426.7273085842,-1.18717769345117e-06,2.4963594252914e-05,3.21337712024451e-07,0.0005433173699967,1.63438411961719e-08,2.76330435049087e-05,-8.46352702302183e-07,0.000601206071881719
28623.8708814609,-1.17088161650672e-06,2.47917698379782e-05,3.16927383067698e-07,0.000539575230012242,1.61195153276799e-08,2.74427198004157e-05,-8.34734594435257e-07,0.000597065355003731
28822.3816742749,-1.15480922200845e-06,2.4621126598275e-05,3.12577574885889e-07,0.000535858865734104,1.58982679972252e-08,2.72537070172882e-05,-8.23275970661728e-07,0.000592953156423366
29022.2691688993,-1.13895743991673e-06,2.44516564446694e-05,3.08287457270228e-07,0.000532168099590929,1.56800569680734e-08,2.70659961248812e-05,-8.11974641732036e-07,0.000588869279732531
29223.5429129655,-1.12332324232106e-06,2.42833513427939e-05,3.04056211392658e-07,0.000528502755235267,1.54648405826502e-08,2.68795781547845e-05,-8.00828448448028e-07,0.000584813529875692
29426.2125203191,-1.10790364286221e-06,2.41162033126911e-05,2.99883029650068e-07,0.00052486265753513,1.52525777546088e-08,2.66944442003938e-05,-7.89835261250501e-07,0.000580785713140575
29630.2876714792,-1.0926956961622e-06,2.39502044284577e-05,2.95767115510619e-07,0.000521247632565598,1.50432279610051e-08,2.65105854164837e-05,-7.78992979812333e-07,0.000576785637148906
29835.7781141006,-1.07769649726208e-06,2.37853468178909e-05,2.91707683362179e-07,0.000517657507600494,1.48367512345806e-08,2.63279930187846e-05,-7.68299532637263e-07,0.000572813110847241
30042.6936634399,-1.06290318106747e-06,2.36216226621367e-05,2.87703958362816e-07,0.000514092111104105,1.46331081561496e-08,2.6146658283562e-05,-7.57752876664124e-07,0.000568867944497828
30251.0442028234,-1.04831292180166e-06,2.34590241953403e-05,2.83755176293343e-07,0.000510551272722968,1.44322598470918e-08,2.5966572547199e-05,-7.47350996876555e-07,0.000564949949669565
30460.8396841202,-1.03392293246624e-06,2.32975437042987e-05,2.79860583411864e-07,0.000507034823277709,1.42341679619465e-08,2.57877272057813e-05,-7.37091905918026e-07,0.00056105893922899
30672.0901282168,-1.01973046430907e-06,2.31371735281151e-05,2.76019436310325e-07,0.000503542594754943,1.4038794681109e-08,2.56101137146855e-05,-7.2697364371219e-07,0.000557194727331356
30884.8056254963,-1.00573280629962e-06,2.29779060578553e-05,2.72231001773e-07,0.000500074420299224,1.38461027036254e-08,2.54337235881702e-05,-7.169942770884e-07,0.000553357129411752
31098.9963363199,-9.91927284611441e-07,2.28197337362065e-05,2.68494556636936e-07,0.000496630134205059,1.36560552400879e-08,2.52585483989695e-05,-7.07151899412418e-07,0.000549545962176299
31314.6724915125,-9.78311262111766e-07,2.26626490571377e-05,2.64809387654278e-07,0.000493209571908963,1.34686160056254e-08,2.50845797778898e-05,-6.97444630222134e-07,0.000545761043593388
31531.8443928511,-9.64882137858102e-07,2.25066445655623e-05,2.61174791356502e-07,0.000489812569981591,1.32837492129911e-08,2.49118094134093e-05,-6.87870614868349e-07,0.000542002192884999
31750.5224135575,-9.51637346601701e-07,2.23517128570025e-05,2.57590073920477e-07,0.000486438966119901,1.31014195657443e-08,2.47402290512799e-05,-6.78428024160421e-07,0.000538269230518064
31970.7169987928,-9.38574358297891e-07,2.21978465772562e-05,2.54054551036378e-07,0.00048308859913939,1.2921592251525e-08,2.45698304941325e-05,-6.69115054016843e-07,0.0005345619781959
32192.4386661572,-9.25690677623055e-07,2.20450384220653e-05,2.50567547777386e-07,0.000479761308966369,1.27442329354215e-08,2.44006056010843e-05,-6.59929925120551e-07,0.000530880258849688
32415.6980061919,-9.129838434983e-07,2.18932811367861e-05,2.47128398471186e-07,0.000476456936630306,1.25693077534275e-08,2.42325462873494e-05,-6.50870882579024e-07,0.00052722389663003
32640.5056828852,-9.00451428619595e-07,2.17425675160623e-05,2.43736446573206e-07,0.000473175324256207,1.23967833059899e-08,2.40656445238518e-05,-6.41936195588995e-07,0.000523592716898544
32866.8724341813,-8.88091038994412e-07,2.15928904034989e-05,2.40391044541595e-07,0.000469916315057065,1.22266266516438e-08,2.38998923368413e-05,-6.33124157105813e-07,0.00051998654621953
33094.8090724944,-8.75900313484664e-07,2.14442426913389e-05,2.37091553713912e-07,0.000466679753326346,1.20588053007351e-08,2.37352818075116e-05,-6.24433083517297e-07,0.000516405212351689
33324.3264852235,-8.6387692335596e-07,2.12966173201416e-05,2.33837344185495e-07,0.000463465484430539,1.18932872092292e-08,2.35718050716217e-05,-6.15861314322112e-07,0.000512848544239896
33555.4356352742,-8.52018571832999e-07,2.1150007278463e-05,2.30627794689496e-07,0.000460273354801753,1.17300407726038e-08,2.34094543191193e-05,-6.07407211812515e-07,0.000509316372007036
33788.1475615808,-8.40322993661101e-07,2.10044056025379e-05,2.27462292478554e-07,0.000457103211930365,1.15690348198258e-08,2.32482217937672e-05,-5.990691607615e-07,0.000505808526945894
34022.4733796346,-8.28787954673708e-07,2.08598053759641e-05,2.24340233208088e-07,0.000453954904357715,1.141023860741e-08,2.30880997927721e-05,-5.90845568114189e-07,0.000502324841511094
34258.4242820144,-8.17411251365866e-07,2.07161997293886e-05,2.21261020821182e-07,0.000450828281668866,1.125362181356e-08,2.29290806664162e-05,-5.82734862683513e-07,0.000498865149311106
34496.0115389212,-8.06190710473497e-07,2.05735818401954e-05,2.18224067435046e-07,0.000447723194485391,1.10991545323883e-08,2.27711568176909e-05,-5.74735494850015e-07,0.000495429285100296
34735.2464987164,-7.95124188558507e-07,2.04319449321958e-05,2.15228793229034e-07,0.000444639494458235,1.0946807268216e-08,2.26143207019335e-05,-5.66845936265822e-07,0.00049201708477104
34976.1405884643,-7.84209571599517e-07,2.02912822753193e-05,2.12274626334178e-07,0.000441577034260604,1.07965509299508e-08,2.24585648264661e-05,-5.59064679562639e-07,0.000488628385345884
35218.7053144771,-7.7344477458827e-07,2.01515871853085e-05,2.09361002724252e-07,0.000438535667580922,1.06483568255411e-08,2.23038817502373e-05,-5.5139023806379e-07,0.000485263024969766
35462.9522628655,-7.62827741131511e-07,2.00128530234136e-05,2.06487366108313e-07,0.000435515249115821,1.05021966565067e-08,2.21502640834658e-05,-5.43821145500172e-07,0.000481920842902284
35708.8931000911,-7.52356443058393e-07,1.98750731960905e-05,2.03653167824716e-07,0.000432515634563192,1.03580425125441e-08,2.19977044872873e-05,-5.36355955730147e-07,0.000478601679510026
35956.5395735246,-7.42028880033201e-07,1.97382411546996e-05,2.00857866736574e-07,0.000429536680615277,1.02158668662057e-08,2.18461956734032e-05,-5.2899324246324e-07,0.00047530537625894
36205.9035120061,-7.31843079173447e-07,1.96023503952073e-05,1.98100929128657e-07,0.00042657824495181,1.00756425676517e-08,2.16957304037319e-05,-5.21731598987669e-07,0.000472031775706774
36456.9968264106,-7.21797094673155e-07,1.94673944578889e-05,1.95381828605691e-07,0.000423640186233204,9.93734283947411e-09,2.15463014900624e-05,-5.14569637901577e-07,0.000468780721495549
36709.831510217,-7.11889007431338e-07,1.93333669270333e-05,1.92700045992052e-07,0.000420722364093791,9.80094127159111e-09,2.13979017937107e-05,-5.0750599084798e-07,0.000465552058344097
36964.4196400802,-7.02116924685582e-07,1.92002614306496e-05,1.9005506923284e-07,0.000417824639135105,9.66641181621206e-09,2.12505242251783e-05,-5.00539308253345e-07,0.000462345632040648
37220.7733764093,-6.92478979650612e-07,1.90680716401758e-05,1.87446393296286e-07,0.000414946872919206,9.5337287828705e-09,2.11041617438128e-05,-4.93668259069751e-07,0.000459161289435464
37478.9049639467,-6.82973331161874e-07,1.89367912701891e-05,1.8487352007752e-07,0.000412088927962063,9.40286683352615e-09,2.09588073574712e-05,-4.86891530520599e-07,0.000455998878433527
37738.8267323548,-6.73598163323943e-07,1.88064140781174e-05,1.82335958303636e-07,0.000409250667726967,9.27380097773299e-09,2.08144541221855e-05,-4.80207827849796e-07,0.000452858247987275
38000.5510968034,-6.64351685163814e-07,1.86769338639541e-05,1.79833223440061e-07,0.000406431956618006,9.14650656787435e-09,2.06710951418308e-05,-4.7361587407441e-07,0.000449739248089392
38264.0905585636,-6.55232130288896e-07,1.85483444699729e-05,1.7736483759821e-07,0.000403632659973568,9.0209592944626e-09,2.05287235677946e-05,-4.67114409740682e-07,0.000446641729765642
38529.4577056047,-6.46237756549741e-07,1.84206397804458e-05,1.74930329444401e-07,0.00040085264405991,8.89713518150362e-09,2.03873325986504e-05,-4.60702192683429e-07,0.000443565545067758
38796.6652131954,-6.37366845707359e-07,1.82938137213621e-05,1.72529234110012e-07,0.000398091776064744,8.77501058192441e-09,2.02469154798312e-05,-4.54377997788707e-07,0.000440510547066376
39065.7258445091,-6.2861770310514e-07,1.81678602601494e-05,1.70161093102878e-07,0.000395349924090898,8.65456217306372e-09,2.01074655033075e-05,-4.48140616759773e-07,0.00043747658984402
39336.6524512341,-6.19988657345226e-07,1.8042773405396e-05,1.67825454219889e-07,0.000392626957149992,8.53576695222386e-09,1.99689760072654e-05,-4.41988857886222e-07,0.00043446352848813
39609.4579741865,-6.11478059969375e-07,1.79185472065762e-05,1.65521871460793e-07,0.000389922745156182,8.41860223228411e-09,1.98314403757891e-05,-4.35921545816324e-07,0.00043147121908415
39884.1554439296,-6.03084285144154e-07,1.77951757537754e-05,1.63249904943171e-07,0.000387237158919929,8.30304563737342e-09,1.96948520385434e-05,-4.29937521332461e-07,0.000428499518708647
40160.7579813948,-5.94805729350493e-07,1.76726531774191e-05,1.61009120818585e-07,0.000384570070141823,8.18907509860326e-09,1.95592044704603e-05,-4.24035641129668e-07,0.000425548285422496
40439.2787985098,-5.86640811077456e-07,1.75509736480015e-05,1.58799091189865e-07,0.000381921351406442,8.07666884985802e-09,1.94244911914263e-05,-4.18214777597192e-07,0.00042261737826409
40719.7311988284,-5.78587970520258e-07,1.74301313758178e-05,1.56619394029532e-07,0.000379290876176259,7.96580542364381e-09,1.92907057659732e-05,-4.12473818603074e-07,0.00041970665724262
41002.1285781671,-5.70645669282377e-07,1.73101206106966e-05,1.54469613099335e-07,0.000376678518785586,7.85646364699354e-09,1.91578418029694e-05,-4.06811667281659e-07,0.000416815983331382
41286.4844252437,-5.62812390081796e-07,1.7190935641735e-05,1.52349337870899e-07,0.000374084154434568,7.74862263742853e-09,1.90258929553152e-05,-4.01227241824055e-07,0.000413945218461146
41572.812322323,-5.55086636461241e-07,1.70725707970345e-05,1.50258163447442e-07,0.000371507659183205,7.64226179897508e-09,1.88948529196385e-05,-3.95719475271437e-07,0.000411094225513553
41861.1259458642,-5.47466932502418e-07,1.69550204434401e-05,1.48195690486582e-07,0.000368948909945432,7.53736081823595e-09,1.8764715435994e-05,-3.90287315311213e-07,0.000408262868314575
42151.4390671752,-5.39951822544148e-07,1.68382789862788e-05,1.46161525124186e-07,0.000366407784483223,7.43389966051523e-09,1.86354742875634e-05,-3.84929724075971e-07,0.00040545101162801
42443.7655530697,-5.32539870904397e-07,1.67223408691021e-05,1.44155278899273e-07,0.000363884161400752,7.33185856599683e-09,1.85071233003582e-05,-3.79645677945198e-07,0.000402658521149023
42738.1193665299,-5.25229661606084e-07,1.66072005734285e-05,1.42176568679934e-07,0.000361377920138579,7.23121804597464e-09,1.83796563429245e-05,-3.74434167349707e-07,0.000399885263497733
43034.5145673733,-5.1801979810669e-07,1.64928526184882e-05,1.4022501659028e-07,0.000358888940967891,7.13195887913515e-09,1.825306732605e-05,-3.69294196578768e-07,0.000397131106212844
43332.9653129246,-5.10908903031536e-07,1.63792915609698e-05,1.38300249938376e-07,0.000356417104984766,7.03406210789011e-09,1.81273502024723e-05,-3.64224783589863e-07,0.000394395917745318
43633.4858586911,-5.03895617910759e-07,1.62665119947678e-05,1.36401901145172e-07,0.000353962294104496,6.9375090347603e-09,1.80024989665906e-05,-3.59224959821073e-07,0.000391679567452096
43936.0905590448,-4.96978602919858e-07,1.61545085507326e-05,1.34529607674401e-07,0.000351524391055933,6.84228121880808e-09,1.78785076541774e-05,-3.54293770006025e-07,0.000388981925589856
44240.7938679069,-4.90156536623841e-07,1.60432758964215e-05,1.32683011963442e-07,0.000349103279375882,6.74836047211939e-09,1.77553703420944e-05,-3.49430271991393e-07,0.00038630286330882
44547.6103394389,-4.83428115724839e-07,1.59328087358512e-05,1.30861761355125e-07,0.000346698843403528,6.6557288563336e-09,1.76330811480085e-05,-3.44633536556888e-07,0.000383642252646597
44856.5546287376,-4.76792054813223e-07,1.58231018092527e-05,1.29065508030473e-07,0.000344310968274912,6.56436867922112e-09,1.75116342301112e-05,-3.39902647237738e-07,0.000380999966522078
45167.641492535,-4.70247086122095e-07,1.57141498928269e-05,1.27293908942365e-07,0.000341939539917428,6.47426249130763e-09,1.73910237868385e-05,-3.35236700149582e-07,0.000378375878729361
45480.8857899031,-4.63791959285193e-07,1.56059477985022e-05,1.25546625750105e-07,0.000339584445044377,6.38539308254502e-09,1.72712440565942e-05,-3.30634803815792e-07,0.000375769863931728
45796.3024829641,-4.57425441098069e-07,1.54984903736935e-05,1.2382332475489e-07,0.000337245571149538,6.29774347902738e-09,1.71522893174742e-05,-3.26096078997143e-07,0.000373181797655659
46113.9066376045,-4.5114631528259e-07,1.5391772501063e-05,1.22123676836162e-07,0.000334922806501803,6.2112969397525e-09,1.70341538869928e-05,-3.21619658523841e-07,0.000370611556284888
46433.713424195,-4.44953382254627e-07,1.52857890982821e-05,1.20447357388824e-07,0.000332616040139816,6.1260369534274e-09,1.6916832121811e-05,-3.17204687129837e-07,0.000368059017054495
46755.7381183149,-4.38845458894968e-07,1.51805351177955e-05,1.18794046261335e-07,0.000330325161866683,6.04194723531786e-09,1.68003184174671e-05,-3.12850321289434e-07,0.000365524058045053
47079.9961014825,-4.32821378323347e-07,1.50760055465861e-05,1.17163427694624e-07,0.00032805006224469,5.95901172414085e-09,1.66846072081081e-05,-3.08555729056118e-07,0.000363006558176794
47406.5028618884,-4.26879989675594e-07,1.4972195405942e-05,1.15555190261873e-07,0.000325790632590079,5.87721457899998e-09,1.65696929662241e-05,-3.04320089903626e-07,0.000360506397203837
47735.2739951367,-4.21020157883822e-07,1.48690997512245e-05,1.13969026809097e-07,0.000323546764967843,5.79654017636244e-09,1.6455570202384e-05,-3.00142594569163e-07,0.000358023455708439
48066.3252049891,-4.15240763459653e-07,1.47667136716381e-05,1.12404634396558e-07,0.000321318352186572,5.7169731070778e-09,1.63422334649728e-05,-2.96022444898806e-07,0.000355557615095296
48399.6723041153,-4.09540702280393e-07,1.46650322900018e-05,1.10861714240968e-07,0.000319105287793321,5.63849817343736e-09,1.6229677339931e-05,-2.91958853694998e-07,0.000353108757585875
48735.331214848,-4.03918885378168e-07,1.45640507625217e-05,1.09339971658492e-07,0.000316907466068527,5.56110038627405e-09,1.61178964504961e-05,-2.87951044566163e-07,0.000350676766212794
49073.317969944,-3.98374238731924e-07,1.44637642785653e-05,1.07839116008529e-07,0.000314724782020943,5.48476496210181e-09,1.60068854569454e-05,-2.83998251778363e-07,0.000348261524814233
49413.6487133493,-3.92905703062312e-07,1.43641680604371e-05,1.06358860638264e-07,0.000312557131382631,5.40947732029449e-09,1.58966390563404e-05,-2.8009972010901e-07,0.000345862918028389
49756.3397009709,-3.87512233629355e-07,1.42652573631559e-05,1.04898922827977e-07,0.000310404410603966,5.33522308030308e-09,1.57871519822738e-05,-2.76254704702567e-07,0.000343480831287962
50101.4073014524,-3.82192800032922e-07,1.41670274742335e-05,1.03459023737106e-07,0.000308266516848692,5.26198805891143e-09,1.56784190046173e-05,-2.7246247092825e-07,0.000341115150814692
50448.8679969571,-3.76946386015914e-07,1.40694737134546e-05,1.02038888351043e-07,0.000306143347988998,5.18975826752923e-09,1.55704349292721e-05,-2.68722294239662e-07,0.000338765763613915
50798.7383839539,-3.71771989270172e-07,1.39725914326581e-05,1.00638245428667e-07,0.000304034802600643,5.11851990952246e-09,1.54631945979199e-05,-2.65033460036376e-07,0.000336432557469176
51151.0351740109,-3.66668621245026e-07,1.38763760155206e-05,9.92568274505885e-08,0.000301940779958101,5.04825937758006e-09,1.5356692887777e-05,-2.61395263527398e-07,0.000334115420936862
51505.7751945938,-3.61635306958492e-07,1.37808228773401e-05,9.78943705681035e-08,0.000299861180029745,4.97896325111697e-09,1.5250924711349e-05,-2.57807009596516e-07,0.000331814243340887
51862.9753898685,-3.56671084811052e-07,1.36859274648221e-05,9.65506145528562e-08,0.000297795903473071,4.91061829371278e-09,1.51458850161878e-05,-2.54268012669499e-07,0.000329528914767402
52222.6528215118,-3.51775006401975e-07,1.35916852558669e-05,9.52253027471778e-08,0.000295744851629939,4.84321145058518e-09,1.504156878465e-05,-2.50777596583103e-07,0.000327259326059544
52584.8246695256,-3.46946136348187e-07,1.34980917593576e-05,9.3918182015118e-08,0.000293707926521866,4.77672984609845e-09,1.49379710336569e-05,-2.473350944559e-07,0.000325005368812231
52949.5082330576,-3.42183552105598e-07,1.34051425149508e-05,9.26290026941385e-08,0.000291685030845331,4.71116078130579e-09,1.48350868144568e-05,-2.43939848560853e-07,0.000322766935366974
53316.7209312277,-3.37486343792903e-07,1.33128330928672e-05,9.13575185474753e-08,0.000289676067967135,4.64649173152554e-09,1.47329112123878e-05,-2.40591210199666e-07,0.000320543918806747
53686.4803039601,-3.3285361401778e-07,1.32211590936846e-05,9.01034867171485e-08,0.00028768094191977,4.58271034395051e-09,1.46314393466435e-05,-2.37288539578833e-07,0.000318336212950868
54058.8040128205,-3.28284477705494e-07,1.31301161481322e-05,8.88666676776203e-08,0.00028569955739684,4.51980443529015e-09,1.45306663700391e-05,-2.34031205687416e-07,0.00031614371234994
54433.709841861,-3.23778061929835e-07,1.30396999168853e-05,8.76468251900849e-08,0.000283731819748499,4.45776198944499e-09,1.44305874687804e-05,-2.30818586176474e-07,0.000313966312280809
54811.215698468,-3.19333505746391e-07,1.2949906090363e-05,8.64437262573878e-08,0.000281777634976929,4.3965711552131e-09,1.43311978622329e-05,-2.27650067240167e-07,0.000311803908741564
55191.3396142186,-3.14949960028093e-07,1.28607303885254e-05,8.52571410795592e-08,0.000279836909731845,4.33622024402769e-09,1.42324928026941e-05,-2.24525043498482e-07,0.000309656398446566
55574.0997457415,-3.10626587303031e-07,1.27721685606734e-05,8.40868430099617e-08,0.000277909551306034,4.27669772772619e-09,1.4134467575166e-05,-2.21442917881572e-07,0.000307523678821524
55959.5143755845,-3.06362561594487e-07,1.26842163852497e-05,8.29326085120337e-08,0.000275995467630922,4.21799223634939e-09,1.403711749713e-05,-2.18403101515678e-07,0.000305405647998587
56347.6019130871,-3.02157068263168e-07,1.25968696696404e-05,8.17942171166316e-08,0.000274094567272172,4.16009255597128e-09,1.39404379183229e-05,-2.15405013610631e-07,0.000303302204811485
56738.380895261,-2.98009303851597e-07,1.25101242499786e-05,8.06714513799499e-08,0.000272206759425315,4.10298762655814e-09,1.3844424220515e-05,-2.12448081348874e-07,0.000301213248790695
57131.8699876742,-2.9391847593065e-07,1.24239759909488e-05,7.95640968420252e-08,0.000270331953911409,4.04666653985746e-09,1.37490718172891e-05,-2.09531739776035e-07,0.000299138680158644
57528.0879853436,-2.89883802948185e-07,1.23384207855934e-05,7.84719419858026e-08,0.000268470061172728,3.99111853731539e-09,1.36543761538211e-05,-2.06655431692978e-07,0.000297078399824941
57927.053813632,-2.85904514079766e-07,1.22534545551194e-05,7.73947781967685e-08,0.00026662099226848,3.93633300802309e-09,1.35603327066627e-05,-2.03818607549354e-07,0.000295032309381649
58328.7865291527,-2.81979849081414e-07,1.2169073248707e-05,7.63323997231326e-08,0.000264784658870556,3.88229948669093e-09,1.3466936983525e-05,-2.01020725338599e-07,0.00029300031109858
58733.3053206791,-2.78109058144403e-07,1.20852728433198e-05,7.52846036365588e-08,0.00026296097325931,3.8290076516508e-09,1.33741845230641e-05,-1.98261250494388e-07,0.000290982307918633
59140.6295100621,-2.74291401752022e-07,1.20020493435152e-05,7.4251189793432e-08,0.000261149848319362,3.77644732288544e-09,1.3282070894667e-05,-1.95539655788493e-07,0.000288978203453152
59550.7785531519,-2.70526150538326e-07,1.19193987812572e-05,7.32319607966584e-08,0.000259351197535438,3.72460846008517e-09,1.31905916982411e-05,-1.9285542123006e-07,0.000286987901977332
59963.7720407286,-2.66812585148813e-07,1.18373172157295e-05,7.22267219579863e-08,0.000257564934988232,3.67348116073093e-09,1.30997425640029e-05,-1.90208033966256e-07,0.000285011308425635
60379.6296994364,-2.63149996103015e-07,1.17558007331508e-05,7.12352812608475e-08,0.000255790975350301,3.62305565820392e-09,1.30095191522697e-05,-1.87596988184287e-07,0.000283048328387262
60798.3713927276,-2.59537683658973e-07,1.16748454465904e-05,7.02574493237033e-08,0.000254029233881983,3.57332231992082e-09,1.29199171532518e-05,-1.85021785014759e-07,0.000281098868101634
61220.0171218097,-2.55974957679581e-07,1.15944474957854e-05,6.92930393638982e-08,0.000252279626427354,3.52427164549495e-09,1.2830932286847e-05,-1.82481932436365e-07,0.000279162834453921
61644.5870266023,-2.52461137500747e-07,1.15146030469595e-05,6.83418671620041e-08,0.000250542069410194,3.47589426492236e-09,1.27425603024356e-05,-1.79976945181878e-07,0.000277240134970593
62072.1013866976,-2.48995551801385e-07,1.14353082926422e-05,6.74037510266582e-08,0.000248816479830005,3.42818093679292e-09,1.26547969786777e-05,-1.77506344645442e-07,0.000275330677815
62502.5806223305,-2.45577538475169e-07,1.135655945149e-05,6.64785117598782e-08,0.000247102775258035,3.38112254652592e-09,1.25676381233109e-05,-1.75069658791127e-07,0.00027343437178299
62936.0452953524,-2.42206444504064e-07,1.12783527681084e-05,6.55659726228576e-08,0.000245400873833343,3.33471010462992e-09,1.24810795729506e-05,-1.72666422062743e-07,0.000271551126298554
63372.5161102152,-2.38881625833584e-07,1.12006845128747e-05,6.46659593022263e-08,0.000243710694258881,3.28893474498633e-09,1.23951171928905e-05,-1.70296175294895e-07,0.000269680851409492
63812.0139149584,-2.35602447249766e-07,1.1123550981763e-05,6.37782998767761e-08,0.000242032155797617,3.2437877231567e-09,1.23097468769053e-05,-1.67958465625252e-07,0.000267823457783131
64254.5597022062,-2.32368282257825e-07,1.10469484961693e-05,6.29028247846413e-08,0.000240365178268668,3.19926041471307e-09,1.22249645470542e-05,-1.65652846408025e-07,0.000265978856702042
64700.1746101695,-2.29178512962487e-07,1.09708734027388e-05,6.20393667909303e-08,0.000238709682043472,3.15534431359137e-09,1.21407661534865e-05,-1.63378877128635e-07,0.000264146960059818
65148.8799236562,-2.2603252994995e-07,1.08953220731928e-05,6.11877609557991e-08,0.00023706558804198,3.11203103046723e-09,1.20571476742474e-05,-1.61136123319545e-07,0.000262327680356854
65600.697075087,-2.22929732171478e-07,1.0820290904159e-05,6.03478446029657e-08,0.000235432817728881,3.06931229115424e-09,1.19741051150865e-05,-1.58924156477254e-07,0.000260520930696177
66055.6476455202,-2.19869526828579e-07,1.07457763170005e-05,5.95194572886524e-08,0.000233811293109841,3.02717993502404e-09,1.18916345092664e-05,-1.56742553980425e-07,0.000258726624779289
66513.7533656814,-2.16851329259776e-07,1.06717747576481e-05,5.8702440770958e-08,0.000232200936727784,2.9856259134482e-09,1.18097319173734e-05,-1.54590899009147e-07,0.000256944676902051
66975.0361170023,-2.13874562828911e-07,1.05982826964319e-05,5.78966389796463e-08,0.000230601671659182,2.9446422882613e-09,1.1728393427129e-05,-1.52468780465286e-07,0.000255175001950584
67439.5179326655,-2.10938658815e-07,1.05252966279155e-05,5.71018979863518e-08,0.000229013421510387,2.90422123024534e-09,1.16476151532034e-05,-1.50375792893953e-07,0.000253417515397209
67907.2209986571,-2.08043056303591e-07,1.04528130707303e-05,5.63180659751916e-08,0.00022743611041397,2.86435501763468e-09,1.15673932370291e-05,-1.48311536406033e-07,0.000251672133296408
68378.167654826,-2.05187202079615e-07,1.03808285674116e-05,5.55449932137826e-08,0.000225869663025107,2.82503603464166e-09,1.14877238466176e-05,-1.46275616601784e-07,0.000249938772280815
68852.3803959518,-2.02370550521704e-07,1.0309339684235e-05,5.4782532024654e-08,0.000224314004517967,2.78625677000235e-09,1.14086031763749e-05,-1.4426764449548e-07,0.00024821734955723
69329.8818728181,-1.99592563497965e-07,1.02383430110548e-05,5.40305367570537e-08,0.000222769060582145,2.74800981554233e-09,1.13300274469211e-05,-1.42287236441099e-07,0.000246507782902675
69810.6948932956,-1.96852710263183e-07,1.0167835161143e-05,5.32888637591395e-08,0.000221234757419103,2.71028786476204e-09,1.12519929049086e-05,-1.40334014059017e-07,0.000244809990660454
70294.8424234306,-1.9415046735743e-07,1.00978127710292e-05,5.2557371350554e-08,0.000219711021738651,2.67308371144163e-09,1.11744958228434e-05,-1.38407604163722e-07,0.000243123891736266
70782.3475885425,-1.91485318506072e-07,1.00282725003422e-05,5.18359197953725e-08,0.000218197780755436,2.63639024826487e-09,1.10975324989069e-05,-1.36507638692507e-07,0.000241449405594319
71273.2336743282,-1.88856754521144e-07,9.95921103165175e-06,5.11243712754253e-08,0.000216694962185473,2.60020046546204e-09,1.10210992567787e-05,-1.34633754635153e-07,0.000239786452253497
71767.5241279742,-1.86264273204081e-07,9.89062507031236e-06,5.04225898639833e-08,0.000215202494242682,2.56450744947129e-09,1.09451924454615e-05,-1.32785593964573e-07,0.000238134952283527
72265.2425592773,-1.8370737924978e-07,9.82251134430743e-06,4.97304414998053e-08,0.000213720305635462,2.52930438161845e-09,1.0869808439106e-05,-1.30962803568402e-07,0.000236494826801194
72766.4127417709,-1.81185584151988e-07,9.75486660409478e-06,4.90477939615425e-08,0.000212248325563285,2.49458453681501e-09,1.0794943636838e-05,-1.2916503518154e-07,0.000234865997466571
73271.058613862,-1.78698406109972e-07,9.68768762245304e-06,4.83745168424912e-08,0.000210786483713309,2.46034128227381e-09,1.07205944625864e-05,-1.27391945319606e-07,0.000233248386479278
73779.2042799737,-1.76245369936491e-07,9.62097119432924e-06,4.77104815256952e-08,0.000209334710257021,2.4265680762425e-09,1.06467573649121e-05,-1.25643195213317e-07,0.000231641916574763
74290.8740116972,-1.73826006967011e-07,9.55471413668721e-06,4.70555611593866e-08,0.000207892935846898,2.3932584667542e-09,1.05734288168385e-05,-1.23918450743759e-07,0.000230046511020616
74806.0922489501,-1.71439854970183e-07,9.4889132883573e-06,4.64096306327657e-08,0.000206461091613096,2.36040609039555e-09,1.05006053156827e-05,-1.22217382378555e-07,0.000228462093612902
75324.8836011454,-1.69086458059532e-07,9.42356550988673e-06,4.57725665521116e-08,0.000205039109160154,2.32800467109135e-09,1.04282833828885e-05,-1.20539665108899e-07,0.000226888588672521
75847.2728483651,-1.66765366606377e-07,9.35866768339133e-06,4.51442472172216e-08,0.000203626920563732,2.29604801890618e-09,1.035645956386e-05,-1.18884978387467e-07,0.000225325921041596
76373.2849425456,-1.64476137153932e-07,9.29421671240794e-06,4.45245525981725e-08,0.000202224458367358,2.26453002886218e-09,1.02851304277963e-05,-1.17253006067168e-07,0.000223774016079878
76902.9450086679,-1.6221833233259e-07,9.23020952174813e-06,4.39133643124023e-08,0.000200831655579212,2.2334446797733e-09,1.02142925675279e-05,-1.15643436340745e-07,0.000222232799661188
77436.2783459591,-1.59991520776372e-07,9.16664305735258e-06,4.33105656021043e-08,0.000199448445668918,2.20278603309535e-09,1.0143942599354e-05,-1.14055961681195e-07,0.000220702198169872
77973.3104290997,-1.57795277040523e-07,9.1035142861467e-06,4.27160413119333e-08,0.000198074762564371,2.17254823179192e-09,1.00740771628805e-05,-1.12490278783024e-07,0.000219182138497287
78514.0669094413,-1.55629181520233e-07,9.04082019589708e-06,4.21296778670155e-08,0.000196710540648573,2.14272549921584e-09,1.00046929208593e-05,-1.10946088504286e-07,0.000217672548038306
79058.5736162311,-1.5349282037048e-07,8.97855779506898e-06,4.15513632512625e-08,0.000195355714756506,2.11331213800601e-09,9.93578655902944e-06,-1.09423095809438e-07,0.000216173354687856
79606.8565578463,-1.5138578542697e-07,8.91672411268467e-06,4.09809869859799e-08,0.000194010220172008,2.08430252899928e-09,9.86735478595827e-06,-1.07921009712964e-07,0.000214684486837467
80158.9419230357,-1.49307674128164e-07,8.85531619818295e-06,4.04184401087718e-08,0.000192673992624691,2.05569113015738e-09,9.79939433288434e-06,-1.06439543223784e-07,0.00021320587337186
80714.8560821713,-1.47258089438373e-07,8.79433112127931e-06,3.98636151527333e-08,0.000191346968286861,2.02747247550845e-09,9.73190195356115e-06,-1.04978413290421e-07,0.000211737443665543
81274.6255885071,-1.45236639771911e-07,8.73376597182734e-06,3.93164061259294e-08,0.000190029083770473,1.9996411741032e-09,9.66487442410214e-06,-1.03537340746918e-07,0.000210279127579441
81838.2771794484,-1.43242938918282e-07,8.67361785968081e-06,3.87767084911533e-08,0.000188720276124103,1.9721919089853e-09,9.59830854282653e-06,-1.02116050259506e-07,0.000208830855457548
82405.8377778279,-1.41276605968409e-07,8.61388391455692e-06,3.8244419145966e-08,0.000187420482829935,1.94511943617598e-09,9.53220113010652e-06,-1.00714270273994e-07,0.000207392558123595
82977.3344931927,-1.39337265241855e-07,8.55456128590024e-06,3.77194364030056e-08,0.000186129641800779,1.91841858367248e-09,9.46654902821515e-06,-9.93317329638867e-08,0.000205964166877752
83552.7946230977,-1.37424546215064e-07,8.49564714274783e-06,3.72016599705704e-08,0.000184847691377102,1.89208425046029e-09,9.40134910117564e-06,-9.79681741792183e-08,0.000204545613493342
84132.2456544116,-1.35538083450568e-07,8.43713867359496e-06,3.66909909334651e-08,0.00018357457032408,1.86611140553893e-09,9.33659823461137e-06,-9.66233333960776e-08,0.000203136830213584
84715.7152646274,-1.33677516527181e-07,8.37903308626208e-06,3.61873317341126e-08,0.000182310217828677,1.84049508696113e-09,9.27229333559724e-06,-9.52969536668369e-08,0.000201737749748357
85303.2313231867,-1.31842489971137e-07,8.32132760776236e-06,3.56905861539225e-08,0.000181054573496732,1.81523040088508e-09,9.20843133251174e-06,-9.39887815710568e-08,0.000200348305270987
85894.8218928089,-1.30032653188189e-07,8.2640194841704e-06,3.52006592949179e-08,0.000179807577350081,1.79031252063987e-09,9.14500917489038e-06,-9.26985671670703e-08,0.000198968430415054
86490.5152308334,-1.28247660396626e-07,8.20710598049165e-06,3.47174575616105e-08,0.000178569169823686,1.76573668580355e-09,9.08202383327971e-06,-9.14260639442264e-08,0.000197598059271221
87090.3397905676,-1.26487170561214e-07,8.15058438053281e-06,3.42408886431288e-08,0.000177339291762792,1.74149820129399e-09,9.01947229909281e-06,-9.01710287757943e-08,0.000196237126384089
87694.3242226474,-1.2475084732805e-07,8.094451986773e-06,3.37708614955875e-08,0.000176117884420096,1.71759243647213e-09,8.95735158446535e-06,-8.89332218725091e-08,0.000194885566749067
88302.4973764047,-1.23038358960297e-07,8.038706120236e-06,3.33072863247014e-08,0.000174904889452947,1.69401482425761e-09,8.89565872211302e-06,-8.77124067367599e-08,0.000193543315809271
88914.8883012464,-1.21349378274817e-07,7.98334412036307e-06,3.28500745686363e-08,0.000173700248920551,1.67076086025642e-09,8.83439076518957e-06,-8.65083501174027e-08,0.000192210309452439
89531.5262480405,-1.19683582579658e-07,7.92836334488697e-06,3.23991388810966e-08,0.000172503905281208,1.64782610190064e-09,8.7735447871462e-06,-8.53208219651975e-08,0.000190886484007869
90152.440670515,-1.1804065361241e-07,7.87376116970647e-06,3.19543931146429e-08,0.000171315801389561,1.62520616759989e-09,8.71311788159158e-06,-8.41495953888525e-08,0.000189571776243376
90777.661226663,-1.16420277479405e-07,7.81953498876205e-06,3.15157523042412e-08,0.000170135880493862,1.60289673590451e-09,8.65310716215313e-06,-8.29944466116768e-08,0.000188266123362275
91407.217780161,-1.14822144595746e-07,7.76568221391218e-06,3.10831326510345e-08,0.000168964086233268,1.58089354468013e-09,8.59350976233897e-06,-8.18551549288232e-08,0.00018696946300038
92041.1404017939,-1.13245949626166e-07,7.71220027481062e-06,3.06564515063404e-08,0.000167800362635141,1.55919239029364e-09,8.53432283540114e-06,-8.07315026651227e-08,0.000185681733223025
92679.4593708925,-1.11691391426697e-07,7.6590866187844e-06,3.02356273558655e-08,0.000166644654112377,1.53778912681028e-09,8.4755435541994e-06,-7.9623275133493e-08,0.000184402872522108
93322.2051767786,-1.10158172987133e-07,7.60633871071282e-06,2.98205798041385e-08,0.00016549690546075,1.51667966520181e-09,8.41716911106637e-06,-7.85302605939228e-08,0.000183132819813149
93969.4085202226,-1.08646001374295e-07,7.55395403290701e-06,2.94112295591547e-08,0.000164357061856274,1.49585997256541e-09,8.35919671767317e-06,-7.74522502130141e-08,0.000181871514432377
94621.1003149089,-1.07154587676063e-07,7.5019300849906e-06,2.9007498417234e-08,0.000163225068852583,1.47532607135351e-09,8.30162360489642e-06,-7.6389038024085e-08,0.00018061889613383
95277.3116889132,-1.05683646946183e-07,7.45026438378092e-06,2.86093092480831e-08,0.00016210087237833,1.45507403861398e-09,8.24444702268573e-06,-7.53404208878154e-08,0.000179374905086479
95938.0739861886,-1.04232898149832e-07,7.39895446317128e-06,2.82165859800665e-08,0.000160984418734604,1.43510000524086e-09,8.18766423993252e-06,-7.43061984534369e-08,0.000178139481871368
96603.4187680637,-1.02802064109921e-07,7.34799787401376e-06,2.7829253585676e-08,0.000159875654592365,1.41540015523536e-09,8.13127254433937e-06,-7.32861731204521e-08,0.000176912567478779
97273.3778147489,-1.01390871454151e-07,7.29739218400308e-06,2.74472380672028e-08,0.000158774526989894,1.39597072497698e-09,8.07526924229055e-06,-7.22801500008828e-08,0.000175694103305409
97947.983126856,-9.99990505627785e-08,7.24713497756103e-06,2.7070466442603e-08,0.000157680983330263,1.37680800250462e-09,8.01965165872325e-06,-7.12879368820326e-08,0.000174484031151578
98627.2669269249,-9.86263355171116e-08,7.19722385572183e-06,2.669886673156e-08,0.000156594971378826,1.35790832680758e-09,7.96441713699987e-06,-7.03093441897646e-08,0.000173282293218441
99311.2616609643,-9.72724640487038e-08,7.1476564360182e-06,2.63323679417359e-08,0.000155516439260716,1.3392680871263e-09,7.909563038781e-06,-6.93441849522794e-08,0.000172088832105234
100000,-9.59371774892512e-08,7.09843035236824e-06,2.59709000552132e-08,0.000154445335458375,1.32088372226266e-09,7.85508674389947e-06,-6.83922747643941e-08,0.00017090359080653
