Frequency_Hz,Y11_Real,Y11_Imag,Y12_Real,Y12_Imag,Y21_Real,Y21_Imag,Y22_Real,Y22_Imag
0.1,0.291315925522836,-0.00221166138794112,-0.373670728643164,0.000348656091011195,-0.110508061078642,0.000348601045380239,-0.351745029101992,-5.24126933819785e-05
0.100693514841637,0.291315963539443,-0.00222701752303177,-0.373670911499021,0.000351083126692186,-0.110508177539433,0.000351026931039088,-0.351745701997602,-5.27429172862449e-05
0.10139183931163,0.291316002049099,-0.00224248052856353,-0.373671096886119,0.000353527183105626,-0.110508295608326,0.000353469813448858,-0.35174638421551,-5.30747364357841e-05
0.102095006765465,0.291316041057661,-0.00225805115343764,-0.373671284839302,0.000355988382221825,-0.110508415307345,0.000355929814081335,-0.351747075884256,-5.34081474062517e-05
0.102803050789954,0.291316080571041,-0.00227373015190831,-0.373671475393892,0.000358466846938311,-0.110508536658811,0.000358407055325218,-0.351747777134138,-5.37431464484733e-05
0.103516005204838,0.291316120595203,-0.00228951828362307,-0.373671668585687,0.000360962701087921,-0.110508659685344,0.000360901660493994,-0.351748488097231,-5.40797294800548e-05
0.104233904064403,0.291316161136166,-0.0023054163136635,-0.373671864450975,0.000363476069447001,-0.110508784409869,0.000363413753833921,-0.35174920890741,-5.44178920766844e-05
0.104956781659108,0.291316202200001,-0.00232142501258623,-0.373672063026537,0.000366007077743685,-0.11050891085562,0.000365943460532098,-0.351749939700382,-5.47576294632375e-05
0.105684672517218,0.291316243792834,-0.0023375451564644,-0.373672264349654,0.000368555852666271,-0.110509039046142,0.000368490906724598,-0.351750680613701,-5.50989365048077e-05
0.106417611406461,0.291316285920843,-0.00235377752692936,-0.373672468458112,0.000371122521871674,-0.110509169005297,0.000371056219504708,-0.351751431786799,-5.54418076974539e-05
0.10715563333568,0.29131632859026,-0.00237012291121282,-0.373672675390212,0.000373707213994007,-0.110509300757268,0.000373639526931274,-0.351752193361007,-5.57862371587323e-05
0.107898773556513,0.29131637180737,-0.00238658210218936,-0.373672885184776,0.00037631005865324,-0.110509434326561,0.000376240958037114,-0.351752965479584,-5.61322186180338e-05
0.108647067565072,0.291316415578509,-0.00240315589841917,-0.37367309788115,0.000378931186463951,-0.110509569738012,0.00037886064283753,-0.351753748287741,-5.64797454067796e-05
0.109400551103639,0.291316459910069,-0.00241984510419138,-0.373673313519217,0.000381570729044174,-0.110509707016789,0.000381498712338916,-0.351754541932664,-5.6828810448304e-05
0.110159260162376,0.291316504808491,-0.0024366505295676,-0.373673532139399,0.00038422881902438,-0.110509846188397,0.000384155298547473,-0.351755346563546,-5.71794062475921e-05
0.11092323098104,0.291316550280269,-0.00245357299042586,-0.373673753782666,0.000386905590056517,-0.110509987278685,0.000386830534478002,-0.351756162331611,-5.75315248807287e-05
0.111692500050717,0.29131659633195,-0.00247061330850502,-0.373673978490545,0.000389601176823193,-0.110510130313844,0.000389524554162814,-0.351756989390139,-5.78851579841923e-05
0.112467104115564,0.291316642970131,-0.00248777231144947,-0.373674206305124,0.000392315715046926,-0.110510275320418,0.000392237492660727,-0.351757827894496,-5.8240296743832e-05
0.113247080174565,0.291316690201461,-0.00250505083285426,-0.373674437269064,0.000395049341499533,-0.110510422325306,0.00039496948606616,-0.351758678002162,-5.85969318837205e-05
0.114032465483296,0.291316738032638,-0.00252244971231063,-0.373674671425599,0.000397802194011613,-0.110510571355764,0.000397720671518359,-0.351759539872756,-5.89550536546322e-05
0.114823297555707,0.291316786470412,-0.00253996979545194,-0.373674908818552,0.000400574411482152,-0.110510722439414,0.000400491187210697,-0.351760413668067,-5.93146518223509e-05
0.115619614165913,0.291316835521581,-0.00255761193399999,-0.373675149492338,0.000403366133888208,-0.110510875604247,0.000403281172400087,-0.351761299552083,-5.96757156557555e-05
0.116421453349997,0.291316885192994,-0.00257537698581173,-0.373675393491972,0.000406177502294755,-0.110511030878625,0.000406090767416508,-0.351762197691018,-6.00382339145528e-05
0.117228853407829,0.291316935491547,-0.00259326581492642,-0.373675640863077,0.000409008658864597,-0.110511188291289,0.000408920113672646,-0.351763108253342,-6.04021948368422e-05
0.118041852904894,0.291316986424184,-0.00261127929161325,-0.373675891651895,0.000411859746868444,-0.110511347871365,0.000411769353673635,-0.351764031409814,-6.07675861263174e-05
0.118860490674132,0.291317037997897,-0.00262941829241922,-0.373676145905289,0.000414730910695068,-0.110511509648363,0.000414638631026911,-0.351764967333508,-6.11343949393113e-05
0.1196848058178,0.291317090219723,-0.00264768370021762,-0.373676403670759,0.000417622295861597,-0.110511673652188,0.000417528090452183,-0.351765916199843,-6.15026078714317e-05
0.120514837709331,0.291317143096748,-0.00266607640425685,-0.373676664996441,0.00042053404902393,-0.110511839913142,0.000420437877791519,-0.351766878186621,-6.18722109440237e-05
0.12135062599522,0.291317196636101,-0.00268459730020971,-0.373676929931125,0.000423466317987274,-0.110512008461929,0.00042336814001956,-0.351767853474049,-6.22431895902706e-05
0.122192210596917,0.291317250844954,-0.00270324729022313,-0.373677198524257,0.000426419251716809,-0.110512179329661,0.000426319025253827,-0.351768842244778,-6.26155286410461e-05
0.123039631712731,0.291317305730524,-0.00272202728296823,-0.373677470825949,0.000429393000348483,-0.110512352547864,0.000429290682765178,-0.35176984468393,-6.29892123103874e-05
0.123892929819754,0.291317361300071,-0.00274093819369108,-0.373677746886988,0.000432387715199912,-0.110512528148479,0.000432283262988367,-0.351770860979137,-6.33642241807744e-05
0.124752145675793,0.291317417560895,-0.00275998094426369,-0.373678026758846,0.000435403548781472,-0.110512706163873,0.000435296917532746,-0.351771891320564,-6.37405471879716e-05
0.125617320321316,0.291317474520335,-0.0027791564632355,-0.373678310493688,0.000438440654807436,-0.11051288662684,0.000438331799193065,-0.351772935900954,-6.41181636056587e-05
0.126488495081411,0.291317532185773,-0.00279846568588547,-0.373678598144378,0.000441499188207338,-0.110513069570608,0.000441388061960439,-0.351773994915651,-6.44970550296442e-05
0.127365711567764,0.291317590564626,-0.00281790955427443,-0.373678889764494,0.000444579305137408,-0.110513255028845,0.000444465861033405,-0.351775068562641,-6.48772023617884e-05
0.128249011680643,0.291317649664348,-0.00283748901729811,-0.373679185408334,0.000447681162992178,-0.110513443035662,0.000447565352829144,-0.351776157042585,-6.52585857935928e-05
0.129138437610901,0.29131770949243,-0.0028572050307405,-0.373679485130922,0.00045080492041622,-0.110513633625623,0.000450686694994816,-0.351777260558854,-6.56411847894077e-05
0.130034031841991,0.291317770056395,-0.0028770585573278,-0.373679788988025,0.000453950737316032,-0.110513826833746,0.000453830046419044,-0.351778379317561,-6.6024978069304e-05
0.130935837151994,0.2913178313638,-0.00289705056678278,-0.373680097036156,0.000457118774872069,-0.110514022695509,0.000456995567243525,-0.351779513527602,-6.64099435915902e-05
0.131843896615665,0.291317893422233,-0.00291718203587966,-0.373680409332586,0.000460309195550924,-0.110514221246861,0.000460183418874788,-0.351780663400691,-6.67960585349452e-05
0.132758253606487,0.291317956239311,-0.00293745394849958,-0.373680725935354,0.000463522163117652,-0.110514422524221,0.000463393763996101,-0.351781829151393,-6.7183299280172e-05
0.133678951798747,0.291318019822679,-0.0029578672956864,-0.373681046903278,0.000466757842648263,-0.110514626564488,0.0004666267665795,-0.351783010997165,-6.75716413915846e-05
0.134606035169616,0.291318084180008,-0.00297842307570323,-0.373681372295963,0.000470016400542336,-0.110514833405045,0.000469882591897994,-0.351784209158393,-6.79610595979603e-05
0.135539548001256,0.291318149318994,-0.00299912229408928,-0.37368170217381,0.000473298004535856,-0.110515043083767,0.000473161406537893,-0.351785423858429,-6.83515277731805e-05
0.136479534882933,0.291318215247354,-0.00301996596371736,-0.373682036598029,0.000476602823714129,-0.110515255639023,0.000476463378411312,-0.351786655323631,-6.87430189163091e-05
0.137426040713143,0.291318281972827,-0.00304095510485187,-0.37368237563065,0.000479931028524914,-0.110515471109688,0.00047978867676879,-0.351787903783398,-6.91355051314589e-05
0.138379110701763,0.291318349503167,-0.00306209074520737,-0.37368271933453,0.000483282790791722,-0.110515689535144,0.000483137472212119,-0.351789169470215,-6.95289576070346e-05
0.139338790372205,0.291318417846149,-0.00308337392000758,-0.373683067773367,0.000486658283727238,-0.110515910955288,0.000486509936707283,-0.35179045261969,-6.99233465946761e-05
0.140305125563594,0.291318487009557,-0.00310480567204507,-0.373683421011706,0.000490057681946962,-0.110516135410538,0.000489906243597579,-0.351791753470595,-7.03186413876823e-05
0.141278162432955,0.291318557001189,-0.00312638705174144,-0.373683779114955,0.000493481161483011,-0.110516362941842,0.000493326567616894,-0.351793072264903,-7.07148102990357e-05
0.14225794745742,0.291318627828852,-0.00314811911720803,-0.373684142149396,0.00049692889979805,-0.110516593590679,0.000496771084903167,-0.351794409247837,-7.11118206389548e-05
0.143244527436446,0.291318699500358,-0.0031700029343073,-0.37368451018219,0.000500401075799482,-0.110516827399071,0.000500239973011982,-0.351795764667906,-7.15096386919509e-05
0.14423794949405,0.291318772023522,-0.00319203957671464,-0.373684883281394,0.000503897869853751,-0.110517064409584,0.000503733410930369,-0.351797138776948,-7.19082296934022e-05
0.145238261081064,0.291318845406163,-0.00321423012598092,-0.373685261515972,0.000507419463800863,-0.110517304665342,0.000507251579090755,-0.351798531830174,-7.2307557805705e-05
0.146245509977397,0.291318919656094,-0.00323657567159548,-0.373685644955802,0.000510966040969079,-0.110517548210024,0.000510794659385089,-0.351799944086211,-7.27075860938488e-05
0.147259744294318,0.291318994781126,-0.00325907731104986,-0.373686033671693,0.000514537786189799,-0.11051779508788,0.000514362835179171,-0.351801375807146,-7.31082765005504e-05
0.148281012476756,0.29131907078906,-0.00328173614990202,-0.373686427735392,0.000518134885812653,-0.110518045343732,0.000517956291327131,-0.351802827258571,-7.35095898208166e-05
0.149309363305612,0.291319147687684,-0.00330455330184119,-0.373686827219601,0.000521757527720772,-0.110518299022982,0.00052157521418611,-0.351804298709624,-7.39114856759641e-05
0.150344845900091,0.291319225484774,-0.00332752988875341,-0.373687232197984,0.000525405901346256,-0.11051855617162,0.000525219791631123,-0.351805790433039,-7.43139224872458e-05
0.151387509720044,0.291319304188086,-0.00335066704078761,-0.373687642745182,0.000529080197685849,-0.110518816836232,0.000528890213070118,-0.351807302705189,-7.47168574486735e-05
0.152437404568337,0.291319383805352,-0.0033739658964223,-0.373688058936824,0.000532780609316828,-0.110519081064002,0.000532586669459205,-0.351808835806135,-7.51202464995548e-05
0.153494580593225,0.29131946434428,-0.00339742760253307,-0.37368848084954,0.000536507330413077,-0.110519348902724,0.000536309353318117,-0.351810390019669,-7.55240442962581e-05
0.154559088290748,0.291319545812547,-0.00342105331446048,-0.373688908560975,0.000540260556761381,-0.110519620400809,0.000540058458745826,-0.351811965633364,-7.59282041835133e-05
0.155630978507143,0.291319628217795,-0.0034448441960788,-0.373689342149797,0.000544040485777968,-0.110519895607289,0.00054383418143641,-0.351813562938622,-7.63326781650052e-05
0.156710302441275,0.29131971156763,-0.00346880141986537,-0.373689781695715,0.000547847316525202,-0.110520174571827,0.000547636718695075,-0.351815182230723,-7.6737416873543e-05
0.15779711164708,0.29131979586961,-0.00349292616697049,-0.373690227279489,0.000551681249728547,-0.110520457344722,0.000551466269454418,-0.351816823808871,-7.71423695403901e-05
0.158891458036027,0.291319881131251,-0.00351721962728825,-0.373690678982944,0.000555542487793744,-0.110520743976919,0.000555323034290891,-0.351818487976247,-7.75474839641126e-05
0.159993393879601,0.291319967360012,-0.00354168299952777,-0.373691136888983,0.00055943123482421,-0.110521034520016,0.000559207215441475,-0.351820175040058,-7.79527064788225e-05
0.161102971811794,0.291320054563296,-0.00356631749128527,-0.373691601081601,0.000563347696638678,-0.11052132902627,0.000563119016820574,-0.351821885311585,-7.83579819215903e-05
0.162220244831628,0.291320142748443,-0.00359112431911687,-0.373692071645897,0.000567292080789041,-0.110521627548604,0.000567058644037137,-0.351823619106239,-7.87632535993316e-05
0.163345266305675,0.291320231922727,-0.003616104708612,-0.373692548668089,0.000571264596578497,-0.110521930140619,0.00057102630441199,-0.351825376743612,-7.91684632550083e-05
0.164478089970617,0.291320322093345,-0.00364125989446755,-0.373693032235526,0.000575265455079851,-0.110522236856595,0.000575022206995406,-0.351827158547523,-7.95735510331075e-05
0.165618769935804,0.291320413267417,-0.00366659112056285,-0.373693522436706,0.000579294869154161,-0.110522547751507,0.000579046562584907,-0.351828964846081,-7.99784554443572e-05
0.166767360685846,0.291320505451977,-0.00369209964003515,-0.373694019361283,0.000583353053469541,-0.110522862881024,0.000583099583743291,-0.351830795971729,-8.03831133298141e-05
0.167923917083208,0.291320598653969,-0.00371778671535613,-0.37369452310009,0.00058744022452027,-0.110523182301525,0.000587181484816906,-0.351832652261307,-8.07874598242192e-05
0.169088494370839,0.291320692880235,-0.0037436536184089,-0.373695033745146,0.000591556600646156,-0.1105235060701,0.000591292481954156,-0.351834534056097,-8.11914283185555e-05
0.170261148174801,0.291320788137518,-0.00376970163056595,-0.373695551389674,0.000595702402052155,-0.110523834244564,0.00059543279312428,-0.351836441701889,-8.15949504217942e-05
0.171441934506935,0.291320884432447,-0.0037959320427677,-0.373696076128115,0.000599877850828228,-0.110524166883461,0.000599602638136328,-0.351838375549026,-8.19979559220155e-05
0.172630909767531,0.291320981771531,-0.00382234615560198,-0.373696608056143,0.000604083170969532,-0.110524504046073,0.000603802238658452,-0.35184033595247,-8.240037274658e-05
0.173828130748022,0.291321080161158,-0.00384894527938414,-0.373697147270679,0.000608318588396805,-0.11052484579243,0.000608031818237401,-0.351842323271852,-8.28021269216606e-05
0.1750336546337,0.291321179607578,-0.00387573073423811,-0.373697693869907,0.000612584330977108,-0.110525192183316,0.000612291602318318,-0.351844337871534,-8.32031425307064e-05
0.176247539006444,0.291321280116904,-0.00390270385017814,-0.373698247953291,0.000616880628544781,-0.110525543280279,0.000616581818264769,-0.351846380120665,-8.36033416723933e-05
0.177469841847474,0.291321381695098,-0.00392986596719137,-0.373698809621584,0.000621207712922732,-0.110525899145638,0.000620902695379064,-0.351848450393242,-8.4002644417415e-05
0.178700621540116,0.291321484347963,-0.00395721843532127,-0.373699378976853,0.000625565817944002,-0.110526259842493,0.000625254464922842,-0.351850549068165,-8.44009687645877e-05
0.179939936872594,0.29132158808114,-0.00398476261475186,-0.373699956122485,0.000629955179473618,-0.110526625434731,0.000629637360137926,-0.351852676529304,-8.47982305960185e-05
0.181187847040838,0.291321692900092,-0.00401249987589279,-0.373700541163212,0.000634376035430751,-0.110526995987037,0.000634051616267482,-0.351854833165553,-8.51943436313493e-05
0.182444411651309,0.291321798810098,-0.00404043159946527,-0.373701134205119,0.000638828625811202,-0.110527371564903,0.000638497470577448,-0.351857019370895,-8.5589219381059e-05
0.183709690723849,0.291321905816246,-0.00406855917658881,-0.373701735355666,0.000643313192710146,-0.110527752234633,0.000642975162378231,-0.351859235544463,-8.59827670990146e-05
0.184983744694544,0.291322013923417,-0.00409688400886894,-0.373702344723699,0.000647829980345236,-0.110528138063356,0.000647484933046756,-0.351861482090604,-8.63748937337191e-05
0.186266634418617,0.29132212313628,-0.00412540750848561,-0.373702962419473,0.000652379235080023,-0.110528529119032,0.000652027026048759,-0.351863759418938,-8.67655038789342e-05
0.187558421173328,0.29132223345928,-0.00415413109828271,-0.373703588554662,0.000656961205447663,-0.110528925470461,0.000656601686961412,-0.351866067944428,-8.71544997230675e-05
0.188859166660905,0.291322344896627,-0.00418305621185829,-0.373704223242381,0.000661576142174998,-0.110529327187295,0.000661209163496245,-0.351868408087437,-8.75417809977283e-05
0.190168933011491,0.291322457452284,-0.00421218429365582,-0.3737048665972,0.000666224298206937,-0.11052973434004,0.0006658497055224,-0.351870780273802,-8.79272449250817e-05
0.191487782786108,0.291322571129957,-0.00424151679905626,-0.37370551873516,0.000670905928731197,-0.110530147000074,0.000670523565090161,-0.35187318493489,-8.83107861643015e-05
0.192815778979652,0.291322685933083,-0.00427105519447114,-0.373706179773794,0.000675621291203379,-0.11053056523965,0.000675230996454858,-0.351875622507673,-8.86922967568912e-05
0.194152985023894,0.291322801864815,-0.00430080095743656,-0.373706849832143,0.000680370645372401,-0.110530989131903,0.000679972256101077,-0.351878093434788,-8.90716660708057e-05
0.195499464790516,0.291322918928013,-0.00433075557670806,-0.37370752903077,0.00068515425330627,-0.110531418750867,0.000684747602767166,-0.35188059816461,-8.94487807438088e-05
0.196855282594159,0.29132303712523,-0.00436092055235653,-0.373708217491784,0.000689972379418235,-0.110531854171478,0.00068955729747015,-0.351883137151317,-8.98235246252349e-05
0.198220503195496,0.291323156458696,-0.0043912973958651,-0.373708915338851,0.00069482529049327,-0.110532295469584,0.000694401603530925,-0.35188571085496,-9.01957787169463e-05
0.199595191804325,0.291323276930308,-0.00442188763022688,-0.373709622697217,0.000699713255714999,-0.110532742721955,0.000699280786599839,-0.351888319741531,-9.05654211129925e-05
0.200979414082682,0.29132339854161,-0.00445269279004387,-0.373710339693726,0.000704636546692913,-0.110533196006292,0.000704195114682604,-0.351890964283037,-9.09323269380688e-05
0.202373236147981,0.291323521293785,-0.00448371442162672,-0.373711066456834,0.000709595437489994,-0.110533655401239,0.000709144858166563,-0.351893644957567,-9.12963682848933e-05
0.203776724576168,0.291323645187636,-0.00451495408309558,-0.373711803116632,0.000714590204650823,-0.110534120986387,0.00071413028984737,-0.351896362249363,-9.16574141500009e-05
0.205189946404906,0.291323770223569,-0.0045464133444819,-0.373712549804862,0.000719621127229883,-0.110534592842286,0.00071915168495594,-0.351899116648897,-9.2015330368761e-05
0.206612969136771,0.291323896401581,-0.00457809378783138,-0.373713306654938,0.000724688486820479,-0.110535071050457,0.000724209321185889,-0.351901908652937,-9.23699795487218e-05
0.208045860742482,0.291324023721237,-0.00460999700730785,-0.373714073801961,0.000729792567583907,-0.110535555693395,0.000729303478721265,-0.351904738764628,-9.27212210017972e-05
0.209488689664142,0.291324152181661,-0.00464212460929818,-0.373714851382744,0.000734933656279111,-0.110536046854585,0.000734434440264698,-0.351907607493556,-9.30689106751897e-05
0.210941524818514,0.29132428178151,-0.00467447821251844,-0.373715639535824,0.000740112042292742,-0.110536544618509,0.000739602491065965,-0.351910515355835,-9.34129010807666e-05
0.212404435600306,0.291324412518961,-0.00470705944812088,-0.373716438401488,0.000745328017669609,-0.110537049070652,0.000744807918950887,-0.351913462874171,-9.37530412233392e-05
0.21387749188549,0.291324544391691,-0.00473986995980225,-0.373717248121788,0.000750581877143625,-0.110537560297519,0.000750051014350711,-0.351916450577943,-9.40891765271873e-05
0.215360764034637,0.291324677396856,-0.00477291140391298,-0.373718068840563,0.000755873918169147,-0.110538078386635,0.000755332070331829,-0.351919479003282,-9.44211487614657e-05
0.21685432289628,0.291324811531073,-0.00480618544956769,-0.373718900703457,0.000761204440952753,-0.110538603426564,0.000760651382625966,-0.351922548693142,-9.47487959639531e-05
0.218358239810298,0.291324946790396,-0.0048396937787566,-0.373719743857941,0.000766573748485468,-0.110539135506911,0.000766009249660723,-0.351925660197382,-9.50719523635166e-05
0.21987258661132,0.291325083170301,-0.00487343808645827,-0.373720598453332,0.000771982146575492,-0.110539674718336,0.000771405972590633,-0.351928814072844,-9.53904483008278e-05
0.22139743563216,0.291325220665658,-0.00490742008075338,-0.373721464640812,0.000777429943881342,-0.110540221152561,0.000776841855328588,-0.351932010883431,-9.57041101476777e-05
0.222932859707273,0.291325359270711,-0.00494164148293969,-0.373722342573452,0.000782917451945486,-0.110540774902381,0.000782317204577707,-0.351935251200187,-9.60127602248201e-05
0.224478932176229,0.291325498979055,-0.00497610402764809,-0.373723232406226,0.000788444985228426,-0.110541336061673,0.000787832329863681,-0.351938535601378,-9.63162167180107e-05
0.22603572688722,0.29132563978361,-0.00501080946295999,-0.37372413429604,0.000794012861143313,-0.110541904725406,0.000793387543567556,-0.351941864672571,-9.66142935925896e-05
0.227603318200585,0.291325781676601,-0.00504575955052572,-0.373725048401746,0.000799621400091011,-0.110542480989649,0.000798983160958952,-0.351945239006716,-9.69068005063911e-05
0.229181780992365,0.291325924649527,-0.0050809560656843,-0.373725974884166,0.000805270925495675,-0.11054306495158,0.00080461950022979,-0.351948659204231,-9.71935427209261e-05
0.230771190657875,0.29132606869314,-0.00511640079758427,-0.373726913906112,0.000810961763840825,-0.110543656709501,0.000810296882528457,-0.351952125873081,-9.74743210109055e-05
0.23237162311531,0.291326213797415,-0.00515209554930583,-0.373727865632408,0.000816694244705944,-0.11054425636284,0.000816015631994452,-0.351955639628863,-9.77489315720365e-05
0.233983154809368,0.291326359951522,-0.0051880421379842,-0.373728830229911,0.000822468700803594,-0.110544864012163,0.000821776075793548,-0.351959201094888,-9.80171659269585e-05
0.235605862714901,0.291326507143801,-0.00522424239493415,-0.373729807867532,0.000828285468017,-0.110545479759186,0.00082757854415338,-0.351962810902268,-9.82788108295982e-05
0.237239824340596,0.291326655361729,-0.00526069816577606,-0.373730798716257,0.00083414488543831,-0.110546103706781,0.000833423370399627,-0.351966469690001,-9.85336481674343e-05
0.238885117732672,0.291326804591894,-0.00529741131056275,-0.373731802949171,0.00084004729540722,-0.110546735958988,0.000839310890992605,-0.351970178105052,-9.87814548621055e-05
0.240541821478611,0.291326954819959,-0.00533438370390815,-0.373732820741476,0.000845993043550273,-0.110547376621021,0.000845241445564435,-0.351973936802446,-9.9022002768033e-05
0.242210014710909,0.291327106030634,-0.00537161723511686,-0.373733852270518,0.000851982478820672,-0.11054802579928,0.000851215376956701,-0.351977746445348,-9.92550585691351e-05
0.24388977711086,0.291327258207642,-0.00540911380831518,-0.373734897715803,0.000858015953538639,-0.110548683601358,0.000857233031258656,-0.351981607705155,-9.94803836736266e-05
0.24558118891236,0.291327411333688,-0.00544687534258346,-0.373735957259026,0.000864093823432366,-0.110549350136052,0.000863294757845924,-0.351985521261582,-9.96977341068475e-05
0.247284330905736,0.291327565390417,-0.00548490377208974,-0.373737031084085,0.000870216447679576,-0.110550025513371,0.000869400909419808,-0.351989487802748,-9.99068604018716e-05
0.24899928444161,0.291327720358388,-0.00552320104622464,-0.37373811937711,0.000876384188949588,-0.110550709844545,0.000875551842047069,-0.351993508025269,-0.00010010750748838
0.250726131434783,0.291327876217031,-0.00556176912973782,-0.373739222326485,0.000882597413446056,-0.110551403242033,0.000881747915200322,-0.351997582634344,-0.000100299414579209
0.252464954368146,0.291328032944611,-0.0056006100028756,-0.373740340122865,0.000888856490950281,-0.110552105819535,0.000887989491798973,-0.352001712343846,-0.000100482315054849
0.254215836296621,0.29132819051819,-0.00563972566152002,-0.373741472959204,0.000895161794865127,-0.110552817691995,0.000894276938250715,-0.352005897876412,-0.00010065593634577
0.25597886085113,0.291328348913585,-0.00567911811732931,-0.373742621030778,0.000901513702259557,-0.110553538975614,0.000900610624493623,-0.352010139963531,-0.000100819999812624
0.257754112242586,0.291328508105333,-0.00571878939787969,-0.373743784535202,0.000907912593913819,-0.110554269787859,0.000906990924038825,-0.352014439345642,-0.000100974220624071
0.259541675265918,0.29132866806664,-0.0057587415468086,-0.373744963672459,0.000914358854365234,-0.110555010247469,0.000913418214013775,-0.352018796772217,-0.000101118307632424
0.261341635304121,0.291328828769347,-0.00579897662395941,-0.37374615864492,0.000920852871954665,-0.110555760474461,0.000919892875206099,-0.352023213001859,-0.000101251963247125
0.263154078332332,0.291328990183878,-0.00583949670552743,-0.373747369657368,0.000927395038873593,-0.110556520590144,0.000926415292108108,-0.35202768880239,-0.000101374883305479
0.26497909092194,0.291329152279201,-0.00588030388420742,-0.373748596917019,0.000933985751211902,-0.110557290717125,0.00093298585296186,-0.352032224950949,-0.000101486756941521
0.266816760244719,0.291329315022775,-0.00592140026934254,-0.37374984063355,0.000940625409006286,-0.110558070979312,0.000939604949804882,-0.352036822234079,-0.000101587266452055
0.268667174076992,0.291329478380507,-0.0059627879870748,-0.373751101019116,0.00094731441628939,-0.110558861501929,0.000946272978516545,-0.352041481447825,-0.000101676087160399
0.270530420803823,0.291329642316699,-0.00600446918049692,-0.373752378288378,0.000954053181139555,-0.110559662411519,0.000952990338865046,-0.352046203397824,-0.000101752887277692
0.27240658942324,0.291329806794002,-0.00604644600980555,-0.373753672658522,0.000960842115731362,-0.110560473835951,0.000959757434555019,-0.352050988899404,-0.000101817327761523
0.274295769550488,0.291329971773355,-0.00608872065245623,-0.373754984349289,0.000967681636386769,-0.110561295904431,0.000966574673275888,-0.352055838777672,-0.000101869062172022
0.276198051422303,0.291330137213943,-0.00613129530331966,-0.37375631358299,0.000974572163627053,-0.110562128747507,0.000973442466750777,-0.352060753867615,-0.000101907736525485
0.278113525901229,0.291330303073132,-0.00617417217483947,-0.373757660584536,0.000981514122225418,-0.110562972497072,0.000980361230786181,-0.352065735014188,-0.000101932989145036
0.280042284479955,0.291330469306418,-0.00621735349719163,-0.373759025581459,0.000988507941260349,-0.110563827286379,0.000987331385322272,-0.352070783072416,-0.000101944450508887
0.281984419285683,0.291330635867368,-0.00626084151844515,-0.373760408803934,0.000995554054169704,-0.110564693250038,0.000994353354483883,-0.352075898907484,-0.000101941743095753
0.283940023084533,0.29133080270756,-0.00630463850472455,-0.373761810484806,0.00100265289880554,-0.110565570524032,0.00100142756663224,-0.352081083394837,-0.000101924481227332
0.285909189285972,0.291330969776521,-0.00634874674037373,-0.373763230859609,0.00100980491748971,-0.110566459245714,0.00100855445441736,-0.352086337420269,-0.000101892270908219
0.287892011947275,0.291331137021665,-0.00639316852812139,-0.373764670166594,0.00101701055707025,-0.110567359553818,0.00101573445483117,-0.352091661880026,-0.000101844709662686
0.289888585778017,0.291331304388231,-0.00643790618924801,-0.373766128646748,0.00102427026897846,-0.110568271588463,0.00102296800926133,-0.352097057680897,-0.000101781386368863
0.291899006144599,0.291331471819212,-0.00648296206375438,-0.373767606543821,0.00103158450928683,-0.11056919549116,0.00103025556354585,-0.35210252574031,-0.000101701881089551
0.293923369074803,0.291331639255293,-0.00652833851053166,-0.373769104104348,0.00103895373876777,-0.110570131404813,0.00103759756802833,-0.352108066986433,-0.000101605764900446
0.295961771262377,0.291331806634774,-0.00657403790753316,-0.373770621577672,0.00104637842295307,-0.110571079473728,0.00104499447761411,-0.352113682358262,-0.000101492599714946
0.298014310071653,0.291331973893507,-0.0066200626519474,-0.373772159215968,0.00105385903219425,-0.110572039843616,0.001052446751827,-0.352119372805724,-0.000101361938106267
0.300081083542203,0.291332140964815,-0.006666415160373,-0.373773717274264,0.00106139604172364,-0.110573012661594,0.00105995485486686,-0.352125139289767,-0.000101213323125994
0.302162190393513,0.291332307779424,-0.00671309786899512,-0.373775296010468,0.00106898993171638,-0.110573998076194,0.00106751925566801,-0.35213098278246,-0.000101046288119765
0.304257730029708,0.291332474265377,-0.00676011323376334,-0.373776895685389,0.00107664118735318,-0.110574996237365,0.00107514042795828,-0.352136904267088,-0.000100860356539591
0.306367802544292,0.291332640347965,-0.00680746373057116,-0.37377851656276,0.00108435029888394,-0.110576007296471,0.00108281885031892,-0.352142904738243,-0.000100655041752926
0.308492508724934,0.291332805949638,-0.00685515185543738,-0.37378015890926,0.00109211776169229,-0.110577031406303,0.00109055500624535,-0.352148985201927,-0.000100429846848424
0.31063195005828,0.291332970989925,-0.00690318012468861,-0.37378182299454,0.00109994407636084,-0.110578068721072,0.00109834938420867,-0.35215514667564,-0.000100184264438266
0.312786228734801,0.291333135385347,-0.00695155107514378,-0.373783509091242,0.00110782974873749,-0.110579119396418,0.00110620247771788,-0.352161390188477,-9.99177764572298e-05
0.314955447653674,0.291333299049333,-0.00700026726429983,-0.373785217475024,0.00111577529000244,-0.110580183589408,0.00111411478538314,-0.352167716781224,-9.96298539580678e-05
0.317139710427697,0.291333461892125,-0.00704933127051962,-0.373786948424581,0.00112378121673625,-0.110581261458538,0.00112208681097962,-0.352174127506451,-9.93199569036401e-05
0.319339121388238,0.291333623820689,-0.00709874569322074,-0.37378870222167,0.00113184805098864,-0.110582353163736,0.0011301190635124,-0.352180623428603,-9.89875339551458e-05
0.321553785590219,0.291333784738623,-0.00714851315306634,-0.373790479151128,0.00113997632034828,-0.110583458866357,0.00113821205728201,-0.352187205624098,-9.86320222571974e-05
0.323783808817133,0.291333944546054,-0.00719863629215758,-0.373792279500899,0.00114816655801352,-0.110584578729188,0.00114636631195099,-0.352193875181416,-9.82528472187466e-05
0.326029297586097,0.291334103139542,-0.00724911777422739,-0.37379410356205,0.00115641930286398,-0.110585712916446,0.00115458235261118,-0.352200633201192,-9.78494222907758e-05
0.328290359152942,0.291334260411982,-0.00729996028483603,-0.373795951628799,0.00116473509953305,-0.110586861593777,0.00116286070985197,-0.352207480796307,-9.74211487397847e-05
0.330567101517332,0.291334416252493,-0.00735116653156831,-0.373797823998532,0.00117311449848142,-0.110588024928252,0.00117120191982936,-0.352214419091981,-9.69674154179395e-05
0.332859633427924,0.291334570546316,-0.00740273924423209,-0.373799720971825,0.00118155805607144,-0.11058920308837,0.00117960652433591,-0.35222144922586,-9.64875985289687e-05
0.335168064387565,0.291334723174701,-0.00745468117505872,-0.373801642852466,0.00119006633464255,-0.110590396244048,0.00118807507087159,-0.352228572348109,-9.59810613903322e-05
0.337492504658521,0.2913348740148,-0.00750699509890479,-0.373803589947475,0.00119863990258759,-0.110591604566626,0.00119660811271553,-0.352235789621495,-9.54471541916163e-05
0.339833065267741,0.291335022939547,-0.00755968381345565,-0.373805562567128,0.00120727933443006,-0.110592828228857,0.00120520620899867,-0.352243102221481,-9.48852137485912e-05
0.342189858012163,0.291335169817542,-0.00761275013943015,-0.373807561024969,0.00121598521090245,-0.110594067404906,0.00121386992477724,-0.352250511336309,-9.42945632533831e-05
0.344562995464054,0.291335314512932,-0.00766619692078748,-0.37380958563784,0.00122475811902546,-0.110595322270344,0.0012225998311073,-0.352258018167087,-9.36745120207055e-05
0.346952590976386,0.291335456885285,-0.00772002702493503,-0.373811636725892,0.00123359865218825,-0.110596593002141,0.00123139650512005,-0.352265623927871,-9.30243552296345e-05
0.349358758688252,0.291335596789466,-0.00777424334293799,-0.373813714612611,0.0012425074102297,-0.110597879778663,0.00124026053009819,-0.352273329845753,-9.2343373661527e-05
0.351781613530314,0.291335734075506,-0.0078288487897306,-0.373815819624834,0.00125148499952066,-0.110599182779661,0.00124919249555311,-0.35228113716094,-9.16308334333593e-05
0.354221271230298,0.291335868588468,-0.00788384630432865,-0.373817952092766,0.00126053203304718,-0.110600502186268,0.00125819299730308,-0.352289047126838,-9.08859857270683e-05
0.356677848318515,0.291336000168315,-0.00793923885004362,-0.373820112350002,0.00126964913049477,-0.110601838180984,0.00126726263755235,-0.352297061010127,-9.01080665144521e-05
0.359151462133436,0.291336128649767,-0.00799502941469831,-0.373822300733544,0.00127883691833377,-0.110603190947675,0.00127640202497126,-0.352305180090843,-8.92962962774912e-05
0.361642230827288,0.291336253862162,-0.00805122101084389,-0.373824517583815,0.00128809602990558,-0.110604560671557,0.00128561177477719,-0.352313405662457,-8.84498797247141e-05
0.364150273371703,0.291336375629307,-0.00810781667597837,-0.373826763244684,0.00129742710551013,-0.110605947539187,0.00129489250881659,-0.352321739031942,-8.75680055024419e-05
0.366675709563398,0.291336493769332,-0.00816481947276651,-0.373829038063473,0.00130683079249414,-0.110607351738454,0.00130424485564788,-0.352330181519856,-8.66498459021203e-05
0.369218660029898,0.291336608094535,-0.00822223248926131,-0.37383134239098,0.00131630774534075,-0.110608773458563,0.00131366945062541,-0.35233873446041,-8.56945565626405e-05
0.371779246235299,0.291336718411229,-0.0082800588391265,-0.373833676581493,0.00132585862575979,-0.110610212890023,0.00132316693598428,-0.352347399201536,-8.47012761683169e-05
0.374357590486067,0.291336824519576,-0.00833830166186069,-0.373836040992807,0.00133548410277957,-0.110611670224636,0.00133273796092621,-0.352356177104958,-8.36691261418693e-05
0.376953815936883,0.291336926213432,-0.00839696412302292,-0.373838435986235,0.00134518485283932,-0.110613145655476,0.0013423831817064,-0.352365069546259,-8.25972103331574e-05
0.379568046596523,0.291337023280171,-0.0084560494144592,-0.373840861926625,0.00135496155988295,-0.110614639376879,0.00135210326172134,-0.352374077914942,-8.14846147026982e-05
0.382200407333782,0.291337115500522,-0.00851556075453059,-0.373843319182374,0.00136481491545375,-0.110616151584423,0.00136189887159754,-0.352383203614496,-8.03304070007282e-05
0.384851023883439,0.291337202648389,-0.00857550138834258,-0.373845808125441,0.00137474561879029,-0.110617682474912,0.00137177068928145,-0.352392448062451,-7.91336364410755e-05
0.387520022852263,0.29133728449067,-0.00863587458797534,-0.373848329131359,0.0013847543769232,-0.110619232246354,0.00138171940013011,-0.352401812690441,-7.78933333706044e-05
0.390207531725059,0.291337360787081,-0.00869668365271555,-0.373850882579247,0.00139484190477323,-0.110620801097946,0.00139174569700297,-0.352411298944254,-7.66085089331653e-05
0.392913678870758,0.291337431289964,-0.00875793190928941,-0.373853468851822,0.00140500892525025,-0.11062238923005,0.00140185028035469,-0.352420908283889,-7.5278154729061e-05
0.395638593548549,0.291337495744096,-0.00881962271209617,-0.373856088335412,0.00141525616935341,-0.110623996844168,0.0014120338583288,-0.352430642183602,-7.3901242469282e-05
0.398382405914052,0.291337553886493,-0.00888175944344369,-0.373858741419961,0.00142558437627238,-0.110625624142928,0.00142229714685256,-0.352440502131955,-7.24767236245788e-05
0.401145247025537,0.291337605446214,-0.0089443455137841,-0.373861428499044,0.00143599429348958,-0.110627271330048,0.00143264086973261,-0.352450489631861,-7.10035290696909e-05
0.403927248850181,0.29133765014415,-0.00900738436195129,-0.373864149969871,0.00144648667688364,-0.110628938610321,0.00144306575875175,-0.352460606200622,-6.94805687223021e-05
0.406728544270374,0.291337687692821,-0.00907087945539866,-0.373866906233298,0.00145706229083386,-0.110630626189582,0.00145357255376665,-0.352470853369972,-6.79067311767784e-05
0.409549267090063,0.291337717796159,-0.00913483429043842,-0.373869697693836,0.00146772190832574,-0.110632334274682,0.00146416200280661,-0.352481232686107,-6.62808833328254e-05
0.412389552041149,0.291337740149293,-0.00919925239248121,-0.373872524759653,0.00147846631105767,-0.110634063073459,0.00147483486217321,-0.352491745709722,-6.460187001886e-05
0.415249534789915,0.291337754438321,-0.00926413731627698,-0.373875387842582,0.00148929628954867,-0.110635812794707,0.00148559189654104,-0.352502394016033,-6.28685136100648e-05
0.418129351943512,0.29133776034009,-0.00932949264615635,-0.373878287358127,0.00150021264324718,-0.110637583648145,0.00149643387905938,-0.352513179194807,-6.1079613641199e-05
0.421029141056481,0.291337757521955,-0.00939532199627284,-0.373881223725466,0.00151121618064093,-0.110639375844383,0.00150736159145485,-0.35252410285038,-5.92339464140501e-05
0.423949040637325,0.291337745641548,-0.00946162901084582,-0.373884197367453,0.00152230771936804,-0.110641189594886,0.00151837582413505,-0.352535166601675,-5.73302645995727e-05
0.426889190155123,0.291337724346533,-0.00952841736440384,-0.373887208710623,0.00153348808632894,-0.110643025111943,0.00152947737629314,-0.352546372082216,-5.53672968345575e-05
0.429849730046193,0.291337693274357,-0.00959569076202875,-0.373890258185193,0.00154475811779956,-0.110644882608622,0.00154066705601345,-0.352557720940137,-5.33437473130421e-05
0.432830801720801,0.291337652052002,-0.00966345293960019,-0.373893346225059,0.00155611865954554,-0.110646762298739,0.00155194568037801,-0.352569214838183,-5.1258295371906e-05
0.435832547569911,0.29133760029572,-0.0097317076640406,-0.373896473267799,0.00156757056693749,-0.110648664396809,0.00156331407557399,-0.352580855453718,-4.91095950716919e-05
0.438855110971994,0.291337537610776,-0.00980045873356041,-0.373899639754674,0.00157911470506725,-0.110650589118013,0.00157477307700217,-0.352592644478714,-4.68962747710994e-05
0.441898636299867,0.291337463591174,-0.00986970997790362,-0.373902846130616,0.00159075194886532,-0.110652536678147,0.00158632352938626,-0.352604583619745,-4.46169366968979e-05
0.444963268927599,0.291337377819388,-0.00993946525859384,-0.373906092844237,0.00160248318321925,-0.110654507293578,0.00159796628688325,-0.352616674597976,-4.22701565074984e-05
0.448049155237445,0.291337279866076,-0.0100097284691799,-0.373909380347814,0.0016143093030931,-0.110656501181201,0.00160970221319456,-0.352628919149141,-3.98544828515146e-05
0.451156442626847,0.2913371692898,-0.0100805035354823,-0.373912709097289,0.0016262312136479,-0.110658518558386,0.0016215321816782,-0.35264131902352,-3.73684369206762e-05
0.454285279515466,0.291337045636731,-0.0101517944158387,-0.37391607955226,0.00163824983036319,-0.110660559642928,0.00163345707546174,-0.352653875985914,-3.48105119971076e-05
0.457435815352278,0.291336908440353,-0.0102236051013504,-0.373919492175975,0.00165036607915948,-0.110662624652997,0.00164547778755629,-0.352666591815604,-3.21791729952503e-05
0.46060820062271,0.29133675722116,-0.0102959396161278,-0.37392294743532,0.00166258089652177,-0.11066471380708,0.00165759522097111,-0.352679468306319,-2.94728559980528e-05
0.463802586855826,0.291336591486349,-0.0103688020175357,-0.373926445800812,0.0016748952296241,-0.11066682732393,0.00166981028882941,-0.352692507266184,-2.66899677877214e-05
0.467019126631568,0.291336410729498,-0.0104421963964389,-0.373929987746584,0.00168731003645498,-0.110668965422501,0.00168212391448468,-0.352705710517673,-2.38288853708357e-05
0.470257973588042,0.291336214430256,-0.0105161268774467,-0.373933573750374,0.0016998262859438,-0.110671128321897,0.00169453703163803,-0.35271907989755,-2.08879554980945e-05
0.473519282428857,0.291336002054003,-0.0105905976191569,-0.373937204293514,0.00171244495808833,-0.110673316241302,0.00170705058445632,-0.352732617256804,-1.78654941783707e-05
0.476803208930514,0.291335773051528,-0.0106656128143995,-0.373940879860907,0.00172516704408293,-0.11067552939992,0.00171966552769097,-0.352746324460579,-1.47597861874377e-05
0.480109909949849,0.29133552685868,-0.0107411766904795,-0.373944600941018,0.00173799354644784,-0.110677768016908,0.0017323828267977,-0.352760203388102,-1.15690845707839e-05
0.483439543431522,0.291335262896027,-0.0108172935094187,-0.373948368025851,0.00175092547915935,-0.11068003231131,0.00174520345805688,-0.35277425593259,-8.29161014169466e-06
0.486792268415562,0.2913349805685,-0.010893967568197,-0.373952181610933,0.00176396386778085,-0.110682322501982,0.00175812840869472,-0.35278848400117,-4.9255509729923e-06
0.490168245044966,0.291334679265036,-0.0109712031989918,-0.373956042195289,0.00177710974959469,-0.110684638807523,0.00177115867700509,-0.352802889514772,-1.46906188409901e-06
0.493567634573345,0.29133435835821,-0.0110490047694176,-0.373959950281423,0.001790364173735,-0.110686981446201,0.00178429527247209,-0.35281747440803,2.07973607775636e-06
0.496990599372628,0.291334017203863,-0.0111273766827625,-0.373963906375294,0.00180372820132123,-0.110689350635873,0.00179753921589325,-0.352832240629167,5.72275616153584e-06
0.500437302940819,0.291333655140722,-0.0112063233782252,-0.37396791098629,0.0018172029055926,-0.110691746593908,0.00181089153950334,-0.352847190139874,9.46194644153853e-06
0.503907909909802,0.291333271490015,-0.011285849331149,-0.373971964627198,0.00183078937204324,-0.110694169537104,0.00182435328709884,-0.352862324915183,1.32992903522922e-05
0.50740258605321,0.291332865555073,-0.0113659590532549,-0.373976067814183,0.00184448869855822,-0.110696619681603,0.00183792551416301,-0.352877646943329,1.72368072281215e-05
0.510921498294339,0.291332436620938,-0.0114466570928727,-0.37398022106675,0.00185830199555018,-0.110699097242808,0.00185160928799139,-0.352893158225606,2.12765528482539e-05
0.514464814714125,0.291331983953949,-0.0115279480351704,-0.373984424907719,0.00187223038609681,-0.11070160243529,0.00186540568781801,-0.352908860776213,2.54206199871015e-05
0.518032704559168,0.291331506801327,-0.0116098365023813,-0.373988679863186,0.00188627500607891,-0.110704135472699,0.00187931580494192,-0.352924756622092,2.96711389690119e-05
0.52162533824982,0.291331004390759,-0.0116923271540286,-0.373992986462494,0.00190043700431921,-0.110706696567667,0.0018933407428543,-0.352940847802757,3.40302782289581e-05
0.525242887388322,0.291330475929967,-0.011775424687149,-0.373997345238192,0.00191471754272177,-0.110709285931714,0.00190748161736593,-0.352957136370112,3.8500244877282e-05
0.528885524767003,0.291329920606269,-0.0118591338365121,-0.374001756725997,0.00192911779641195,-0.110711903775149,0.00192173955673502,-0.352973624388264,4.30832852696683e-05
0.532553424376533,0.291329337586139,-0.0119434593748385,-0.374006221464758,0.00194363895387717,-0.110714550306964,0.00193611570179555,-0.352990313933321,4.77816855820185e-05
0.536246761414231,0.291328726014756,-0.0120284061130145,-0.374010739996409,0.00195828221710785,-0.110717225734732,0.00195061120608571,-0.353007207093181,5.25977723895288e-05
0.539965712292437,0.291328085015547,-0.0121139789003042,-0.37401531286593,0.00197304880173922,-0.110719930264499,0.00196522723597678,-0.353024305967318,5.75339132507374e-05
0.543710454646936,0.291327413689717,-0.0122001826245583,-0.374019940621298,0.00198793993719348,-0.110722664100673,0.00197996497080219,-0.353041612666548,6.25925172960951e-05
0.547481167345445,0.291326711115782,-0.01228702221242,-0.374024623813442,0.0020029568668223,-0.11072542744591,0.00199482560298668,-0.353059129312788,6.77760358203106e-05
0.551278030496154,0.291325976349086,-0.0123745026295271,-0.374029362996194,0.0020181008480499,-0.110728220501,0.00200981033817584,-0.353076858038809,7.30869628797343e-05
0.55510122545633,0.291325208421312,-0.0124626288807109,-0.374034158726238,0.00203337315251642,-0.110731043464742,0.00202492039536547,-0.35309480098797,7.85278358933494e-05
0.558950934840979,0.291324406339989,-0.0125514060101912,-0.374039011563055,0.00204877506622171,-0.11073389653383,0.00204015700703122,-0.353112960313946,8.4101236247941e-05
0.56282734253157,0.291323569087988,-0.0126408391017677,-0.374043922068871,0.00206430788966923,-0.11073677990272,0.00205552141925807,-0.353131338180444,8.98097899068306e-05
0.566730633684818,0.29132269562301,-0.0127309332790068,-0.374048890808601,0.00207997293801045,-0.110739693763506,0.00207101489186996,-0.353149936760906,9.56561680231921e-05
0.570660994741526,0.291321784877069,-0.0128216937054251,-0.374053918349786,0.00209577154118932,-0.110742638305787,0.00208663869855907,-0.3531687582382,0.000101643087555919
0.574618613435493,0.291320835755967,-0.0129131255846672,-0.374059005262538,0.00211170504408698,-0.110745613716532,0.00210239412701522,-0.353187804804301,0.000107773311889464
0.578603678802477,0.291319847138758,-0.0130052341606802,-0.374064152119474,0.00212777480666654,-0.110748620179943,0.00211828247905483,-0.353207078659955,0.000114049651456963
0.582616381189231,0.291318817877209,-0.0130980247178828,-0.374069359495651,0.00214398220411805,-0.110751657877312,0.00213430507074982,-0.353226582014339,0.000120474964366346
0.586656912262587,0.291317746795251,-0.0131915025813293,-0.374074627968503,0.00216032862700339,-0.110754726986877,0.00215046323255599,-0.353246317084696,0.00012705215702917
0.590725465018618,0.291316632688419,-0.0132856731168689,-0.374079958117769,0.00217681548140131,-0.110757827683678,0.00216675830944128,-0.353266286095967,0.000133784184792721
0.594822233791852,0.291315474323291,-0.0133805417312995,-0.374085350525423,0.00219344418905222,-0.110760960139398,0.00218319166101328,-0.353286491280407,0.00014067405257405
0.598947414264556,0.291314270436917,-0.0134761138725159,-0.374090805775602,0.00221021618750316,-0.110764124522217,0.00219976466164654,-0.353306934877184,0.000147724815496825
0.603101203476082,0.291313019736237,-0.0135723950296524,-0.374096324454533,0.00222713293025229,-0.110767320996647,0.00221647870060907,-0.353327619131967,0.000154939579529945
0.607283799832281,0.291311720897492,-0.0136693907332192,-0.374101907150452,0.00224419588689349,-0.110770549723375,0.00223333518218839,-0.353348546296502,0.000162321502128387
0.611495403114975,0.291310372565636,-0.0137671065552337,-0.374107554453528,0.00226140654326049,-0.110773810859096,0.00225033552581673,-0.353369718628168,0.00016987379287535
0.615736214491506,0.291308973353725,-0.0138655481093437,-0.374113266955782,0.00227876640157081,-0.110777104556345,0.00226748116619556,-0.353391138389525,0.000177599714126522
0.620006436524339,0.291307521842314,-0.0139647210509461,-0.374119045251001,0.00229627698056932,-0.110780430963325,0.00228477355341927,-0.353412807847839,0.000185502581654548
0.624306273180741,0.291306016578836,-0.0140646310772974,-0.374124889934658,0.00231393981567138,-0.110783790223729,0.00230221415309786,-0.353434729274605,0.000193585765295573
0.628635929842521,0.291304456076978,-0.0141652839276181,-0.374130801603819,0.00233175645910549,-0.110787182476566,0.00231980444647872,-0.353456904945038,0.0002018526895953
0.632995613315842,0.291302838816048,-0.0142666853831898,-0.374136780857058,0.00234972848005546,-0.110790607855973,0.00233754593056728,-0.353479337137562,0.000210306834456594
0.637385531841099,0.291301163240337,-0.0143688412674446,-0.374142828294362,0.00236785746480198,-0.11079406649103,0.00235544011824658,-0.353502028133278,0.000218951735786441
0.641805895102865,0.291299427758471,-0.0144717574460477,-0.37414894451704,0.00238614501686355,-0.110797558505571,0.00237348853839555,-0.353524980215416,0.000227790986142853
0.646256914239905,0.291297630742756,-0.0145754398269715,-0.374155130127626,0.00240459275713666,-0.110801084017988,0.00239169273600602,-0.35354819566877,0.00023682823538175
0.650738801855265,0.291295770528519,-0.0146798943605628,-0.37416138572978,0.00242320232403533,-0.110804643141032,0.00241005427229834,-0.353571676779123,0.00024606719130249
0.655251772026422,0.291293845413438,-0.0147851270396005,-0.374167711928192,0.0024419753736297,-0.110808235981616,0.00242857472483553,-0.353595425832644,0.000255511620292748
0.659796040315516,0.291291853656865,-0.014891143899346,-0.374174109328475,0.00246091357978382,-0.110811862640606,0.00244725568763578,-0.353619445115277,0.00026516534797151
0.664371823779638,0.291289793479149,-0.0149979510175846,-0.374180578537064,0.00248001863429245,-0.110815523212611,0.00246609877128345,-0.353643736912114,0.000275032259830818
0.668979340981204,0.291287663060941,-0.0151055545146588,-0.374187120161109,0.00249929224701694,-0.110819217785772,0.00248510560303827,-0.353668303506741,0.000285116301874999
0.673618811998395,0.291285460542501,-0.015213960553491,-0.374193734808368,0.00251873614601977,-0.110822946441547,0.00250427782694259,-0.353693147180578,0.000295421481257399
0.678290458435663,0.291283184022999,-0.0153231753395992,-0.374200423087093,0.00253835207769847,-0.110826709254484,0.00252361710392691,-0.353718270212196,0.000305951866914719
0.682994503434323,0.2912808315598,-0.0154332051211016,-0.374207185605922,0.00255814180691766,-0.110830506292002,0.00254312511191322,-0.353743674876612,0.000316711590197249
0.687731171683206,0.291278401167752,-0.0155440561887124,-0.374214022973765,0.00257810711714051,-0.110834337614161,0.00256280354591637,-0.353769363444575,0.000327704845496421
0.692500689429393,0.291275890818468,-0.0156557348757279,-0.374220935799682,0.0025982498105583,-0.110838203273427,0.00258265411814309,-0.353795338181829,0.000338935890867503
0.697303284489026,0.291273298439592,-0.0157682475580021,-0.374227924692773,0.00261857170821897,-0.11084210331444,0.00260267855808879,-0.353821601348353,0.000350409048648373
0.70213918625818,0.291270621914072,-0.0158816006539124,-0.37423499026205,0.00263907465015405,-0.110846037773769,0.00262287861263193,-0.353848155197594,0.000362128706073148
0.70700862572383,0.291267859079419,-0.0159958006243152,-0.374242133116323,0.00265976049550395,-0.110850006679674,0.00264325604612584,-0.353875001975671,0.000374099315880227
0.71191183547488,0.291265007726959,-0.0161108539724904,-0.374249353864069,0.00268063112264198,-0.110854010051851,0.00266381264048803,-0.353902143920564,0.000386325396915299
0.716849049713269,0.29126206560109,-0.0162267672440758,-0.374256653113313,0.00270168842929629,-0.110858047901187,0.00268455019528662,-0.353929583261285,0.000398811534727275
0.721820504265165,0.291259030398522,-0.0163435470269896,-0.374264031471494,0.00272293433267051,-0.110862120229497,0.00270547052782413,-0.353957322217026,0.000411562382157948
0.726826436592224,0.291255899767518,-0.0164611999513429,-0.374271489545341,0.00274437076956216,-0.110866227029271,0.00272657547321816,-0.353985362996295,0.000424582659924427
0.731867085802933,0.291252671307128,-0.0165797326893397,-0.374279027940743,0.00276599969647963,-0.110870368283407,0.00274786688447917,-0.354013707796024,0.000437877157193844
0.736942692664033,0.291249342566424,-0.0166991519551667,-0.374286647262611,0.00278782308975686,-0.110874543964945,0.00276934663258504,-0.354042358800665,0.000451450732149611
0.742053499612018,0.291245911043718,-0.0168194645048707,-0.374294348114749,0.00280984294566632,-0.110878754036794,0.00279101660655242,-0.354071318181259,0.000465308312549512
0.747199750764715,0.291242374185789,-0.0169406771362235,-0.374302131099718,0.00283206128052967,-0.110882998451459,0.00281287871350469,-0.354100588094495,0.000479454896274129
0.752381691932944,0.291238729387103,-0.0170627966885767,-0.374309996818696,0.00285448013082654,-0.110887277150763,0.0028349348787364,-0.354130170681737,0.000493895551865436
0.757599570632259,0.291234973989017,-0.0171858300427025,-0.374317945871346,0.00287710155330093,-0.11089159006556,0.00285718704577423,-0.354160068068044,0.000508635419055437
0.762853636094773,0.291231105279001,-0.0173097841206232,-0.374325978855667,0.00289992762506553,-0.110895937115455,0.00287963717643416,-0.354190282361161,0.000523679709283909
0.768144139281058,0.291227120489835,-0.0174346658854279,-0.374334096367861,0.00292296044370351,-0.11090031820851,0.00290228725087479,-0.354220815650495,0.000539033706204284
0.773471332892138,0.291223016798819,-0.0175604823410771,-0.374342299002187,0.00294620212736826,-0.110904733240951,0.00292513926764692,-0.354251670006066,0.000554702766178
0.778835471381553,0.29121879132697,-0.0176872405321937,-0.37435058735082,0.00296965481488028,-0.110909182096873,0.00294819524373885,-0.354282847477445,0.000570692318756061
0.784236810967519,0.291214441138224,-0.0178149475438423,-0.374358962003704,0.00299332066582195,-0.110913664647937,0.00297145721461764,-0.354314350092667,0.000587007867147243
0.78967560964516,0.291209963238628,-0.0179436105012943,-0.374367423548407,0.00301720186062954,-0.110918180753064,0.00299492723426613,-0.354346179857127,0.000603654988673041
0.795152127198837,0.291205354575536,-0.0180732365697814,-0.374375972569975,0.00304130060068265,-0.110922730258135,0.00301860737521555,-0.354378338752452,0.000620639335207618
0.800666625214554,0.2912006120368,-0.0182038329542345,-0.374384609650786,0.00306561910839107,-0.11092731299567,0.00304249972857353,-0.354410828735359,0.000637966633602993
0.806219367092452,0.291195732449963,-0.0183354068990102,-0.3743933353704,0.00309015962727878,-0.110931928784519,0.00306660640404763,-0.354443651736488,0.000655642686098856
0.811810618059391,0.291190712581444,-0.018467965687604,-0.374402150305411,0.00311492442206525,-0.110936577429547,0.00309092952996409,-0.35447680965922,0.000673673370715555
0.817440645181619,0.291185549135731,-0.0186015166423494,-0.374411055029297,0.00313991577874399,-0.110941258721304,0.00311547125328166,-0.354510304378471,0.000692064641630546
0.823109717377527,0.291180238754566,-0.0187360671241045,-0.374420050112271,0.00316513600465811,-0.11094597243571,0.00314023373960061,-0.354544137739469,0.000710822529537164
0.828818105430497,0.29117477801613,-0.0188716245319238,-0.374429136121132,0.00319058742857301,-0.110950718333723,0.00316521917316655,-0.354578311556514,0.000729953141985318
0.834566082001833,0.291169163434237,-0.0190081963027179,-0.374438313619111,0.00321627240074617,-0.110955496161008,0.00319042975686909,-0.354612827611711,0.000749462663702849
0.840353921643785,0.291163391457516,-0.0191457899108983,-0.374447583165722,0.00324219329299381,-0.110960305647607,0.00321586771223524,-0.354647687653697,0.000769357356897843
0.846181900812664,0.2911574584686,-0.0192844128680092,-0.374456945316612,0.00326835249875467,-0.110965146507599,0.00324153527941734,-0.354682893396333,0.000789643561540321
0.852050297882047,0.291151360783318,-0.0194240727223457,-0.37446640062341,0.00329475243315056,-0.110970018438767,0.00326743471717554,-0.354718446517393,0.000810327695623225
0.857959393156072,0.291145094649879,-0.0195647770585576,-0.374475949633575,0.00332139553304385,-0.110974921122248,0.00329356830285455,-0.354754348657223,0.000831416255401868
0.863909468882829,0.291138656248073,-0.0197065334972405,-0.374485592890244,0.00334828425709194,-0.110979854222196,0.00331993833235476,-0.354790601417391,0.000852915815610755
0.86990080926784,0.291132041688454,-0.0198493496945127,-0.374495330932086,0.00337542108579831,-0.110984817385431,0.00334654712009741,-0.354827206359311,0.000874833029657629
0.875933700487633,0.291125247011544,-0.0199932333415784,-0.37450516429315,0.00340280852156066,-0.110989810241094,0.00337339699898391,-0.354864165002858,0.000897174629793995
0.882008430703416,0.291118268187027,-0.0201381921642778,-0.374515093502716,0.00343044908871549,-0.110994832400291,0.00340049032034901,-0.354901478824955,0.000919947427261009
0.888125290074835,0.291111101112952,-0.020284233922623,-0.374525119085144,0.0034583453335798,-0.110999883455742,0.00342782945390787,-0.354939149258156,0.000943158312410319
0.894284570773836,0.291103741614933,-0.020431366410321,-0.374535241559732,0.00348649982448933,-0.111004962981425,0.00345541678769684,-0.354977177689206,0.000966814254799386
0.900486566998624,0.291096185445362,-0.020579597454283,-0.374545461440564,0.00351491515183354,-0.111010070532218,0.00348325472800794,-0.355015565457578,0.000990922303259895
0.906731574987708,0.291088428282618,-0.020728934914121,-0.374555779236368,0.00354359392808738,-0.111015205643541,0.00351134569931685,-0.35505431385401,0.00101548958593964
0.913019893034057,0.29108046573028,-0.0208793866816298,-0.374566195450368,0.00357253878783967,-0.111020367830992,0.00353969214420427,-0.355093424119018,0.00104052331031587
0.919351821499347,0.29107229331635,-0.021030960680258,-0.374576710580145,0.00360175238781842,-0.111025556589988,0.00356829652327085,-0.355132897441389,0.00106603076318038
0.925727662828307,0.291063906492478,-0.0211836648645639,-0.374587325117493,0.00363123740691272,-0.111030771395397,0.00359716131504526,-0.35517273495667,0.00109201931059563
0.932147721563161,0.291055300633186,-0.0213375072196605,-0.374598039548281,0.00366099654619121,-0.111036011701175,0.00362628901588535,-0.355212937745641,0.00111849639782025
0.938612304358183,0.291046471035109,-0.0214924957606463,-0.374608854352312,0.00369103252891769,-0.11104127694,0.00365568213987273,-0.355253506832771,0.00114546954920502
0.945121719994339,0.291037412916232,-0.0216486385320249,-0.374619770003188,0.00372134810056313,-0.111046566522902,0.00368534321870004,-0.355294443184662,0.00117294636805595
0.951676279394036,0.291028121415138,-0.0218059436071113,-0.374630786968179,0.00375194602881466,-0.111051879838896,0.0037152748015514,-0.355335747708488,0.00120093453646725
0.958276295635973,0.291018591590261,-0.0219644190874269,-0.374641905708087,0.00378282910358139,-0.111057216254612,0.00374547945497571,-0.355377421250412,0.00122944181512036
0.964922083970099,0.291008818419142,-0.0221240731020822,-0.374653126677117,0.00381400013699681,-0.111062575113926,0.00377595976275264,-0.355419464594003,0.00125847604304999
0.971613961832666,0.290998796797698,-0.0222849138071479,-0.374664450322753,0.00384546196341845,-0.111067955737589,0.00380671832575153,-0.355461878458635,0.00128804513737699
0.978352248861393,0.290988521539495,-0.0224469493850145,-0.374675877085631,0.00387721743942415,-0.111073357422856,0.00383775776178286,-0.355504663497884,0.0013181570930054
0.985137266910738,0.290977987375026,-0.0226101880437414,-0.374687407399416,0.00390926944380551,-0.111078779443117,0.00386908070544247,-0.355547820297908,0.0013488199822857
0.991969340067262,0.290967188951001,-0.0227746380163938,-0.374699041690688,0.0039416208775581,-0.111084221047527,0.0039006898079482,-0.355591349375826,0.00138004195464111
0.998848794665118,0.290956120829645,-0.0229403075603706,-0.374710780378822,0.0039742746638691,-0.111089681460631,0.00393258773696926,-0.355635251178092,0.00141183123615846
1.00577595930163,0.290944777487994,-0.0231072049567206,-0.37472262387588,0.00400723374810172,-0.111095159881999,0.0039647771764479,-0.355679526078852,0.00144419612914154
1.01275116485301,0.290933153317218,-0.0232753385094492,-0.374734572586497,0.00404050109777709,-0.111100655485857,0.00399726082641367,-0.355724174378312,0.00147714501162724
1.01977474449012,0.290921242621933,-0.023444716544816,-0.374746626907782,0.00407407970255318,-0.111106167420713,0.00403004140278999,-0.355769196301085,0.0015106863368636
1.02684703369442,0.290909039619534,-0.0236153474106215,-0.374758787229209,0.00410797257420144,-0.111111694808994,0.00406312163719325,-0.355814591994548,0.00154482863274941
1.033968370274,0.290896538439536,-0.0237872394754866,-0.374771053932529,0.00414218274658036,-0.111117236746681,0.00409650427672405,-0.355860361527188,0.00157958050123441
1.04113909437969,0.290883733122914,-0.0239604011281218,-0.374783427391665,0.0041767132756071,-0.111122792302939,0.00413019208375103,-0.355906504886952,0.00161495061768033
1.0483595485213,0.29087061762147,-0.0241348407765893,-0.374795907972634,0.00421156723922638,-0.111128360519754,0.00416418783568688,-0.355953021979593,0.00165094773018173
1.05563007758401,0.290857185797191,-0.0243105668475563,-0.374808496033453,0.00424674773737727,-0.111133940411577,0.0041984943247567,-0.35599991262702,0.00168758065884653
1.06295102884484,0.290843431421627,-0.0244875877855408,-0.374821191924064,0.00428225789195772,-0.111139530964955,0.00423311435775873,-0.356047176565643,0.00172485829503546
1.07032275198921,0.290829348175279,-0.0246659120521511,-0.374833995986256,0.00431810084678714,-0.111145131138181,0.00426805075581729,-0.356094813444732,0.00176278960056067
1.07774559912768,0.290814929646991,-0.024845548125317,-0.374846908553594,0.00435427976756703,-0.111150739860933,0.00430330635412827,-0.356142822824768,0.00180138360684232
1.08521992481272,0.290800169333357,-0.0250265044985163,-0.374859929951353,0.00439079784183968,-0.111156356033922,0.00433888400169668,-0.356191204175805,0.00184064941402348
1.0927460860557,0.290785060638137,-0.025208789679994,-0.374873060496457,0.00442765827894549,-0.111161978528542,0.00437478656106687,-0.356239956875837,0.00188059619004266
1.1003244423439,0.290769596871677,-0.0253924121919764,-0.374886300497424,0.00446486430997838,-0.111167606186522,0.00441101690804488,-0.356289080209177,0.00192123316966428
1.10795535565772,0.290753771250351,-0.0255773805698805,-0.374899650254313,0.00450241918774014,-0.111173237819581,0.00444757793141344,-0.356338573364831,0.00196256965346572
1.11563919048792,0.290737576896,-0.0257637033615181,-0.374913110058684,0.00454032618669351,-0.111178872209087,0.00448447253263936,-0.356388435434899,0.00200461500678201
1.12337631385307,0.290721006835392,-0.025951389126296,-0.374926680193553,0.00457858860291394,-0.111184508105715,0.00452170362557333,-0.356438665412972,0.00204737865860688
1.13116709531708,0.29070405399968,-0.0261404464344127,-0.374940360933362,0.0046172097540407,-0.11119014422912,0.00455927413614255,-0.356489262192551,0.00209087010045145
1.13901190700682,0.290686711223887,-0.0263308838660507,-0.374954152543952,0.00465619297922721,-0.111195779267599,0.00459718700203572,-0.356540224565476,0.00213509888515867
1.14691112362992,0.290668971246381,-0.0265227100105675,-0.374968055282539,0.00469554163909067,-0.111201411877768,0.00463544517238092,-0.356591551220367,0.00218007462567454
1.15486512249268,0.290650826708373,-0.0267159334656829,-0.374982069397701,0.00473525911566149,-0.111207040684238,0.00467405160741621,-0.356643240741085,0.00222580699377664
1.16287428351806,0.290632270153425,-0.0269105628366644,-0.374996195129368,0.00477534881233233,-0.1112126642793,0.00471300927815301,-0.356695291605209,0.00227230571875833
1.17093898926384,0.290613294026957,-0.0271066067355122,-0.375010432708821,0.00481581415380743,-0.111218281222605,0.00475232116603257,-0.356747702182533,0.00231958058607029
1.1790596249409,0.290593890675774,-0.0273040737801419,-0.375024782358692,0.00485665858605177,-0.111223890040864,0.00479199026257534,-0.356800470733578,0.00236764143591836
1.18723657843162,0.290574052347598,-0.0275029725935671,-0.37503924429298,0.00489788557624102,-0.111229489227536,0.00483201956902352,-0.356853595408132,0.00241649816181877
1.19547024030838,0.290553771190604,-0.0277033118030821,-0.375053818717064,0.0049394986127118,-0.111235077242533,0.00487241209597686,-0.356907074243809,0.00246616070911021
1.20376100385228,0.290533039252979,-0.027905100039444,-0.375068505827731,0.00498150120491295,-0.11124065251193,0.00491317086302183,-0.356960905164631,0.00251663907342342
1.21210926507183,0.290511848482469,-0.0281083459360567,-0.375083305813204,0.00502389688335792,-0.11124621342767,0.00495429889835424,-0.357015085979641,0.00256794329910809
1.22051542272196,0.290490190725955,-0.0283130581281557,-0.375098218853183,0.00506668919957825,-0.111251758347289,0.00499579923839542,-0.357069614381536,0.0026200834776183
1.22897987832301,0.29046805772902,-0.0285192452519934,-0.375113245118889,0.00510988172607868,-0.111257285593634,0.00503767492740227,-0.357124487945334,0.00267306974585602
1.23750303617991,0.290445441135532,-0.0287269159440282,-0.375128384773116,0.00515347805629416,-0.111262793454598,0.00507992901707103,-0.357179704127068,0.0027269122844733
1.24608530340153,0.290422332487238,-0.0289360788401149,-0.375143637970293,0.00519748180454861,-0.111268280182852,0.00512256456613515,-0.35723526026251,0.00278162131613399
1.25472708992008,0.29039872322335,-0.0291467425746979,-0.375159004856549,0.00524189660601626,-0.11127374399559,0.00516558463995737,-0.357291153565931,0.00283720710373528
1.26342880851072,0.290374604680156,-0.0293589157800085,-0.37517448556979,0.00528672611668516,-0.111279183074277,0.00520899231011605,-0.357347381128891,0.00289367994858925
1.27219087481126,0.29034996809062,-0.0295726070852647,-0.375190080239781,0.00533197401332378,-0.111284595564403,0.00525279065398606,-0.357403939919071,0.00295105018856606
1.28101370734203,0.290324804584,-0.0297878251158758,-0.375205788988232,0.00537764399345043,-0.11128997957525,0.00529698275431435,-0.357460826779131,0.00300932819619837
1.28989772752585,0.290299105185466,-0.0300045784926511,-0.375221611928902,0.00542373977530621,-0.111295333179658,0.00534157169879033,-0.357518038425618,0.00306852437674843
1.29884335970818,0.29027286081572,-0.0302228758310127,-0.375237549167697,0.00547026509783132,-0.1113006544138,0.0053865605796113,-0.357575571447904,0.00312864916623856
1.30785103117738,0.290246062290622,-0.0304427257402147,-0.375253600802788,0.0055172237206455,-0.11130594127697,0.0054319524930432,-0.357633422307172,0.0031897130294454
1.31692117218509,0.290218700320826,-0.0306641368225652,-0.375269766924727,0.00556461942403225,-0.111311191731374,0.00547775053897653,-0.357691587335438,0.00325172645785915
1.32605421596686,0.290190765511405,-0.0308871176726573,-0.37528604761658,0.00561245600892797,-0.111316403701924,0.00552395782047829,-0.357750062734621,0.00331469996760944
1.33525059876274,0.290162248361493,-0.0311116768766022,-0.375302442954056,0.00566073729691541,-0.111321575076049,0.00557057744333926,-0.357808844575659,0.00337864409735719
1.34451075983821,0.290133139263915,-0.0313378230112713,-0.375318953005657,0.00570946713022232,-0.111326703703508,0.00561761251561783,-0.357867928797663,0.00344356940615509
1.3538351415051,0.290103428504833,-0.0315655646435429,-0.375335577832825,0.00575864937172552,-0.111331787396211,0.00566506614717963,-0.35792731120713,0.00350948647127713
1.36322418914273,0.290073106263375,-0.0317949103295559,-0.3753523174901,0.00580828790496038,-0.111336823928048,0.00571294144923398,-0.357986987477194,0.00357640588601832
1.37267835121923,0.290042162611283,-0.0320258686139698,-0.375369172025289,0.0058583866341363,-0.11134181103473,0.00576124153386678,-0.358046953146937,0.00364433825746552
1.38219807931287,0.290010587512539,-0.0322584480292323,-0.37538614147964,0.00590894948415854,-0.111346746413632,0.00580996951357058,-0.358107203620739,0.00371329420424216
1.39178382813373,0.289978370823009,-0.0324926570948526,-0.37540322588802,0.00595998040065642,-0.111351627723648,0.00585912850077158,-0.358167734167695,0.0037832843542257
1.40143605554534,0.289945502290072,-0.0327285043166824,-0.375420425279107,0.00601148335001843,-0.111356452585052,0.00590872160735419,-0.358228539921071,0.00385431934224156
1.4111552225866,0.28991197155225,-0.0329659981862038,-0.375437739675585,0.00606346231943463,-0.111361218579374,0.00595875194418315,-0.358289615877825,0.00392640980773332
1.42094179349378,0.289877768138834,-0.0332051471798237,-0.37545516909435,0.00611592131694617,-0.111365923249269,0.00600922262062352,-0.358350956898176,0.00399956639241153
1.43079623572268,0.289842881469504,-0.0334459597581764,-0.375472713546718,0.00616886437150313,-0.111370564098413,0.00606013674405892,-0.358412557705238,0.00407379973788244
1.440719019971,0.289807300853949,-0.0336884443654317,-0.375490373038644,0.00622229553302998,-0.111375138591394,0.00611149741940798,-0.3584744128847,0.004149120483258
1.45071062020079,0.289771015491468,-0.0339326094286107,-0.375508147570951,0.0062762188724997,-0.11137964415362,0.00616330774863949,-0.358536516884579,0.00422553926274891
1.46077151366109,0.289734014470581,-0.0341784633569089,-0.375526037139557,0.00633063848201673,-0.111384078171224,0.00621557083028648,-0.358598864015018,0.0043030667032424
1.47090218091073,0.28969628676862,-0.0344260145410246,-0.375544041735719,0.00638555847490867,-0.111388437990992,0.00626828975895933,-0.35866144844815,0.00438171342186666
1.48110310584131,0.289657821251312,-0.0346752713524953,-0.375562161346277,0.0064409829858279,-0.111392720920291,0.00632146762485835,-0.358724264218029,0.00446149002354271
1.49137477570027,0.289618606672361,-0.0349262421430388,-0.375580395953908,0.00649691617086226,-0.111396924227001,0.00637510751328596,-0.358787305220614,0.00454240709852716
1.50171768111418,0.289578631673008,-0.0351789352439019,-0.375598745537382,0.00655336220765629,-0.111401045139467,0.00642921250415871,-0.358850565213814,0.0046244752199455
1.5121323161122,0.28953788478159,-0.0354333589652137,-0.375617210071834,0.00661032529554257,-0.111405080846452,0.00648378567151959,-0.358914037817608,0.00470770494132042
1.52261917814963,0.289496354413083,-0.0356895215953447,-0.375635789529032,0.0066678096556838,-0.111409028497096,0.00653883008305059,-0.358977716514214,0.00479210679409417
1.53317876813171,0.289454028868629,-0.0359474314002708,-0.375654483877653,0.00672581953122584,-0.111412885200891,0.00659434879958605,-0.359041594648331,0.0048776912851495
1.54381159043753,0.289410896335054,-0.0362070966229426,-0.375673293083573,0.00678435918746222,-0.111416648027656,0.00665034487462689,-0.359105665427446,0.00496446889432914
1.55451815294413,0.289366944884369,-0.0364685254826577,-0.375692217110151,0.00684343291200987,-0.111420314007526,0.00670682135385579,-0.359169921922195,0.00505245007195693
1.56529896705074,0.289322162473258,-0.036731726174438,-0.375711255918528,0.00690304501499728,-0.111423880130946,0.00676378127465422,-0.359234357066804,0.00514164523636249
1.57615454770323,0.289276536942548,-0.0369967068684093,-0.375730409467923,0.00696319982926471,-0.111427343348675,0.0068212276656207,-0.359298963659582,0.00523206477141114
1.58708541341869,0.28923005601666,-0.037263475709184,-0.375749677715945,0.00702390171057681,-0.111430700571793,0.0068791635460912,-0.359363734363489,0.00532371902404091
1.5980920863102,0.289182707303046,-0.0375320408152456,-0.375769060618897,0.00708515503784837,-0.111433948671722,0.00693759192566161,-0.359428661706767,0.00541661830180978
1.60917509211179,0.289134478291608,-0.0378024102783348,-0.375788558132093,0.00714696421338312,-0.11143708448025,0.00699651580371259,-0.359493738083627,0.00551077287045396
1.62033496020352,0.289085356354091,-0.0380745921628365,-0.375808170210179,0.00720933366312606,-0.111440104789565,0.00705593816893705,-0.359558955755019,0.00560619295146003
1.63157222363676,0.289035328743464,-0.0383485945051663,-0.375827896807454,0.00727226783692953,-0.111443006352293,0.00711586199887046,-0.359624306849453,0.00570288871965319
1.64288741915971,0.288984382593275,-0.0386244253131569,-0.3758477378782,0.00733577120883347,-0.111445785881547,0.00717629025942419,-0.35968978336389,0.00580087030080303
1.65428108724297,0.288932504916984,-0.0389020925654421,-0.375867693377009,0.00739984827735988,-0.111448440050979,0.0072372259044222,-0.359755377164699,0.00590014776925007
1.6657537721054,0.28887968260728,-0.0391816042108393,-0.375887763259119,0.00746450356582216,-0.111450965494843,0.00729867187514113,-0.359821079988676,0.00600073114555352
1.67730602174008,0.288825902435363,-0.0394629681677285,-0.375907947480753,0.00752974162264925,-0.111453358808061,0.00736063109985422,-0.359886883444128,0.0061026303941647
1.68893838794052,0.288771151050217,-0.0397461923234269,-0.375928245999456,0.00759556702172511,-0.111455616546295,0.00742310649337896,-0.359952779012023,0.00620585542112562
1.70065142632699,0.288715414977844,-0.0400312845335582,-0.375948658774439,0.00766198436274359,-0.111457735226027,0.00748610095662892,-0.360018758047196,0.00631041607179747
1.71244569637308,0.288658680620483,-0.0403182526214165,-0.37596918576692,0.00772899827157932,-0.111459711324648,0.00754961737616993,-0.360084811779627,0.00641632212861912
1.72432176143241,0.288600934255801,-0.0406071043773225,-0.375989826940475,0.00779661340067435,-0.111461541280544,0.00761365862378048,-0.360150931315771,0.00652358330889821
1.73628018876552,0.288542162036054,-0.0408978475579716,-0.376010582261383,0.00786483442944135,-0.111463221493196,0.007678227556017,-0.360217107639955,0.00663220926263833
1.74832154956701,0.288482349987223,-0.0411904898857729,-0.376031451698973,0.0079336660646834,-0.111464748323279,0.00774332701378374,-0.360283331615829,0.00674220957040192
1.7604464189928,0.288421484008125,-0.0414850390481772,-0.376052435225975,0.00800311304103042,-0.111466118092771,0.00780895982190762,-0.360349593987886,0.00685359374121328
1.77265537618758,0.288359549869496,-0.0417815026969941,-0.37607353281887,0.0080731801213928,-0.111467327085064,0.00787512878871811,-0.360415885383025,0.00696637121050178
1.78494900431252,0.288296533213039,-0.0420798884476959,-0.376094744458239,0.00814387209743238,-0.111468371545078,0.00794183670563247,-0.360482196312185,0.00708055133808919
1.79732789057308,0.288232419550451,-0.0423802038787075,-0.376116070129112,0.00821519379005108,-0.111469247679382,0.00800908634674604,-0.360548517172024,0.00719614340622107
1.80979262624709,0.288167194262416,-0.0426824565306809,-0.376137509821317,0.0082871500498969,-0.111469951656318,0.00807688046842819,-0.360614838246655,0.00731315661764562
1.82234380671297,0.288100842597573,-0.0429866539057531,-0.376159063529826,0.00835974575788857,-0.11147047960613,0.0081452218089237,-0.36068114970944,0.00743160009374172
1.83498203147818,0.288033349671447,-0.0432928034667864,-0.376180731255104,0.00843298582575794,-0.111470827621091,0.00821411308795976,-0.360747441624824,0.00755148287269694
1.84770790420785,0.287964700465356,-0.0436009126365888,-0.376202513003449,0.00850687519661086,-0.111470991755637,0.00828355700635858,-0.360813703950231,0.00767281390773872
1.86052203275364,0.287894879825286,-0.0439109887971141,-0.376224408787337,0.00858141884550712,-0.11147096802651,0.00835355624565602,-0.360879926538001,0.0077956020654201
1.87342502918271,0.287823872460734,-0.04422303928864,-0.376246418625756,0.00865662178005853,-0.111470752412887,0.00842411346772565,-0.360946099137371,0.00791985612396015
1.88641750980704,0.287751662943518,-0.0445370714089223,-0.376268542544548,0.00873248904104672,-0.111470340856529,0.00849523131440899,-0.361012211396511,0.00804558477164349
1.89950009521279,0.287678235706565,-0.0448530924123245,-0.376290780576735,0.0088090257030598,-0.111469729261917,0.00856691240715146,-0.36107825286459,0.00817279660527895
1.91267341029,0.287603575042656,-0.0451711095089203,-0.37631313276285,0.00888623687514838,-0.111468913496405,0.00863915934664427,-0.361144212993895,0.00830150012871803
1.92593808426241,0.287527665103148,-0.0454911298635696,-0.376335599151258,0.00896412770150132,-0.111467889390355,0.00871197471247214,-0.361210081141979,0.00843170375143645
1.93929475071751,0.287450489896665,-0.045813160594963,-0.376358179798477,0.00904270336214112,-0.111466652737291,0.00878536106276704,-0.361275846573857,0.00856341578717992
1.95274404763682,0.287372033287752,-0.0461372087746368,-0.376380874769489,0.00912196907363909,-0.111465199294043,0.00885932093386765,-0.361341498464225,0.00869664445267379
1.96628661742637,0.287292278995504,-0.046463281425955,-0.376403684138046,0.00920193008985069,-0.111463524780895,0.00893385683998475,-0.361407025899722,0.0088313978664
1.97992310694735,0.287211210592161,-0.046791385523057,-0.376426607986972,0.00928259170267097,-0.111461624881729,0.00900897127287226,-0.361472417881217,0.00896768404744122
1.99365416754703,0.287128811501678,-0.0471215279897699,-0.376449646408457,0.00936395924281032,-0.111459495244174,0.00908466670150414,-0.361537663326131,0.00910551091439424
2.00748045508988,0.287045064998255,-0.0474537156984832,-0.376472799504339,0.0094460380805904,-0.111457131479754,0.00916094557175677,-0.361602751070777,0.00924488628435224
2.0214026299889,0.286959954204846,-0.0477879554689847,-0.37649606738639,0.00952883362676099,-0.111454529164026,0.00923781030609696,-0.361667669872732,0.00938581787195919
2.03542135723711,0.286873462091635,-0.0481242540672563,-0.376519450176577,0.00961235133333717,-0.111451683836729,0.00931526330327538,-0.361732408413227,0.00952831328853437
2.0495373064394,0.286785571474482,-0.048462618204227,-0.376542948007331,0.00969659669445723,-0.111448591001924,0.00939330693802519,-0.361796955299558,0.00967238004127122
2.06375115184445,0.286696265013345,-0.0488030545344826,-0.376566561021793,0.00978157524726152,-0.111445246128132,0.00947194356076601,-0.361861299067511,0.0098180255325076
2.07806357237695,0.286605525210666,-0.0491455696549302,-0.376590289374059,0.00986729257279213,-0.111441644648473,0.00955117549731275,-0.361925428183811,0.00996525705907186
2.09247525167004,0.286513334409737,-0.0494901701034149,-0.376614133229411,0.00995375429691353,-0.1114377819608,0.00963100504858947,-0.361989331048569,0.0101140818117021
2.10698687809795,0.286419674793036,-0.0498368623572891,-0.376638092764536,0.0100409660912542,-0.111433653427831,0.0097114344903477,-0.362052995997753,0.0102645068745413
2.12159914480891,0.286324528380537,-0.0501856528319305,-0.376662168167737,0.0101289336741692,-0.111429254377274,0.0097924660728895,-0.362116411305659,0.0104165392247071
2.1363127497582,0.286227877027993,-0.0505365478792086,-0.376686359639131,0.0102176628117246,-0.111424580101958,0.00987410202079461,-0.362179565187385,0.0105701857319384
2.15112839574156,0.286129702425197,-0.0508895537858982,-0.376710667390828,0.0103071593187018,-0.111419625859949,0.00995634453265176,-0.362242445801316,0.010725453158317
2.1660467904287,0.286029986094221,-0.051244676772037,-0.37673509164711,0.0103974290596241,-0.111414386874669,0.0100391957807939,-0.362305041251599,0.0108823481580663
2.18106864639712,0.285928709387624,-0.0516019229892268,-0.376759632644584,0.0104884779498043,-0.111408858335009,0.0101226579110367,-0.36236733959062,0.0110408772774246
2.19619468116618,0.285825853486649,-0.051961298518877,-0.376784290632329,0.0105803119564131,-0.111403035395433,0.0102067330424211,-0.362429328821479,0.0112010469545969
2.21142561723131,0.285721399399386,-0.0523228093703872,-0.376809065872021,0.0106729370995689,-0.111396913176089,0.0102914232669577,-0.362490996900452,0.0113628635197806
2.22676218209858,0.285615327958932,-0.0526864614792689,-0.376833958638052,0.0107663594534494,-0.111390486762897,0.0103767306493754,-0.362552331739442,0.0115263331952683
2.24220510831939,0.285507619821514,-0.0530522607052044,-0.376858969217622,0.0108605851474234,-0.111383751207651,0.0104626572268714,-0.362613321208422,0.0116914620956254
2.25775513352553,0.285398255464611,-0.0534202128300407,-0.376884097910828,0.0109556203672046,-0.111376701528098,0.0105492050088641,-0.362673953137861,0.0118582562279431
2.27341300046436,0.285287215185043,-0.0537903235557173,-0.376909345030721,0.0110514713560262,-0.111369332708025,0.0106363759767471,-0.362734215321129,0.0120267214921659
2.28917945703428,0.285174479097063,-0.0541625985021266,-0.37693471090336,0.0111481444158368,-0.111361639697331,0.0107241720836457,-0.362794095516884,0.0121968636814933
2.30505525632052,0.285060027130419,-0.0545370432049056,-0.376960195867836,0.0112456459085171,-0.111353617412096,0.0108125952541737,-0.362853581451437,0.0123686884828545
2.32104115663104,0.284943839028414,-0.0549136631131559,-0.376985800276284,0.0113439822571178,-0.111345260734644,0.0109016473841916,-0.362912660821092,0.0125422014774559
2.33713792153279,0.284825894345947,-0.0552924635870926,-0.377011524493876,0.0114431599471187,-0.111336564513601,0.0109913303405651,-0.362971321294451,0.0127174081414005
2.35334631988814,0.284706172447557,-0.0556734498956195,-0.377037368898789,0.0115431855277078,-0.111327523563939,0.0110816459609236,-0.363029550514704,0.0128943138463778
2.36966712589169,0.284584652505442,-0.0560566272138294,-0.37706333388216,0.0116440656130826,-0.111318132667023,0.0111725960534184,-0.363087336101867,0.0130729238604238
2.38610111910714,0.284461313497487,-0.0564420006204279,-0.377089419848011,0.0117458068837704,-0.111308386570645,0.0112641823964808,-0.363144665655003,0.0132532433487495
2.40264908450462,0.284336134205276,-0.0568295750950803,-0.37711562721316,0.011848416087971,-0.11129827998905,0.0113564067385782,-0.363201526754393,0.0134352773746372
2.41931181249812,0.284209093212108,-0.0572193555156786,-0.377141956407108,0.0119519000429179,-0.111287807602959,0.0114492707979693,-0.363257906963679,0.0136190309004027
2.43609009898327,0.284080168901008,-0.0576113466555291,-0.377168407871898,0.0120562656362619,-0.111276964059582,0.0115427762624574,-0.363313793831953,0.0138045087884229
2.45298474537537,0.283949339452741,-0.0580055531804575,-0.377194982061958,0.0121615198274735,-0.111265743972624,0.0116369247891411,-0.36336917489581,0.0139917158022269
2.46999655864764,0.283816582843821,-0.0584019796458331,-0.377221679443918,0.012267669649266,-0.111254141922284,0.0117317180041627,-0.363424037681357,0.0141806566076488
2.48712635136979,0.283681876844537,-0.0588006304935067,-0.377248500496396,0.0123747222090382,-0.111242152455244,0.0118271575024527,-0.363478369706169,0.0143713357740416
2.50437494174681,0.28354519901697,-0.059201510048665,-0.377275445709767,0.0124826846903375,-0.111229770084656,0.0119232448474715,-0.363532158481196,0.0145637577755495
2.52174315365806,0.283406526713028,-0.0596046225165986,-0.377302515585903,0.0125915643543423,-0.111216989290114,0.0120199815709463,-0.363585391512621,0.0147579269924378
2.53923181669665,0.28326583707249,-0.0600099719793816,-0.377329710637885,0.0127013685413633,-0.111203804517628,0.012117369172604,-0.363638056303664,0.0149538477124786
2.55684176620901,0.283123107021052,-0.0604175623924638,-0.37735703138969,0.0128121046723655,-0.111190210179576,0.0122154091198987,-0.363690140356325,0.015151524132389
2.57457384333485,0.282978313268403,-0.0608273975811732,-0.377384478375848,0.012923780250508,-0.111176200654669,0.0123141028477339,-0.363741631173081,0.0153509603593228
2.59242889504728,0.282831432306302,-0.0612394812371277,-0.377412052141072,0.0130364028627031,-0.111161770287885,0.0124134517581792,-0.363792516258512,0.0155521604124108
2.61040777419332,0.282682440406681,-0.0616538169145555,-0.377439753239862,0.0131499801811944,-0.111146913390417,0.0125134572201797,-0.363842783120875,0.0157551282243499
2.6285113395346,0.282531313619766,-0.0620704080265234,-0.377467582236072,0.0132645199651535,-0.111131624239598,0.0126141205692595,-0.363892419273612,0.0159598676430373
2.64674045578839,0.282378027772223,-0.0624892578410716,-0.377495539702453,0.0133800300622939,-0.111115897078829,0.0127154431072173,-0.3639414122368,0.0161663824332495
2.6650959936689,0.282222558465323,-0.0629103694772542,-0.377523626220162,0.0134965184105044,-0.111099726117494,0.0128174261018141,-0.363989749538525,0.0163746762783625
2.68357882992886,0.282064881073141,-0.0633337459010855,-0.37755184237824,0.0136139930394991,-0.111083105530871,0.0129200707864536,-0.364037418716206,0.016584752782112
2.70218984740145,0.28190497074078,-0.06375938992139,-0.377580188773061,0.0137324620724857,-0.111066029460034,0.0130233783598525,-0.364084407317836,0.0167966154703905
2.72092993504239,0.281742802382627,-0.0641873041855563,-0.37760866600774,0.0138519337278505,-0.111048492011751,0.0131273499857027,-0.364130702903166,0.0170102677930794
2.73979998797246,0.281578350680644,-0.0646174911751942,-0.377637274691515,0.0139724163208613,-0.111030487258374,0.0132319867923232,-0.364176293044814,0.017225713125916
2.75880090752022,0.281411590082699,-0.0650499532016932,-0.377666015439092,0.0140939182653856,-0.111012009237725,0.0133372898723022,-0.364221165329305,0.0174429547723883
2.77793360126509,0.281242494800929,-0.0654846924016844,-0.377694888869956,0.0142164480756265,-0.11099305195297,0.0134432602821284,-0.364265307358042,0.0176619959656604
2.79719898308069,0.281071038810148,-0.0659217107324021,-0.37772389560764,0.0143400143678742,-0.110973609372496,0.0135498990418115,-0.364308706748196,0.0178828398705233
2.81659797317847,0.280897195846303,-0.0663610099669462,-0.377753036278973,0.0144646258622737,-0.110953675429775,0.0136572071344909,-0.364351351133538,0.0181054895853683
2.83613149815172,0.280720939404973,-0.0668025916894464,-0.37778231151327,0.014590291384607,-0.110933244023227,0.0137651855060326,-0.364393228165183,0.0183299481441842
2.85580049101974,0.280542242739912,-0.0672464572901244,-0.377811721941503,0.0147170198680916,-0.11091230901608,0.0138738350646138,-0.364434325512269,0.0185562185185709
2.87560589127251,0.280361078861658,-0.0676926079602562,-0.377841268195423,0.0148448203551934,-0.110890864236217,0.0139831566802943,-0.364474630862558,0.0187843036197715
2.89554864491548,0.280177420536183,-0.0681410446870345,-0.377870950906646,0.0149737019994538,-0.110868903476031,0.0140931511845748,-0.364514131922961,0.0190142063007167
2.91562970451479,0.279991240283608,-0.0685917682483286,-0.377900770705699,0.0151036740673314,-0.110846420492262,0.0142038193699422,-0.364552816419988,0.0192459293580838
2.93585002924278,0.279802510376974,-0.0690447792073439,-0.377930728221025,0.0152347459400567,-0.110823409005848,0.0143151619893993,-0.364590672100129,0.0194794755343622
2.95621058492378,0.279611202841081,-0.0695000779071802,-0.377960824077947,0.0153669271155012,-0.110799862701754,0.0144271797559812,-0.364627686730145,0.0197148475199273
2.97671234408028,0.279417289451388,-0.0699576644652871,-0.377991058897593,0.0155002272100584,-0.110775775228811,0.0145398733422564,-0.364663848097297,0.0199520479551199
2.99735628597932,0.279220741732984,-0.0704175387678196,-0.37802143329577,0.0156346559605374,-0.110751140199554,0.0146532433798123,-0.364699144009493,0.020191079432326
3.01814339667932,0.279021530959627,-0.0708797004638907,-0.378051947881803,0.0157702232260698,-0.110725951190044,0.0147672904587258,-0.364733562295359,0.0204319444980581
3.03907466907719,0.278819628152866,-0.071344148959723,-0.37808260325733,0.0159069389900266,-0.110700201739706,0.0148820151270163,-0.364767090804231,0.0206746456550332
3.06015110295567,0.27861500408123,-0.0718108834126987,-0.37811340001504,0.0160448133619472,-0.110673885351158,0.0149974178900841,-0.364799717406081,0.0209191853642462
3.08137370503119,0.278407629259501,-0.0722799027253087,-0.378144338737382,0.0161838565794792,-0.110646995490033,0.0151134992101305,-0.36483142999136,0.0211655660470369
3.10274348900188,0.278197473948075,-0.0727512055389996,-0.378175419995217,0.016324079010328,-0.110619525584816,0.0152302595055618,-0.364862216470764,0.0214137900871461
3.12426147559604,0.277984508152404,-0.0732247902279212,-0.378206644346422,0.0164654911542163,-0.110591469026671,0.0153476991503748,-0.364892064774933,0.0216638598327619
3.14592869262085,0.277768701622525,-0.0737006548925723,-0.378238012334455,0.0166081036448533,-0.110562819169272,0.015465818473526,-0.364920962854073,0.0219157775985509
3.16774617501149,0.277550023852689,-0.0741787973533467,-0.378269524486858,0.0167519272519114,-0.110533569328633,0.0155846177582808,-0.364948898677499,0.0221695456676739
3.18971496488059,0.27732844408108,-0.0746592151439807,-0.378301181313727,0.0168969728830125,-0.11050371278295,0.0157040972415461,-0.364975860233115,0.0224251662937826
3.21183611156796,0.277103931289633,-0.0751419055048989,-0.378332983306111,0.0170432515857212,-0.11047324277243,0.0158242571131832,-0.36500183552681,0.0226826417029967
3.23411067169074,0.276876454203957,-0.0756268653764638,-0.378364930934381,0.0171907745495446,-0.11044215249914,0.0159450975153024,-0.365026812581796,0.0229419740958582
3.25653970919388,0.276645981293356,-0.0761140913921264,-0.378397024646531,0.0173395531079395,-0.11041043512685,0.0160666185415375,-0.365050779437863,0.0232031656492609
3.27912429540095,0.276412480770971,-0.076603579871479,-0.378429264866434,0.0174895987403243,-0.110378083780883,0.0161888202363024,-0.365073724150571,0.0234662185183532
3.30186550906528,0.276175920594015,-0.0770953268132123,-0.378461651992041,0.0176409230740973,-0.110345091547969,0.0163117025940267,-0.365095634790371,0.0237311348384125
3.32476443642155,0.27593626846414,-0.0775893278879765,-0.37849418639353,0.0177935378866583,-0.110311451476109,0.0164352655583724,-0.365116499441659,0.023997916726689
3.3478221712376,0.275693491827913,-0.0780855784311468,-0.378526868411392,0.0179474551074348,-0.110277156574444,0.0165595090214301,-0.365136306201762,0.0242665662842162
3.37103981486675,0.275447557877412,-0.0785840734354965,-0.378559698354467,0.0181026868199115,-0.110242199813128,0.0166844328228956,-0.365155043179859,0.0245370855975883
3.39441847630035,0.275198433550953,-0.0790848075437753,-0.378592676497922,0.0182592452636611,-0.110206574123213,0.0168100367492259,-0.365172698495836,0.0248094767407002
3.41795927222076,0.274946085533941,-0.0795877750411974,-0.37862580308117,0.0184171428363782,-0.110170272396542,0.0169363205327744,-0.365189260279079,0.02508374177645
3.44166332705473,0.274690480259849,-0.0800929698478381,-0.378659078305729,0.0185763920959133,-0.110133287485648,0.0170632838509065,-0.365204716667203,0.0253598827584013
3.46553177302703,0.27443158391134,-0.0806003855109415,-0.378692502333021,0.0187370057623072,-0.11009561220367,0.0171909263250941,-0.365219055804723,0.0256379017324048
3.48956575021462,0.274169362421519,-0.0811100151971394,-0.378726075282115,0.0188989967198243,-0.110057239324271,0.0173192475199891,-0.36523226584166,0.0259178007381762
3.51376640660105,0.273903781475331,-0.0816218516845842,-0.378759797227405,0.0190623780189852,-0.110018161581577,0.0174482469424769,-0.365244334932095,0.0261995818108293
3.53813489813128,0.273634806511106,-0.082135887354996,-0.378793668196225,0.0192271628785965,-0.109978371670118,0.0175779240407086,-0.365255251232657,0.0264832469823633
3.56267238876697,0.273362402722245,-0.0826521141856268,-0.378827688166399,0.0193933646877769,-0.109937862244793,0.0177082782031124,-0.365265002900968,0.0267687982831026
3.58738005054197,0.273086535059065,-0.0831705237411418,-0.378861857063737,0.0195609970079796,-0.109896625920839,0.017839308757385,-0.36527357809402,0.0270562377430863
3.61225906361841,0.272807168230799,-0.0836911071654209,-0.378896174759449,0.0197300735750102,-0.109854655273823,0.0179710149694612,-0.365280964966508,0.0273455673934087
3.63731061634298,0.272524266707749,-0.0842138551732814,-0.378930641067509,0.0199006083010368,-0.109811942839642,0.0181033960424635,-0.365287151669111,0.0276367892675067
3.66253590530377,0.272237794723611,-0.0847387580421243,-0.378965255741944,0.020072615276595,-0.109768481114542,0.018236451115631,-0.365292126346718,0.0279299054023948
3.68793613538733,0.271947716277961,-0.0852658056035057,-0.379000018474055,0.020246108772583,-0.109724262555157,0.0183701792632278,-0.365295877136613,0.0282249178398458
3.71351251983634,0.271653995138907,-0.0857949872346359,-0.379034928889571,0.0204211032422488,-0.109679279578563,0.0185045794934306,-0.365298392166605,0.0285218286275147
3.73926628030746,0.271356594845927,-0.0863262918498079,-0.379069986545732,0.0205976133231663,-0.109633524562348,0.0186396507471967,-0.365299659553122,0.0288206398200081
3.76519864692972,0.271055478712867,-0.0868597078917577,-0.379105190928307,0.0207756538392002,-0.109586989844703,0.0187753918971113,-0.365299667399251,0.029121353479894
3.7913108583633,0.270750609831136,-0.0873952233229591,-0.379140541448527,0.0209552398024585,-0.109539667724539,0.0189118017462153,-0.365298403792749,0.0294239716786538
3.81760416185865,0.270441951073079,-0.087932825616855,-0.379176037439963,0.0211363864152308,-0.109491550461616,0.0190488790268134,-0.365295856804,0.0297284964975744
3.84407981331609,0.270129465095533,-0.0884725017490278,-0.379211678155316,0.0213191090719116,-0.109442630276695,0.0191866223992621,-0.365292014483942,0.0300349300285795
3.87073907734582,0.269813114343582,-0.0890142381883121,-0.379247462763136,0.0215034233609078,-0.109392899351722,0.0193250304507393,-0.365286864861957,0.030343274375
3.89758322732826,0.269492861054508,-0.0895580208878518,-0.379283390344474,0.0216893450665273,-0.109342349830022,0.0194641016939945,-0.365280395943719,0.0306535316522812
3.92461354547494,0.269168667261933,-0.0901038352761047,-0.379319459889446,0.02187689017085,-0.109290973816525,0.0196038345660803,-0.365272595709016,0.0309657039886282
3.95183132288971,0.268840494800177,-0.0906516662477986,-0.379355670293728,0.0220660748555776,-0.10923876337802,0.0197442274270661,-0.365263452109535,0.0312797935255866
3.97923785963041,0.268508305308806,-0.0912014981548394,-0.379392020354965,0.0222569155038612,-0.109185710543422,0.0198852785587329,-0.365252953066616,0.0315958024185586
4.00683446477099,0.268172060237407,-0.091753314797178,-0.379428508769111,0.0224494287021065,-0.109131807304081,0.0200269861632517,-0.365241086468983,0.0319137328372555
4.03462245646401,0.267831720850565,-0.0923070994136363,-0.379465134126679,0.0226436312417529,-0.109077045614108,0.0201693483618432,-0.365227840170442,0.0322335869660829
4.06260316200361,0.267487248233063,-0.0928628346726974,-0.379501894908915,0.0228395401210278,-0.109021417390734,0.0203123631934227,-0.365213201987553,0.0325553670044616
4.09077791788892,0.267138603295305,-0.0934205026632631,-0.379538789483894,0.0230371725466706,-0.108964914514695,0.0204560286132267,-0.365197159697287,0.0328790751670797
4.11914806988789,0.266785746778956,-0.0939800848853826,-0.379575816102519,0.0232365459356291,-0.10890752883065,0.020600342491425,-0.365179701034649,0.0332047136840802
4.14771497310157,0.266428639262821,-0.0945415622409561,-0.379612972894455,0.0234376779167229,-0.108849252147626,0.0207453026117169,-0.365160813690287,0.0335322848011797
4.17647999202884,0.266067241168949,-0.0951049150244173,-0.379650257863963,0.0236405863322747,-0.108790076239501,0.0208909066699129,-0.365140485308084,0.0338617907797192
4.20544450063156,0.265701512768974,-0.0956701229133989,-0.379687668885657,0.0238452892397051,-0.10872999284551,0.0210371522725016,-0.365118703482725,0.0341932338966483
4.23460988240025,0.265331414190701,-0.0962371649593857,-0.379725203700172,0.0240518049130926,-0.108668993670793,0.021184036935204,-0.365095455757259,0.03452661644444
4.26397753042013,0.264956905424924,-0.0968060195783593,-0.379762859909744,0.0242601518446926,-0.108607070386969,0.0213315580815134,-0.365070729620636,0.0348619407309372
4.29354884743766,0.264577946332504,-0.0973766645414389,-0.379800634973702,0.0244703487464169,-0.108544214632754,0.0214797130412243,-0.365044512505241,0.0351992090791311
4.32332524592758,0.264194496651687,-0.0979490769655232,-0.379838526203874,0.0246824145512704,-0.108480418014604,0.0216284990489483,-0.365016791784408,0.0355384238268703
4.35330814816033,0.263806516005678,-0.0985232333039381,-0.379876530759898,0.024896368414742,-0.108415672107403,0.0217779132426196,-0.364987554769936,0.0358795873265013
4.38349898627002,0.263413963910473,-0.0990991093370949,-0.37991464564445,0.0251122297161498,-0.10834996845518,0.0219279526619906,-0.364956788709582,0.03622270194444
4.41389920232282,0.263016799782955,-0.0996766801631646,-0.379952867698371,0.0253300180599356,-0.108283298571875,0.0220786142471168,-0.364924480784566,0.0365677700606744
4.44451024838583,0.262614982949244,-0.100255920188774,-0.379991193595712,0.0255497532769096,-0.108215653942128,0.0222298948368338,-0.364890618107056,0.036914794068198
4.47533358659646,0.262208472653324,-0.100836803119725,-0.380029619838677,0.0257714554254402,-0.108147026022125,0.0223817911672259,-0.364855187717656,0.037263776372375
4.50637068923228,0.261797228065932,-0.101419301951755,-0.380068142752483,0.0259951447925877,-0.108077406240464,0.022534299870088,-0.364818176582893,0.0376147193902353
4.53762303878129,0.261381208293728,-0.102003388961319,-0.380106758480114,0.0262208418951806,-0.108006785999084,0.0226874174713805,-0.364779571592705,0.037967625549703
4.56909212801278,0.260960372388734,-0.102589035696436,-0.380145462976992,0.0264485674808296,-0.107935156674215,0.0228411403896791,-0.364739359557922,0.0383224972887539
4.60077946004862,0.260534679358057,-0.103176212967566,-0.380184252005544,0.0266783425288791,-0.107862509617381,0.0229954649346205,-0.364697527207761,0.0386793370545059
4.63268654843505,0.260104088173893,-0.103764890838559,-0.380223121129677,0.0269101882512919,-0.107788836156446,0.0231503873053439,-0.364654061187317,0.0390381473022415
4.66481491721498,0.259668557783815,-0.104355038617654,-0.380262065709158,0.0271441260934658,-0.107714127596699,0.0233059035889302,-0.364608948055063,0.0393989304943609
4.69716610100076,0.259228047121351,-0.104946624848554,-0.380301080893894,0.027380177734978,-0.107638375221983,0.0234620097588401,-0.364562174280354,0.0397616890992685
4.72974164504755,0.258782515116851,-0.105539617301576,-0.380340161618115,0.0276183650902563,-0.107561570295874,0.0236187016733505,-0.364513726240942,0.0401264255901912
4.76254310532705,0.258331920708645,-0.106133982964882,-0.380379302594466,0.0278587103091719,-0.107483704062898,0.0237759750739926,-0.3644635902205,0.0404931424439302
4.79557204860185,0.257876222854505,-0.106729688035801,-0.380418498307988,0.0281012357775532,-0.1074047677498,0.0239338255839911,-0.364411752406155,0.0408618421395444
4.82883005250031,0.257415380543389,-0.107326697912245,-0.380457743010015,0.0283459641176166,-0.107324752566856,0.0240922487067058,-0.364358198886034,0.041232527156969
4.86231870559183,0.256949352807503,-0.107924977184238,-0.380497030711966,0.0285929181883109,-0.107243649709233,0.0242512398240777,-0.364302915646825,0.0416051999755665
4.89603960746281,0.256478098734654,-0.108524489625543,-0.380536355179032,0.028842121085573,-0.107161450358393,0.0244107941950799,-0.364245888571348,0.0419798630726123
4.92999436879299,0.256001577480908,-0.109125198185421,-0.380575709923779,0.029093596142491,-0.107078145683553,0.0245709069541744,-0.364187103436149,0.0423565189217146
4.96418461143244,0.255519748283556,-0.109727064980512,-0.380615088199638,0.0293473669293726,-0.106993726843185,0.0247315731097767,-0.364126545909101,0.0427351699911692
4.99861196847899,0.255032570474388,-0.110330051286852,-0.380654482994307,0.029603457253714,-0.106908184986568,0.0248927875427293,-0.364064201547037,0.0431158187422499
5.03327808435624,0.254540003493276,-0.110934117532036,-0.380693887023045,0.0298618911600675,-0.106821511255391,0.0250545450047845,-0.364000055793384,0.0434984676274335
5.06818461489212,0.254042006902064,-0.11153922328753,-0.380733292721875,0.030122692929803,-0.106733696785402,0.0252168401170994,-0.363934093975837,0.043883119088563
5.10333322739797,0.253538540398769,-0.112145327261146,-0.380772692240684,0.0303858870807613,-0.106644732708112,0.0253796673687429,-0.363866301304039,0.0442697755549449
5.13872560074817,0.253029563832105,-0.112752387289688,-0.380812077436227,0.0306514983667942,-0.106554610152542,0.0255430211152169,-0.363796662867293,0.0446584394413852
5.17436342546036,0.252515037216304,-0.113360360331772,-0.380851439865033,0.0309195517771895,-0.106463320247029,0.0257068955769929,-0.363725163632293,0.0450491131461626
5.21024840377617,0.251994920746264,-0.113969202460839,-0.380890770776211,0.0311900725359757,-0.106370854121075,0.0258712848380658,-0.363651788440881,0.0454417990489396
5.24638224974252,0.251469174813004,-0.11457886885836,-0.380930061104167,0.0314630861011037,-0.106277202907257,0.0260361828445248,-0.363576522007831,0.0458364995086118
5.2827666892935,0.250937760019437,-0.115189313807253,-0.380969301461214,0.0317386181635015,-0.106182357743172,0.0262015834031457,-0.363499348918658,0.0462332168610965
5.31940346033281,0.250400637196455,-0.115800490685509,-0.381008482130092,0.0320166946459973,-0.106086309773456,0.0263674801800031,-0.363420253627458,0.046631953417061
5.35629431281677,0.249857767419328,-0.116412351960049,-0.3810475930564,0.0322973417021089,-0.105989050151832,0.0265338666991054,-0.363339220454769,0.0470327114595906
5.39344100883792,0.249309112024421,-0.117024849180813,-0.381086623840919,0.0325805857146937,-0.105890570043227,0.0267007363410551,-0.363256233585472,0.0474354932417967
5.43084532270915,0.248754632626216,-0.117637932975097,-0.381125563731856,0.0328664532944563,-0.10579086062593,0.0268680823417337,-0.363171277066717,0.0478403009843674
5.4685090410485,0.248194291134654,-0.118251553042143,-0.381164401616993,0.0331549712783091,-0.105689913093806,0.0270358977910147,-0.363084334805878,0.0482471368730576
5.50643396286443,0.247628049772783,-0.118865658147999,-0.381203126015737,0.0334461667275824,-0.105587718658565,0.0272041756315055,-0.362995390568547,0.0486560030561235
5.54462189964184,0.247055871094715,-0.119480196120647,-0.381241725071094,0.03374006692608,-0.105484268552073,0.0273729086573194,-0.362904427976557,0.0490669016416974
5.58307467542852,0.24647771800389,-0.120095113845428,-0.381280186541548,0.0340366993779745,-0.105379554028729,0.0275420895128809,-0.362811430506039,0.0494798346951078
5.6217941269223,0.245893553771648,-0.120710357260756,-0.381318497792851,0.0343360918055409,-0.105273566367875,0.0277117106917637,-0.362716381485516,0.0498948042361417
5.66078210355879,0.245303342056104,-0.121325871354148,-0.381356645789738,0.0346382721467213,-0.105166296876276,0.0278817645355655,-0.362619264094033,0.0503118122362516
5.70004046759971,0.244707046921317,-0.121941600158562,-0.381394617087549,0.0349432685525185,-0.105057736890638,0.0280522432328188,-0.362520061359321,0.0507308606157078
5.73957109422183,0.244104632856761,-0.12255748674908,-0.381432397823781,0.0352511093842136,-0.104947877780181,0.0282231388179419,-0.362418756156,0.0511519512406952
5.77937587160657,0.243496064797091,-0.123173473239917,-0.381469973709548,0.035561823210402,-0.104836710949265,0.02839444317023,-0.362315331203822,0.0515750859203566
5.81945670103016,0.242881308142195,-0.123789500781794,-0.381507330020978,0.035875438803846,-0.104724227840061,0.0285661480128886,-0.36220976906595,0.0520002664037818
5.85981549695445,0.242260328777532,-0.124405509559667,-0.381544451590528,0.0361919851381368,-0.104610419935271,0.0287382449121115,-0.362102052147278,0.052427494376944
5.90045418711838,0.241633093094757,-0.125021438790837,-0.381581322798229,0.036511491384163,-0.104495278760906,0.0289107252762047,-0.361992162692794,0.0528567714595834
5.94137471263004,0.240999568012617,-0.125637226723441,-0.381617927562864,0.0368339869063814,-0.104378795889101,0.0290835803547577,-0.361880082785977,0.0532880992020394
5.9825790280594,0.240359720998122,-0.126252810635345,-0.381654249333075,0.0371595012588844,-0.104260962940984,0.0292568012378647,-0.361765794347245,0.0537214790820301
6.02406910153166,0.239713520087979,-0.126868126833443,-0.381690271078411,0.03748806418126,-0.104141771589591,0.0294303788553967,-0.36164927913244,0.0541569125013817
6.06584691482126,0.239060933910292,-0.127483110653379,-0.381725975280315,0.0378197055942406,-0.104021213562827,0.029604303976327,-0.361530518731358,0.0545944007827075
6.10791446344653,0.238401931706513,-0.1280976964597,-0.381761343923055,0.0381544555951355,-0.103899280646471,0.0297785672081115,-0.361409494566321,0.0550339451660357
6.15027375676503,0.237736483353638,-0.128711817646456,-0.381796358484595,0.0384923444530414,-0.103775964687233,0.029953158996125,-0.361286187890798,0.0554755468053897
6.19292681806951,0.237064559386651,-0.129325406638252,-0.381830999927424,0.0388334026038293,-0.103651257595841,0.0301280696231572,-0.361160579788068,0.0559192067653172
6.23587568468454,0.236386131021192,-0.129938394891768,-0.381865248689337,0.0391776606448996,-0.103525151350186,0.0303032892089674,-0.361032651169927,0.0563649260173726
6.27912240806387,0.23570117017646,-0.130550712897758,-0.381899084674165,0.039525149329705,-0.103397637998496,0.0304788077099027,-0.360902382775451,0.0568127054365504
6.32266905388835,0.235009649498325,-0.13116229018354,-0.381932487242481,0.0398758995620321,-0.103268709662563,0.0306546149185786,-0.360769755169791,0.0572625457976712
6.36651770216467,0.234311542382652,-0.131773055315987,-0.381965435202261,0.0402299423900417,-0.103138358540997,0.030830700463626,-0.360634748743035,0.0577144477717206
6.41067044732463,0.233606822998826,-0.13238293590503,-0.381997906799516,0.0405873090000599,-0.103006576912526,0.0310070538095052,-0.360497343709097,0.0581684119221419
6.45512939832527,0.232895466313462,-0.132991858607685,-0.382029879708906,0.0409480307101178,-0.102873357139334,0.0311836642563889,-0.360357520104676,0.0586244387010824
6.49989667874954,0.2321774481143,-0.133599749132622,-0.382061331024326,0.0413121389632344,-0.102738691670427,0.0313605209401161,-0.360215257788252,0.0590825284455934
6.54497442690774,0.231452745034263,-0.134206532245267,-0.382092237249479,0.0416796653204381,-0.102602573045043,0.0315376128322183,-0.360070536439133,0.0595426813737855
6.5903647959397,0.23072133457568,-0.134812131773479,-0.382122574288442,0.0420506414535238,-0.102464993896085,0.0317149287400198,-0.359923335556559,0.0600048975809394
6.63606995391757,0.229983195134649,-0.135416470613777,-0.382152317436222,0.0424250991375398,-0.102325946953594,0.0318924573068143,-0.359773634458857,0.0604691770355715
6.68209208394941,0.229238306025541,-0.136019470738164,-0.382181441369315,0.0428030702430017,-0.102185425048244,0.0320701870121182,-0.359621412282638,0.0609355195754556
6.72843338428345,0.228486647505624,-0.136621053201527,-0.382209920136274,0.043184586727828,-0.102043421114872,0.0322481061720039,-0.359466647982063,0.0614039249036016
6.77509606841313,0.227728200799795,-0.137221138149646,-0.382237727148284,0.0435696806289945,-0.101899928196025,0.0324262029395128,-0.35930932032815,0.0618743925841902
6.82208236518274,0.226962948125411,-0.137819644827804,-0.382264835169756,0.0439583840539025,-0.10175493944554,0.0326044653051514,-0.359149407908139,0.062346922038465
6.86939451889399,0.226190872717203,-0.13841649159003,-0.382291216308955,0.0443507291714579,-0.101608448132144,0.0327828810974705,-0.358986889124916,0.0628215125405827
6.91703478941313,0.225411958852258,-0.139011595908955,-0.382316842008642,0.0447467482028563,-0.101460447643068,0.0329614379837303,-0.358821742196482,0.0632981632134202
6.96500545227891,0.224626191875054,-0.139604874386326,-0.382341683036773,0.0451464734120721,-0.101310931487688,0.0331401234706513,-0.358653945155493,0.0637768730243409
7.0133087988113,0.223833558222538,-0.14019624276415,-0.382365709477225,0.0455499370960462,-0.101159893301177,0.0333189249052543,-0.35848347584884,0.0642576407809187
7.06194713622089,0.223034045449217,-0.140785615936511,-0.382388890720589,0.04595717157457,-0.101007326848173,0.033497829475789,-0.3583103119373,0.0647404651266221
7.11092278771915,0.222227642252273,-0.141372907962037,-0.382411195455012,0.046368209179862,-0.100853226026458,0.033676824212754,-0.358134430895238,0.0652253445364561
7.16023809262934,0.221414338496653,-0.141958032077054,-0.382432591657109,0.046783082245834,-0.100697584870645,0.033855895990008,-0.357955810010366,0.0657122773125652
7.20989540649828,0.220594125240138,-0.142540900709416,-0.382453046582952,0.047201823097044,-0.100540397555876,0.0340350315259751,-0.35777442638357,0.0662012615797952
7.25989710120885,0.219766994758375,-0.143121425493019,-0.382472526759133,0.0476244640373321,-0.100381658401519,0.0342142173849439,-0.357590256928784,0.0666922952812156
7.31024556509332,0.218932940569835,-0.143699517283021,-0.382490997973929,0.0480510373381376,-0.100221361874874,0.034393439978462,-0.357403278372938,0.0671853761736028
7.36094320304735,0.218091957460704,-0.144275086171756,-0.382508425268557,0.0484815752264941,-0.10005950259487,0.0345726855668273,-0.357213467255958,0.0676805018228836
7.41199243664497,0.217244041509663,-0.144848041505359,-0.382524772928534,0.0489161098727011,-0.0998960753357689,0.0347519402606761,-0.357020799930829,0.06817766959954
7.46339570425412,0.216389190112562,-0.145418291901107,-0.382540004475165,0.049354673377668,-0.0997310750308528,0.0349311900226704,-0.356825252563726,0.0686768766739753
7.51515546115323,0.215527402006946,-0.145985745265477,-0.382554082657139,0.0497972977599306,-0.0995644967761118,0.0351104206692829,-0.356626801134203,0.0691781200118419
7.56727417964842,0.214658677296431,-0.14655030881293,-0.382566969442272,0.0502440149423371,-0.099396335833916,0.0352896178726834,-0.35642542143545,0.0696813963693308
7.61975434919166,0.213783017474901,-0.147111889085422,-0.382578626009386,0.0506948567384021,-0.0992265876366733,0.0354687671627242,-0.356221089074609,0.0701867022884234
7.67259847649959,0.212900425450503,-0.147670391972645,-0.38258901274034,0.0511498548383274,-0.0990552477904715,0.0356478539290275,-0.356013779473163,0.0706940340921053
7.72580908567334,0.212010905569424,-0.148225722733007,-0.382598089212223,0.0516090407946875,-0.0988823120786992,0.0358268634231741,-0.355803467867389,0.071203387879543
7.77938871831903,0.21111446363943,-0.148777786015347,-0.382605814189723,0.052072446007781,-0.0987077764656444,0.0360057807609935,-0.355590129308874,0.0717147595212237
7.83333993366922,0.210211106953138,-0.149326485881388,-0.382612145617668,0.0525401017106444,-0.098531637100066,0.0361845909249568,-0.355373738665106,0.0722281446540572
7.8876653087051,0.209300844311001,-0.149871725828933,-0.382617040613767,0.0530120389537298,-0.0983538903187369,0.0363632787666722,-0.355154270620128,0.0727435386764417
7.94236743827963,0.208383686043995,-0.150413408815798,-0.382620455461547,0.0534882885892455,-0.0981745326499537,0.036541829009482,-0.354931699675268,0.0732609367432936
7.99744893524145,0.207459644035964,-0.150951437284491,-0.382622345603503,0.0539688812551594,-0.0979935608170119,0.0367202262511633,-0.354706000149933,0.0737803337610394
8.0529124305597,0.206528731745615,-0.15148571318763,-0.382622665634468,0.0544538473588663,-0.0978109717416411,0.0368984549667307,-0.35447714618248,0.0743017243825735
8.10876057344967,0.205590964228144,-0.152016138014091,-0.382621369295223,0.0549432170605185,-0.0976267625473992,0.0370764995113412,-0.354245111731158,0.0748251030021786
8.16499603149936,0.204646358156449,-0.152542612815905,-0.382618409466341,0.0554370202560215,-0.09744093056302,0.0372543441233014,-0.354009870575122,0.0753504637504106
8.22162149079689,0.20369493184193,-0.153065038235882,-0.38261373816229,0.055935286559696,-0.0972534733257134,0.0374319729271759,-0.353771396315526,0.0758778004889493
8.27863965605879,0.202736705254833,-0.153583314535963,-0.382607306525805,0.0564380452866064,-0.0970643885844125,0.0376093699369973,-0.353529662376688,0.0764071068054122
8.33605325075921,0.201771700044126,-0.1540973416263,-0.382599064822527,0.0569453254345593,-0.0968736743029659,0.0377865190595761,-0.353284642007333,0.076938376008134
8.39386501726,0.200799939556881,-0.154607019095057,-0.38258896243594,0.0574571556657733,-0.0966813286632715,0.0379634040979107,-0.353036308281911,0.077471601120912
8.45207771694168,0.199821448857126,-0.15511224623892,-0.382576947862596,0.0579735642882223,-0.096487350068347,0.0381400087546962,-0.352784634102005,0.0780067748777151
8.51069413033537,0.198836254744165,-0.155612922094318,-0.382562968707662,0.0584945792366545,-0.0962917371453366,0.0383163166359309,-0.352529592197803,0.0785438897173607
8.56971705725559,0.197844385770319,-0.156108945469346,-0.382546971680783,0.0590202280532932,-0.0960944887484477,0.0384923112546196,-0.352271155129665,0.0790829377781554
8.62914931693396,0.196845872258071,-0.156600214976366,-0.382528902592272,0.0595505378682179,-0.0958956039618153,0.0386679760345728,-0.352009295289767,0.0796239108925034
8.68899374815392,0.195840746316607,-0.157086629065307,-0.382508706349657,0.0600855353794345,-0.0956950821022918,0.0388432943142993,-0.351743984903827,0.0801668005814802
8.74925320938629,0.194829041857694,-0.15756808605762,-0.382486326954575,0.0606252468326347,-0.0954929227221565,0.0390182493509924,-0.351475196032924,0.0807115980493739
8.80993057892579,0.193810794610904,-0.158044484180904,-0.38246170750004,0.061169698000653,-0.095289125611744,0.0391928243246069,-0.351202900575396,0.0812582941781925
8.87102875502857,0.192786042138144,-0.158515721604169,-0.382434790168088,0.0617189141626216,-0.0950836908019861,0.0393670023420247,-0.350927070268832,0.0818068795221394
8.93255065605059,0.191754823847466,-0.158981696473748,-0.382405516227808,0.0622729200828328,-0.0948766185668649,0.0395407664413096,-0.350647676692146,0.0823573443020553
8.99449922058705,0.190717181006137,-0.159442306949812,-0.38237382603379,0.0628317399893123,-0.0946679094257744,0.0397140995960459,-0.350364691267753,0.0829096783998298
9.05687740761275,0.189673156752953,-0.15989745124351,-0.382339659024975,0.0633953975521095,-0.0944575641457857,0.0398869847197614,-0.350078085263828,0.0834638713527791
9.11968819662343,0.18862279610975,-0.16034702765468,-0.382302953723935,0.0639639158613122,-0.0942455837438142,0.0400594046704315,-0.349787829796667,0.084019912347994
9.18293458777804,0.187566145992121,-0.160790934610154,-0.382263647736595,0.0645373174047909,-0.0940319694886849,0.0402313422550617,-0.349493895833135,0.0845777902166567
9.2466196020421,0.186503255219284,-0.161229070702601,-0.382221677752398,0.0651156240456822,-0.0938167229030927,0.040402780234347,-0.349196254193221,0.0851374934283261
9.31074628133199,0.185434174523103,-0.161661334729918,-0.382176979544937,0.0656988569996166,-0.093599845765455,0.0405737013274041,-0.348894875552688,0.0856990100851944
9.3753176886602,0.184358956556224,-0.162087625735143,-0.382129487973058,0.0662870368117006,-0.0933813401116536,0.0407440882165756,-0.348589730445823,0.0862623279163136
9.44033690828169,0.183277655899312,-0.162507843046854,-0.382079136982442,0.0668801833332595,-0.0931612082366624,0.0409139235523013,-0.348280789268291,0.0868274342717928
9.50580704584117,0.182190329067361,-0.162921886320056,-0.382025859607691,0.0674783156983525,-0.0929394526960589,0.0410831899580548,-0.347968022280095,0.0873943161169673
9.57173122852146,0.181097034515068,-0.163329655577523,-0.381969587974914,0.0680814523000664,-0.0927160763074164,0.0412518700353426,-0.347651399608642,0.0879629600265404
9.63811260519287,0.179997832641231,-0.163731051251566,-0.38191025330483,0.0686896107665996,-0.0924910821515742,0.0414199463687604,-0.347330891251921,0.0885333521786973
9.70495434656358,0.178892785792172,-0.164125974226215,-0.381847785916403,0.0693028079371455,-0.092264473573783,0.0415874015311063,-0.34700646708178,0.0891054783491932
9.7722596453311,0.177781958264148,-0.164514325879782,-0.381782115231013,0.069921059837586,-0.0920362541847234,0.0417542180885446,-0.346678096847333,0.0896793239054153
9.84003171633479,0.176665416304746,-0.164896008127789,-0.381713169777178,0.0705443816560065,-0.0918064278613959,0.0419203786058183,-0.346345750178471,0.0902548738004205
9.90827379670937,0.17554322811323,-0.165270923466223,-0.381640877195836,0.0711727877180419,-0.0915749987478776,0.0420858656515057,-0.346009396589489,0.0908321125669487
9.97698914603959,0.174415463839833,-0.165638975015093,-0.381565164246193,0.0718062914620686,-0.0913419712559466,0.0422506618033179,-0.345669005482842,0.0914110243114134
10.0461810465159,0.173282195583973,-0.166000066562277,-0.381485956812157,0.0724449054142501,-0.0911073500655697,0.0424147496534326,-0.34532454615301,0.0919915927078701
10.1158528030912,0.172143497391376,-0.166354102607604,-0.381403179909359,0.0730886411634536,-0.090871140125253,0.0425781118138611,-0.344975987790501,0.0925738009919636
10.1860077436388,0.170999445250097,-0.166700988407164,-0.381316757692768,0.0737375093360456,-0.0906333466522525,0.042740730921843,-0.344623299485967,0.0931576319548558
10.2566492191112,0.169850117085408,-0.167040630017805,-0.381226613464926,0.0743915195705842,-0.090393975132644,0.042902589645266,-0.344266450234456,0.0937430679371349
10.3277806037004,0.168695592753571,-0.167372934341788,-0.381132669684787,0.0750506804924186,-0.09015303132125,0.0430636706881048,-0.343905408939797,0.0943300908227067
10.3994052949988,0.167535954034443,-0.167697809171571,-0.381034847977192,0.0757149996882115,-0.0899105212414227,0.0432239567958764,-0.343540144419114,0.0949186820326705
10.4715267141616,0.16637128462294,-0.168015163234679,-0.38093306914297,0.0763844836803981,-0.0896664511846819,0.0433834307611055,-0.343170625407476,0.0955088225191802
10.5441483060703,0.165201670119318,-0.168324906238652,-0.380827253169694,0.0770591379015966,-0.0894208277102067,0.0435420754287971,-0.342796820562694,0.0961004927592924
10.6172735394972,0.164027198018288,-0.168626948916004,-0.380717319243067,0.0777389666689861,-0.0891736576441796,0.0436998737019109,-0.342418698470247,0.0966936727488032
10.6909059072708,0.162847957696932,-0.168921203069187,-0.380603185758988,0.0784239731586659,-0.0889249480789834,0.043856808546832,-0.342036227648363,0.0972883419960754
10.7650489264432,0.161664040401432,-0.169207581615514,-0.380484770336265,0.0791141593800139,-0.0886747063722486,0.0440128629988356,-0.341649376553242,0.0978844795158576
10.8397061384575,0.160475539232597,-0.169485998631999,-0.380361989830007,0.0798095261500588,-0.0884229401457529,0.0441680201675372,-0.341258113584431,0.0984820638230974
10.9148811093176,0.159282549130179,-0.169756369400098,-0.380234760345692,0.080510073067883,-0.0881696572841713,0.0443222632423276,-0.340862407090348,0.0990810729267512
10.9905774297578,0.158085166855984,-0.170018610450292,-0.380102997253917,0.0812157984890747,-0.0879148659336762,0.0444755754977841,-0.340462225373965,0.099681484323592
11.0667987154147,0.156883490975765,-0.170272639606497,-0.379966615205839,0.0819266995002426,-0.0876585745003899,0.0446279402990558,-0.340057536698646,0.100283274992017
11.1435486070002,0.155677621839907,-0.170518376030247,-0.379825528149306,0.0826427718936159,-0.0874007916486867,0.0447793411072157,-0.339648309294154,0.100886421385861
11.2208307704748,0.154467661562883,-0.170755740264622,-0.379679649345692,0.0833640101417421,-0.0871415262993483,0.0449297614845771,-0.339234511362807,0.101490899428208
11.2986488972231,0.153253714001511,-0.170984654277891,-0.379528891387424,0.0840904073723043,-0.0868807876275703,0.0450791850999668,-0.338816111085817,0.102096684505222
11.3770067042298,0.152035884731986,-0.171205041506809,-0.379373166216228,0.0848219553430756,-0.0866185850608227,0.045227595733952,-0.338393076629789,0.10270375145998
11.4559079342577,0.150814281025706,-0.171416826899559,-0.379212385142073,0.0855586444170272,-0.0863549282765646,0.0453749772840149,-0.337965376153395,0.103312074586318
11.535356356026,0.149589011823897,-0.171619936958283,-0.379046458862836,0.0863004635376124,-0.0860898271998138,0.0455213137696707,-0.337532977814225,0.103921627622702
11.6153557643908,0.148360187711029,-0.171814299781167,-0.378875297484672,0.087047400204242,-0.0858232920005745,0.0456665893375232,-0.337095849775817,0.104532383746112
11.6959099805258,0.147127920887048,-0.171999845104051,-0.378698810543108,0.0877994404479732,-0.0855553330911229,0.0458107882662541,-0.336653960214865,0.105144315565949
11.7770228521052,0.145892325138419,-0.172176504341513,-0.37851690702485,0.0885565688074305,-0.0852859611231529,0.0459538949715401,-0.33620727732862,0.105757395117974
11.8586982534876,0.144653515808001,-0.172344210627402,-0.378329495390307,0.0893187683049772,-0.085015186984785,0.0460958940108939,-0.335755769342463,0.106371593858273
11.9409400859005,0.143411609763745,-0.172502898854777,-0.378136483596837,0.0900860204231591,-0.0847430217974394,0.0462367700884232,-0.33529940451769,0.106986882657257
12.0237522776272,0.142166725366261,-0.172652505715211,-0.377937779122705,0.0908583050814397,-0.0844694769125763,0.0463765080595043,-0.33483815115947,0.1076032317937
12.1071387841942,0.140918982435229,-0.172792969737433,-0.377733288991763,0.0916356006132462,-0.0841945639083056,0.0465150929353646,-0.334371977625011,0.108220610948823
12.1911035885602,0.139668502214697,-0.172924231325256,-0.377522919798841,0.0924178837433485,-0.0839182945858691,0.0466525098875692,-0.333900852331924,0.108838989200418
12.2756507013062,0.138415407337275,-0.17304623279478,-0.377306577735856,0.0932051295655893,-0.083640680965998,0.0467887442524089,-0.333424743766785,0.109458335017025
12.3607841608273,0.137159821787234,-0.1731589184108,-0.377084168618622,0.0939973115209879,-0.0833617352851493,0.0469237815351825,-0.332943620493904,0.110078616252171
12.4465080335254,0.13590187086254,-0.173262234422415,-0.37685559791438,0.0947944013762369,-0.0830814699916231,0.0470576074143713,-0.332457451164301,0.11069980013866
12.5328264140034,0.134641681135839,-0.173356129097784,-0.376620770770022,0.0955963692026128,-0.0827998977415663,0.0471902077457008,-0.331966204524895,0.111321853282934
12.6197434252612,0.13337938041441,-0.173440552758002,-0.376379592041017,0.0964031833553217,-0.0825170313948644,0.0473215685660848,-0.331469849427899,0.111944741659501
12.7072632188919,0.132115097699118,-0.17351545781006,-0.376131966321033,0.0972148104533,-0.0822328840109267,0.0474516760974495,-0.330968354840437,0.112568430605444
12.7953899752808,0.130848963142383,-0.173580798778858,-0.375877797972243,0.098031215359491,-0.081947468844368,0.0475805167504323,-0.330461689854375,0.113192884815007
12.8841279038047,0.129581108005194,-0.173636532338236,-0.375616991156322,0.0988523611616195,-0.0816607993405919,0.0477080771279522,-0.329949823696371,0.113818068334269
12.9734812430331,0.128311664613193,-0.17368261734099,-0.375349449866107,0.0996782091534823,-0.0813728891312786,0.0478343440286486,-0.329432725738152,0.114443944555911
13.0634542609305,0.127040766311858,-0.17371901484785,-0.375075077957942,0.100508718816778,-0.0810837520297836,0.0479593044501842,-0.328910365507009,0.115070476214082
13.1540512550606,0.125768547420811,-0.17374568815538,-0.374793779184666,0.101343847803497,-0.0807934020264497,0.0480829455924102,-0.328382712696524,0.11569762537937
13.2452765527909,0.124495143187284,-0.173762602822778,-0.374505457229267,0.102183551918887,-0.0805018532838398,0.0482052548603884,-0.327849737177522,0.116325353453889
13.3371345115004,0.123220689738767,-0.173769726697543,-0.374210015739169,0.103027785105021,-0.0802091201318919,0.0483262198672708,-0.327311409009252,0.116953621166476
13.4296295187868,0.121945324034888,-0.173767029939986,-0.373907358361163,0.103876499424986,-0.0799152170630057,0.0484458284370298,-0.326767698450804,0.117582388568018
13.5227659926764,0.120669183818528,-0.173754485046557,-0.373597388776948,0.104729645047713,-0.0796201587270612,0.0485640686070402,-0.326218575972756,0.118211615026915
13.6165483818355,0.119392407566232,-0.173732066871957,-0.373280010739294,0.105587170233463,-0.0793239599263786,0.0486809286305087,-0.325664012269055,0.118841259224674
13.7109811657822,0.118115134437943,-0.17369975265003,-0.372955128108799,0.106449021319995,-0.0790266356106226,0.0487963969787487,-0.325103978269137,0.119471279151654
13.806068855101,0.116837504226082,-0.173657522013383,-0.37262264489124,0.107315142709441,-0.0787282008716571,0.0489104623432999,-0.324538445150277,0.120101632102971
13.9018159916578,0.115559657304028,-0.173605357011741,-0.372282465275494,0.10818547685589,-0.0784286709383557,0.0490231136378893,-0.323967384350186,0.120732274674551
13.998227148817,0.114281734574029,-0.173543242128996,-0.371934493672023,0.109059964253716,-0.078128061171375,0.0491343400002331,-0.323390767579838,0.121363162759367
14.0953069316601,0.113003877414575,-0.173471164298944,-0.37157863475191,0.109938543426669,-0.0778263870578937,0.0492441307936786,-0.322808566836539,0.121994251543846
14.1930599772055,0.111726227627284,-0.173389112919681,-0.371214793486423,0.110821150917732,-0.0775236642063258,0.0493524756086835,-0.322220754417233,0.122625495504466
14.2914909546299,0.110448927383326,-0.173297079866652,-0.370842875187104,0.111707721279784,-0.0772199083410129,0.0494593642641336,-0.321627302932049,0.123256848404544
14.3906045654914,0.109172119169447,-0.173195059504336,-0.370462785546357,0.112598187067073,-0.0769151352969004,0.0495647868084968,-0.321028185318082,0.123888263291231
14.4904055439544,0.107895945733604,-0.173083048696536,-0.370074430678521,0.113492478827518,-0.0766093610142055,0.0496687335208139,-0.320423374853417,0.124519692492717
14.5908986570152,0.106620550030275,-0.172961046815295,-0.369677717161421,0.114390525095865,-0.076302601533081,0.0497711949115264,-0.319812845171387,0.125151087615659
14.6920887047298,0.105346075165485,-0.17282905574839,-0.369272552078362,0.115292252387708,-0.0759948729882823,0.0498721617231398,-0.319196570275064,0.125782399542833
14.7939805204436,0.10407266434157,-0.172687079905424,-0.368858843060564,0.116197585194398,-0.0756861916038426,0.0499716249307244,-0.318574524551993,0.126413578431036
14.8965789710218,0.10280046080174,-0.172535126222487,-0.368436498330009,0.117106445978843,-0.0753765736877623,0.050069575742254,-0.317946682789148,0.127044573709223
14.999888957082,0.101529607774485,-0.172373204165391,-0.368005426742691,0.118018755172239,-0.0750660356267198,0.0501660055987816,-0.317313020188131,0.127675334076912
15.1039154132284,0.100260248417849,-0.172201325731474,-0.367565537832239,0.118934431171721,-0.074754593880807,0.0502609061744557,-0.316673512380587,0.128305807502853
15.2086633082875,0.098992525763628,-0.172019505449957,-0.367116741853899,0.119853390338972,-0.0744422649782988,0.0503542693763767,-0.316028135443855,0.128935941223976
15.3141376455451,0.0977265826615404,-0.171827760380866,-0.366658949828852,0.120775546999794,-0.0741290655104587,0.0504460873442952,-0.31537686591684,0.129565681744618
15.4203434629857,0.0964625617233939,-0.171626110112511,-0.366192073588852,0.12170081344465,-0.0738150121263897,0.0505363524501544,-0.314719680816103,0.13019497483606
15.5272858335329,0.0952006052673112,-0.171414576757519,-0.365716025821157,0.122629099930211,-0.0735001215279334,0.0506250572974787,-0.314056557652167,0.130823765536356
15.6349698652918,0.0939408552620451,-0.171193184947434,-0.365230720113727,0.123560314681899,-0.0731844104646249,0.0507121947206099,-0.313387474446042,0.131451998150491
15.7434007017931,0.0926834532714329,-0.170961961825874,-0.364736071000683,0.124494363897457,-0.0728678957287081,0.0507977577837944,-0.312712409745951,0.132079616250859
15.8525835222385,0.0914285403990284,-0.170720937040262,-0.36423199400798,0.125431151751548,-0.0725505941502162,0.0508817397801232,-0.312031342644264,0.132706562678079
15.9625235417481,0.0901762572329568,-0.170470142732127,-0.363718405699299,0.126370580401399,-0.0722325225921249,0.0509641342303284,-0.311344252794631,0.133332779542154
16.07322601161,0.0889267437910329,-0.170209613525991,-0.363195223722102,0.127312549993503,-0.0719136979455807,0.0510449348814386,-0.310651120429306,0.133958208224001
16.1846962195303,0.0876801394661863,-0.169939386516846,-0.362662366853855,0.128256958671392,-0.0715941371252118,0.0511241357052973,-0.30995192637666,0.134582789377326
16.2969394898867,0.0864365829722331,-0.169659501256233,-0.362119755048378,0.12920370258448,-0.0712738570645251,0.0512017308969471,-0.309246652078877,0.1352064629309
16.4099611839816,0.085196212290037,-0.169369999736937,-0.361567309482294,0.130152675898007,-0.0709528747113943,0.0512777148728835,-0.308535279609825,0.135829168091204
16.5237667002994,0.0839591646140991,-0.169070926376308,-0.361004952601571,0.131103770804074,-0.0706312070236445,0.0513520822691833,-0.307817791693089,0.136450843345483
16.6383614747635,0.0827255762996168,-0.16876232799822,-0.360432608168104,0.132056877533784,-0.070308870964737,0.0514248279395094,-0.307094171720175,0.137071426465201
16.7537509809962,0.0814955828100516,-0.168444253813698,-0.359850201306334,0.133011884370511,-0.069985883499559,0.0514959469529998,-0.306364403768855,0.13769085450992
16.8699407305804,0.0802693186652442,-0.16811675540021,-0.359257658549861,0.133968677664275,-0.069662261590322,0.0515654345920407,-0.305628472621667,0.138309063831602
16.9869362733223,0.0790469173901153,-0.167779886679658,-0.358654907888038,0.134927141847269,-0.0693380221925734,0.0516332863499337,-0.304886363784545,0.138925990079349
17.1047431975172,0.0778285114639885,-0.16743370389508,-0.358041878812503,0.135887159450507,-0.0690131822513246,0.0516994979284564,-0.304138063505575,0.139541568204595
17.2233671302159,0.0766142322705743,-0.16707826558609,-0.357418502363633,0.136848611121623,-0.0686877586972995,0.0517640652353261,-0.30338355879387,0.140155732466749
17.3428137374936,0.0754042100486475,-0.166713632563069,-0.35678471117689,0.137811375643825,-0.0683617684433061,0.0518269843815681,-0.302622837438553,0.140768416439307
17.4630887247206,0.0741985738434566,-0.166339867880137,-0.356140439529025,0.138775329955991,-0.0680352283807357,0.0518882516787966,-0.301855888027834,0.141379553016443
17.5841978368348,0.072997451458896,-0.165957036806933,-0.355485623384116,0.139740349173933,-0.0677081553761908,0.0519478636364113,-0.301082699968173,0.14198907442008
17.7061468586161,0.0718009694104771,-0.165565206799217,-0.354820200439412,0.140706306612819,-0.0673805662682461,0.0520058169587168,-0.300303263503522,0.142596912207454
17.8289416149627,0.0706092528791276,-0.165164447468332,-0.354144110170947,0.141673073810757,-0.0670524778643441,0.0520621085419694,-0.299517569734618,0.143202997279189
17.9525879711692,0.0694224256658524,-0.164754830549546,-0.353457293878901,0.142640520553551,-0.0667239069378277,0.0521167354713575,-0.298725610638341,0.143807259887875
18.0770918332073,0.0682406101472849,-0.164336429869309,-0.35275969473268,0.143608514900615,-0.0663948702251118,0.052169695017921,-0.297927379087097,0.144409629647167
18.2024591480069,0.0670639272321586,-0.163909321311441,-0.352051257815673,0.144576923212066,-0.0660653844229963,0.0522209846354163,-0.297122868868236,0.145010035541414
18.3286959037413,0.0658924963187266,-0.163473582782298,-0.351331930169669,0.145545610176974,-0.0657354661861211,0.052270601957131,-0.296312074703468,0.14560840593582
18.4558081301122,0.064726435253155,-0.163029294174936,-0.350601660838898,0.146514438842785,-0.0654051321245642,0.0523185447926568,-0.295494992268288,0.146204668587147
18.5838018986386,0.0635658602889188,-0.1625765373323,-0.349860400913664,0.147483270645905,-0.065074398801586,0.0523648111246244,-0.29467161821138,0.146798750654972
18.7126833229461,0.0624108860472204,-0.162115396009489,-0.349108103573538,0.148451965443449,-0.0647432827315173,0.052409399105408,-0.293841950173981,0.147390578713497
18.8424585590593,0.0612616254784594,-0.161645955835103,-0.348344724130089,0.149420381546149,-0.0644118003777945,0.0524523070538038,-0.293005986809209,0.147980078763916
18.9731338056957,0.0601181898247713,-0.161168304271735,-0.347570220069111,0.150388375752407,-0.0640799681511408,0.0524935334516904,-0.292163727801321,0.148567176247359
19.1047153045619,0.0589806885836589,-0.16068253057561,-0.346784551092318,0.151355803383516,-0.063747802407893,0.0525330769406759,-0.291315173884888,0.149151796058405
19.2372093406515,0.0578492294727354,-0.160188725755437,-0.345987679158482,0.152322518320005,-0.063415319448475,0.0525709363187387,-0.290460326863885,0.149733862559174
19.3706222425457,0.0567239183955987,-0.159686982530483,-0.345179568523968,0.153288373039135,-0.0630825355160168,0.0526071105368662,-0.289599189630658,0.150313299594003
19.5049603827152,0.0556048594088516,-0.15917739528792,-0.344360185782659,0.154253218653519,-0.0627494667951176,0.0526415986957005,-0.288731766184764,0.150890030504709
19.6402301778248,0.0544921546902885,-0.158660060039476,-0.343529499905204,0.155216904950862,-0.0624161294107537,0.0526744000421938,-0.287858061651665,0.151463978146438
19.7764380890397,0.0533859045082594,-0.158135074377422,-0.342687482277598,0.156179280434819,-0.0620825394273275,0.0527055139662817,-0.286978082301259,0.152035064904123
19.9135906223344,0.0522862071922271,-0.157602537429938,-0.341834106739027,0.157140192366949,-0.0617487128478593,0.0527349399975791,-0.28609183556622,0.152603212709518
20.0516943288031,0.0511931591045299,-0.157062549815888,-0.34096934961897,0.158099486809766,-0.0614146656133164,0.052762677802105,-0.285199330060138,0.153168343058846
20.1907558049731,0.0501068546133602,-0.156515213599046,-0.340093189773509,0.159057008670862,-0.0610804136020813,0.0527887271790417,-0.284300575595445,0.153730377031043
20.3307816931193,0.0490273860669706,-0.155960632241807,-0.33920560862084,0.160012601748104,-0.0607459726295536,0.0528130880575337,-0.283395583201093,0.154289235306598
20.4717786815819,0.047954843769114,-0.155398910558417,-0.338306590175919,0.160966108775882,-0.0604113584478854,0.0528357604935328,-0.282484365139971,0.154844838187002
20.6137535050858,0.0468893159557271,-0.154830154667766,-0.337396121084244,0.161917371472392,-0.0600765867458464,0.052856744666693,-0.281566934926052,0.155397105614791
20.756712945062,0.0458308887728642,-0.154254471945777,-0.336474190654723,0.162866230587949,-0.0597416731488156,0.0528760408773224,-0.28064330734123,0.155945957194191
20.900663829972,0.0447796462558838,-0.153671970977417,-0.335540790891606,0.163812525954298,-0.0594066332188979,0.0528936495433962,-0.279713498451846,0.156491312212368
21.0456130356336,0.0437356703098946,-0.153082761508394,-0.334595916525441,0.164756096534923,-0.0590714824551605,0.0529095711976355,-0.278777525624869,0.157033089661257
21.1915674855492,0.0426990406914632,-0.152486954396545,-0.333639565043035,0.165696780476323,-0.0587362362939865,0.0529238064846573,-0.277835407543721,0.157571208260004
21.338534151237,0.0416698349915838,-0.151884661562973,-0.332671736716382,0.166634415160239,-0.0584009101095425,0.0529363561582003,-0.276887164223717,0.158105586477978
21.4865200525637,0.0406481286199128,-0.151275995942962,-0.331692434630527,0.167568837256813,-0.0580655192143552,0.0529472210784311,-0.275932817027108,0.158636142558383
21.6355322580795,0.0396339947902651,-0.150661071436698,-0.330701664710339,0.168499882778663,-0.0577300788599928,0.0529564022093338,-0.274972388677701,0.159162794542439
21.7855778853565,0.0386275045073736,-0.150040002859855,-0.329699435746172,0.16942738713584,-0.0573946042378491,0.0529639006161896,-0.274005903275034,0.159685460294142
21.9366641013278,0.0376287265549054,-0.149412905894049,-0.32868575941836,0.17035118519165,-0.0570591104800226,0.0529697174631483,-0.273033386308089,0.160204057525586
22.0887981226306,0.0366377274847346,-0.148779897037222,-0.327660650320553,0.171271111319326,-0.0567236126602886,0.0529738540108955,-0.272054864668523,0.160718503822849
22.2419872159503,0.0356545716074647,-0.148141093553979,-0.326624125981825,0.172186999459508,-0.0563881257951585,0.0529763116144207,-0.271070366663386,0.161228716672425
22.396238698368,0.0346793209841956,-0.14749661342591,-0.325576206887568,0.173098683178516,-0.0560526648450217,0.0529770917208878,-0.270079922027323,0.161734613488204
22.5515599377096,0.0337120354195277,-0.146846575301938,-0.324516916499109,0.174005995727389,-0.0557172447153642,0.0529761958676118,-0.269083561934218,0.162236111638979
22.7079583528983,0.0327527724557968,-0.14619109844872,-0.323446281272044,0.174908770101657,-0.0553818802580609,0.0529736256801453,-0.268081319008283,0.162733128476475
22.8654414143084,0.0318015873685295,-0.145530302701137,-0.322364330673258,0.175806839101821,-0.0550465862727336,0.0529693828704758,-0.267073227334546,0.163225581363894
23.0240166441225,0.0308585331631106,-0.144864308412906,-0.321271097196599,0.17670003539451,-0.0547113775081718,0.0529634692353379,-0.266059322468741,0.163713387704949
23.1836916166905,0.0299236605726522,-0.144193236407342,-0.320166616377193,0.177588191574287,-0.0543762686638091,0.0529558866546417,-0.265039641446564,0.164196464973392
23.3444739588916,0.0289970180570519,-0.143517207928305,-0.319050926804365,0.178471140226065,-0.054041274391251,0.0529466370900191,-0.264014222792283,0.164674730743008
23.5063713504986,0.0280786518032298,-0.142836344591358,-0.317924070133139,0.179348713988108,-0.0537064092958477,0.052935722583491,-0.262983106526676,0.165148102718065
23.6693915245447,0.0271686057265301,-0.142150768335174,-0.316786091094316,0.180220745615582,-0.0533716879383061,0.0529231452562549,-0.261946334174291,0.165616498764214
23.8335422676926,0.0262669214732742,-0.141460601373209,-0.31563703750308,0.181087068044617,-0.0530371248363366,0.0529089073075964,-0.260903948769989,0.166079836939801
23.9988314206069,0.0253736384244508,-0.140765966145684,-0.314476960266126,0.181947514456851,-0.0527027344663274,0.052893011013923,-0.259855994864767,0.1665380355276
24.1652668783283,0.0244887937005279,-0.140066985271892,-0.313305913387291,0.182801918344416,-0.0523685312650415,0.0528754587279238,-0.258802518530844,0.166991013066928
24.3328565906507,0.0236124221673713,-0.139363781502864,-0.312123953971659,0.183650113575327,-0.05203452963133,0.052856252877853,-0.257743567365971,0.167438688386135
24.5016085625011,0.0227445564432525,-0.138656477674417,-0.310931142228128,0.184491934459243,-0.0517007439278574,0.0528353959669386,-0.25667919049698,0.16788098063545
24.6715308543219,0.0218852269069299,-0.137945196660616,-0.309727541470418,0.185327215813552,-0.0513671884828305,0.0528128905729168,-0.255609438582528,0.168317809320156
24.8426315824557,0.0210344617067845,-0.137230061327664,-0.308513218116506,0.186155793029753,-0.0510338775917279,0.0527887393476904,-0.254534363815031,0.168749094334077
25.0149189195333,0.0201922867709937,-0.136511194488258,-0.307288241686472,0.186977502140078,-0.0507008255190226,0.052762945017112,-0.253454019921772,0.169174755993355
25.1884010948637,0.0193587258187223,-0.135788718856424,-0.306052684798735,0.187792179884331,-0.0503680464998927,0.0527355103808907,-0.252368462165169,0.1695947150705
25.3630863948277,0.018533800372314,-0.135062757002864,-0.304806623164672,0.188599663776884,-0.0500355547419146,0.0527064383126204,-0.251277747342183,0.170008892828683
25.538983163273,0.0177175297704614,-0.134333431310822,-0.30355013558161,0.189399792173807,-0.0497033644267327,0.0526757317599309,-0.25018193378286,0.170417211056244
25.7160998019135,0.016909931182336,-0.133600863932511,-0.302283303924169,0.190192404340067,-0.0493714897117006,0.0526433937447573,-0.249081081347982,0.170819592101412
25.89444477073,0.0161110196226574,-0.132865176746102,-0.301006213133956,0.190977340516777,-0.0490399447314876,0.0526094273637279,-0.247975251425833,0.17121595890718
26.0740265883745,0.0153208079676802,-0.132126491313314,-0.299718951207594,0.191754441988424,-0.0487087435996468,0.0525738357886685,-0.246864506928047,0.171606235046343
26.2548538325773,0.0145393069720774,-0.131384928837604,-0.298421609183087,0.192523551150054,-0.048377900410137,0.05253662226722,-0.245748912284546,0.171990344756646
26.4369351405564,0.0137665252867007,-0.130640610122995,-0.2971142811245,0.193284511574354,-0.048047429238796,0.0524977901235681,-0.244628533437543,0.172368212976031
26.6202792094301,0.0130024694771921,-0.129893655533545,-0.295797064104972,0.194037168078589,-0.047717344144758,0.0524573427592807,-0.243503437834611,0.172739765377951
26.8048947966327,0.012247144043428,-0.129144184953484,-0.294470058188028,0.194781366791352,-0.0473876591718117,0.052415283654253,-0.242373694420807,0.173104928406722
26.9907907203326,0.0115005514397717,-0.128392317748032,-0.29313336640722,0.195516955219075,-0.0470583883496939,0.0523716163677539,-0.24123937362984,0.173463629312883
27.1779758598533,0.010762692096112,-0.12763817272491,-0.291787094744068,0.196243782312251,-0.0467295456953136,0.0523263445395733,-0.240100547374282,0.173815796188546
27.3664591560979,0.010033564439665,-0.126881868096561,-0.290431352104323,0.196961698531326,-0.0464011452139028,0.0522794718912655,-0.238957289034809,0.17416135800269
27.556249611976,0.00931316491751584,-0.126123521443106,-0.289066250292538,0.197670555912214,-0.0460732009000888,0.0522310022274844,-0.237809673448478,0.174500244636386
27.7473562928336,0.00860148801987805,-0.125363249676023,-0.287691903984965,0.198370208131377,-0.0457457267388852,0.0521809394374091,-0.236657776896029,0.174832386917912
27.9397883268864,0.00789852630404538,-0.124601169002594,-0.286308430700772,0.199060510570433,-0.0454187367065965,0.0521292874962536,-0.235501677088206,0.175157716657732
28.1335549056553,0.00720427041901424,-0.123837394891102,-0.284915950771588,0.199741320380234,-0.0450922447716326,0.0520760504668574,-0.234341453151106,0.175476166683307
28.3286652844062,0.0065187091307528,-0.123072042036809,-0.283514587309393,0.200412496544375,-0.0447662648952303,0.0520212325013529,-0.233177185610549,0.175787670873712
28.5251287825912,0.00584182934809209,-0.122305224328717,-0.282104466172751,0.201073899942076,-0.0444408110320779,0.0519648378429048,-0.232008956375469,0.176092164194022
28.7229547842946,0.00517361614921676,-0.121537054817127,-0.280685715931405,0.201725393410397,-0.0441158971308401,0.0519068708275178,-0.230836848720329,0.176389582729438
28.9221527386804,0.00451405280873057,-0.120767645681999,-0.279258467829246,0.202366841805731,-0.043791537134579,0.0518473358859062,-0.229660947266566,0.176679863719123
29.1227321604441,0.00386312082527344,-0.119997108202123,-0.277822855745666,0.202998112064531,-0.0434677449810706,0.0517862375454226,-0.228481337963062,0.176962945589716
29.324702630267,0.00322079994966615,-0.119225552725113,-0.276379016155319,0.203619073263219,-0.043144534603012,0.0517235804320396,-0.227298108065655,0.177238767988494
29.5280737952738,0.00258706821355856,-0.11845308863823,-0.274927088086296,0.204229596677237,-0.0428219199281182,0.0516593692723797,-0.22611134611569,0.177507271816149
29.7328553694936,0.00196190195855801,-0.117679824340032,-0.27346721307675,0.20482955583918,-0.0424999148791066,0.0515936088957885,-0.224921141917618,0.177768399259145
29.9390571343235,0.00134527586581377,-0.116905867212873,-0.271999535129972,0.205418826595978,-0.0421785333735657,0.0515263042364462,-0.223727586515658,0.178022093821637
30.1466889389963,0.000737162986034129,-0.116131323596237,-0.27052420066796,0.205997287165071,-0.0418577893237088,0.0514574603355117,-0.222530772169517,0.178268300356902
30.3557607010504,0.000137534769912441,-0.115356298760926,-0.26904135848349,0.206564818189529,-0.0415376966360087,0.0513870823432942,-0.221330792329195,0.17850696509827
30.566282406804,-0.000453638901061343,-0.114580896884104,-0.267551159690725,0.207121302792088,-0.0412182692107138,0.0513151755214473,-0.220127741608875,0.178738035689511
30.7782641118319,-0.00103638968342743,-0.11380522102519,-0.26605375767438,0.207666626628029,-0.0408995209412444,0.0512417452451798,-0.21892171575992,0.178961461214654
30.9917159414457,-0.00161075074024362,-0.113029373102613,-0.264549308037487,0.208200677936889,-0.0405814657134679,0.0511667970054782,-0.21771281164298,0.179177192227205
31.2066480911777,-0.00217675670925792,-0.112253453871432,-0.263037968547766,0.208723347592931,-0.0402641174048532,0.0510903364113347,-0.216501127199234,0.179385180778738
31.4230708272674,-0.00273444367078799,-0.111477562901811,-0.261519899082663,0.209234529154351,-0.0399474898835025,0.0510123691919764,-0.215286761420781,0.17958538044683
31.6409944871527,-0.00328384911533131,-0.110701798558361,-0.259995261573066,0.209734118911164,-0.0396315970070628,0.0509329011990897,-0.214069814320192,0.179777746362301
31.8604294799627,-0.00382501191092811,-0.109926257980349,-0.258464219945741,0.210222015931751,-0.0393164526215154,0.050851938409034,-0.212850386899246,0.179962235235749
32.0813862870155,-0.00435797227030014,-0.109151037062761,-0.256926940064535,0.210698122107994,-0.0390020705598439,0.0507694869250404,-0.211628581116874,0.180138805383337
32.3038754623189,-0.00488277171778703,-0.108376230438234,-0.255383589670361,0.211162342199,-0.0386884646405828,0.0506855529793894,-0.210404499856317,0.180307416751807
32.5279076330741,-0.00539945305610288,-0.10760193145985,-0.253834338320029,0.211614583873336,-0.0383756486662459,0.0506001429355618,-0.209178246891537,0.180468030942706
32.7534935001834,-0.00590806033293467,-0.106828232184785,-0.252279357323948,0.212054757749776,-0.0380636364216369,0.0505132632903591,-0.207949926852888,0.180620611235785
32.9806438387618,-0.0064086388074044,-0.106055223358816,-0.250718819682741,0.212482777436496,-0.0377524416720423,0.0504249206759865,-0.206719645192085,0.18076512261155
33.2093694986511,-0.00690123491641624,-0.105282994401682,-0.249152900022829,0.212898559568696,-0.0374420781613094,0.0503351218620945,-0.205487508146486,0.180901531772945
33.4396814049384,-0.00738589624091014,-0.104511633393297,-0.247581774531017,0.213302023844622,-0.0371325596098102,0.0502438737577732,-0.204253622702705,0.18102980716614
33.6715905584778,-0.00786267147204271,-0.103741227060806,-0.246005620888121,0.213693093059943,-0.0368238997122935,0.050151183413496,-0.203018096559609,0.181149919000399
33.9051080364161,-0.00833161037731611,-0.102971860766485,-0.244424618201711,0.214071693140462,-0.0365161121356275,0.0500570580230051,-0.201781038090692,0.181261839267013
34.1402449927217,-0.00879276376667556,-0.10220361849648,-0.242838946937981,0.214437753173135,-0.0362092105164351,0.0499615049251372,-0.200542556305884,0.181365541757271
34.3770126587175,-0.00924618345859544,-0.101436582850372,-0.241248788852824,0.214791205435361,-0.0359032084586245,0.0498645316055821,-0.199302760812802,0.18146100207945
34.6154223436172,-0.00969192224617418,-0.100670835031577,-0.23965432692215,0.215131985422533,-0.0355981195308177,0.0497661456985717,-0.198061761777481,0.181548197674812
34.8554854350656,-0.010130033863257,-0.0999064548385554,-0.238055745271493,0.21546003187381,-0.0352939572636801,0.0496663549884934,-0.196819669884625,0.181627107832576
35.0972133996824,-0.0105605729506068,-0.0991435206568438,-0.23645322910497,0.215775286796104,-0.0349907351471539,0.0495651674114252,-0.195576596297383,0.181697713703867
35.3406177836102,-0.0109835950221406,-0.0983821094518872,-0.234846964633637,0.216077695486251,-0.0346884666275996,0.0494625910565871,-0.194332652616716,0.181759998314607
35.5857102130658,-0.0113991564312524,-0.0976222967626725,-0.2332371390033,0.21636720655135,-0.0343871651048472,0.0493586341677058,-0.193087950840352,0.181813946577351
35.8325023948954,-0.0118073143372389,-0.0968641566961513,-0.231623940221825,0.21664377192726,-0.0340868439291626,0.049253305144288,-0.19184260332139,0.181859545302037
36.081006117134,-0.0122081266718469,-0.0961077619224464,-0.230007557086019,0.21690734689523,-0.0337875163981316,0.0491466125428003,-0.190596722726567,0.181896783205653
36.3312332495683,-0.0126016521059603,-0.0953531836708314,-0.228388179108115,0.217157890096657,-0.0334891957534662,0.0490385650777499,-0.189350421994238,0.181925650920804
36.5831957443038,-0.0129879500164438,-0.094600491726476,-0.226765996441938,0.217395363545961,-0.0331918951777369,0.0489291716226651,-0.188103814292083,0.181946141003163
36.8369056363357,-0.0133670804531608,-0.0938497544279451,-0.22514119980879,0.217619732641559,-0.0328956277910344,0.0488184412109713,-0.186857012974597,0.181958247937808
37.0923750441235,-0.0137391041061804,-0.0931010386654461,-0.223513980423127,0.217830966174944,-0.0326004066475666,0.0487063830367594,-0.185610131540384,0.181961968144428
37.3496161701702,-0.0141040822731932,-0.0923544098798099,-0.221884529918066,0.21802903633785,-0.032306244732194,0.0485930064554453,-0.18436328358929,0.1819572999814
37.6086413016048,-0.0144620768271482,-0.0916099320621979,-0.220253040270796,0.218213918727515,-0.0320131549569075,0.0484783209843156,-0.183116582779418,0.181944243748723
37.8694628107695,-0.0148131501841286,-0.0908676677545242,-0.218619703727935,0.218385592350024,-0.0317211501572553,0.0483623363029603,-0.181870142784057,0.181922801689814
38.1320931558105,-0.015157365271482,-0.0901276780505805,-0.216984712730907,0.21854403962174,-0.0314302430887204,0.0482450622535871,-0.180624077248558,0.181892977992156
38.3965448812729,-0.0154947854962172,-0.0893900225978534,-0.215348259841371,0.218689246368837,-0.0311404464230565,0.0481265088412178,-0.179378499747193,0.181854778786803
38.6628306187004,-0.0158254747136858,-0.0886547596000236,-0.213710537666791,0.218821201824913,-0.0308517727445846,0.0480066862337642,-0.178133523740038,0.181808212146734
38.9309630872381,-0.0161494971965594,-0.0879219458201325,-0.212071738786166,0.218939898626713,-0.0305642345464568,0.0478856047619814,-0.176889262529909,0.181753288084068
39.2009550942403,-0.0164669176041183,-0.0871916365844061,-0.210432055676013,0.21904533280796,-0.030277844226891,0.0477632749192981,-0.175645829219391,0.181690018546133
39.4728195358824,-0.0167778009518633,-0.0864638857867236,-0.208791680636633,0.219137503791306,-0.0299926140853819,0.047639707361523,-0.174403336667993,0.181618417410397
39.7465693977764,-0.0170822125814648,-0.0857387458937172,-0.207150805718723,0.219216414378409,-0.0297085563188931,0.0475149129064247,-0.173161897449463,0.181538500478264
40.0222177555915,-0.0173802181310613,-0.0850162679504911,-0.205509622650393,0.219282070738165,-0.0294256830180356,0.0473889025331862,-0.171921623809308,0.181450285467745
40.2997777756789,-0.0176718835059188,-0.0842965015869458,-0.203868322764641,0.219334482393088,-0.0291440061632361,0.0472616873817332,-0.170682627622536,0.181353792005005
40.5792627157,-0.0179572748494635,-0.0835794950246963,-0.202227096927334,0.21937366220388,-0.0288635376209031,0.0471332787519347,-0.16944502035167,0.181249041614805
40.8606859252603,-0.0182364585146984,-0.0828652950845672,-0.200586135465754,0.21939962635219,-0.0285842891395915,0.0470036881026769,-0.168208913005061,0.181136057709837
41.1440608465467,-0.0185095010360156,-0.082153947194655,-0.198945628097757,0.219412394321596,-0.0283062723461748,0.0468729270508112,-0.166974416095537,0.181014865578968
41.4294010149697,-0.0187764691014134,-0.0814454953989417,-0.197305763861606,0.21941198887683,-0.0280294987420264,0.0467410073699738,-0.165741639599416,0.180885492374411
41.7167200598098,-0.0190374295251294,-0.0807399823664446,-0.195666731046513,0.219398436041257,-0.0277539796992174,0.0466079409892814,-0.164510692915922,0.180747967097825
42.0060317048688,-0.0192924492206981,-0.0800374494008914,-0.194028717123952,0.219371765072664,-0.0274797264567334,0.0464737399919,-0.163281684827032,0.180602320585369
42.2973497691249,-0.0195415951744433,-0.0793379364509032,-0.192391908679785,0.219332008437353,-0.0272067501167171,0.0463384166134899,-0.162054723457785,0.18044858549172
42.5906881673929,-0.0197849344194131,-0.0786414821206726,-0.190756491347258,0.219279201782589,-0.02693506164074,0.0462019832405274,-0.160829916237087,0.180286796273071
42.8860609109892,-0.0200225340097659,-0.0779481236811218,-0.189122649740897,0.219213383907428,-0.0266646718461083,0.0460644524085042,-0.159607369859043,0.180116989169131
43.1834821084004,-0.0202544609956158,-0.0772578970815269,-0.187490567391365,0.21913459673196,-0.0263955914022071,0.0459258368000063,-0.158387190244842,0.179939202184143
43.4829659659579,-0.0204807823983445,-0.076570836961592,-0.185860426681315,0.219042885264986,-0.0261278308268886,0.0457861492426738,-0.157169482505218,0.179753475066934
43.7845267885158,-0.0207015651863862,-0.0758869766639602,-0.184232408782281,0.218938297570194,-0.0258614004829067,0.0456454027070435,-0.155954350903537,0.179559849290037
44.0881789801347,-0.0209168762514933,-0.0752063482471455,-0.182606693592662,0.218820884730832,-0.0255963105744042,0.0455036103042763,-0.154741898819507,0.179358368027873
44.3939370447695,-0.0211267823854879,-0.0745289824988705,-0.180983459676813,0.218690700812956,-0.0253325711434552,0.0453607852837709,-0.153532228713561,0.179149076134058
44.701815586962,-0.0213313502575053,-0.0738549089497965,-0.179362884205308,0.218547802827256,-0.025070192066668,0.0452169410306674,-0.152325442091931,0.178932020117817
45.0118293125388,-0.0215306463917348,-0.0731841558876282,-0.177745142896397,0.218392250689527,-0.0248091830518515,0.0450720910632417,-0.151121639472428,0.178707248119555
45.3239930293136,-0.0217247371456628,-0.0725167503715812,-0.176130409958692,0.218224107179807,-0.0245495536347496,0.0449262490301943,-0.14992092035097,0.178474809885607
45.6383216477945,-0.0219136886888222,-0.0718527182471946,-0.174518858035128,0.218043437900241,-0.0242913131758463,0.0447794287078359,-0.148723383168864,0.178234756742179
45.954830181896,-0.022097566982053,-0.0711920841614753,-0.172910658148213,0.217850311231698,-0.0240344708572469,0.0446316439971721,-0.147529125280874,0.177987141568517
46.2735337496566,-0.0222764377572762,-0.0705348715783586,-0.171305979646615,0.217644798289197,-0.0237790356796367,0.0444829089208909,-0.146338242924088,0.177732018769339
46.5944475739604,-0.0224503664977865,-0.0698811027944691,-0.169704990153106,0.217426972876181,-0.0235250164593217,0.0443332376202561,-0.145150831187611,0.177469444246531
46.9175869832646,-0.022619418419064,-0.0692307989551685,-0.16810785551389,0.217196911437687,-0.0232724218253539,0.0441826443519092,-0.143966983983099,0.177199475370163
47.2429674123316,-0.0227836584501092,-0.0685839800708746,-0.166514739749344,0.216954693012456,-0.023021260216745,0.0440311434845827,-0.142786794016148,0.176922170948838
47.5706044029659,-0.022943151215303,-0.0679406650336363,-0.164925805006193,0.216700399184034,-0.0227715398797705,0.0438787494957298,-0.14161035275856,0.176637591199405
47.9005136047569,-0.023097961016792,-0.0673008716339505,-0.163341211511146,0.216434114030906,-0.0225232688653669,0.0437254769680724,-0.140437750421503,0.176345797716071
48.2327107758263,-0.0232481518174022,-0.066664616577806,-0.16176111752601,0.216155924075716,-0.0222764550266257,0.0435713405860716,-0.139269075929567,0.17604685343893
48.5672117835806,-0.0233937872240803,-0.0660319155039392,-0.160185679304295,0.215865918233616,-0.0220311060163849,0.0434163551323243,-0.138104416895744,0.175740822621959
48.904032605469,-0.0235349304718641,-0.065402783001288,-0.158615051049341,0.215564187759803,-0.0217872292849221,0.0432605354838894,-0.136943859597339,0.175427770800483
49.243189329747,-0.0236716444083812,-0.064777232626629,-0.157049384873972,0.215250826196275,-0.0215448320777495,0.0431038966085477,-0.135787488952814,0.175107764758169
49.5846981562442,-0.0238039914788767,-0.0641552769223833,-0.15548883076169,0.21492592931788,-0.0213039214335138,0.0429464535609987,-0.134635388499588,0.174780872493559
49.9285753971387,-0.023932033711768,-0.063536927434578,-0.153933536529428,0.214589595077678,-0.0210645041820034,0.0427882214789991,-0.133487640372797,0.174447163186182
50.2748374777359,-0.0240558327047265,-0.0629221947309477,-0.152383647791866,0.214241923551697,-0.020826586942262,0.0426292155794456,-0.132344325285015,0.174106707162272
50.6235009372529,-0.0241754496112848,-0.0623110884191637,-0.150839307927317,0.213883016883103,-0.0205901761208134,0.0424694511544075,-0.131205522506955,0.173759575860131
50.974582429609,-0.0242909451279672,-0.0617036171651757,-0.149300658045202,0.213512979225855,-0.0203552779099957,0.0423089435671116,-0.130071309849141,0.173405841795152
51.3280987242209,-0.0244023794819411,-0.0610997887116542,-0.147767836955101,0.213131916687882,-0.0201218982864085,0.0421477082478841,-0.128941763644569,0.173045578524551
51.6840667068035,-0.0245098124191883,-0.0604996098965186,-0.146240981137394,0.212739937273839,-0.0198900430094724,0.0419857606900534,-0.127816958732352,0.172678860611831
52.0425033801768,-0.0246133031931923,-0.0599030866715385,-0.144720224715496,0.212337150827485,-0.0196597176201021,0.0418231164458183,-0.126696968442349,0.172305763591003
52.4034258650778,-0.0247129105541378,-0.0593102241209954,-0.143205699429678,0.211923668973732,-0.0194309274394944,0.0416597911220838,-0.12558186458079,0.171926363930605
52.7668514009784,-0.0248086927386217,-0.0587210264803912,-0.141697534612476,0.211499605060418,-0.0192036775680304,0.0414958003762713,-0.124471717416887,0.171540738997547
53.1327973469088,-0.0249007074598687,-0.0581354971551927,-0.140195857165687,0.211065074099845,-0.0189779728842933,0.0413311599121043,-0.123366595670429,0.171148967020804
53.5012811822866,-0.0249890118984502,-0.0575536387395966,-0.138700791538944,0.21062019271014,-0.0187538180442014,0.0411658854753757,-0.122266566500372,0.170751127054999
53.8723205077517,-0.0250736626935,-0.0569754530353064,-0.137212459709863,0.210165079056468,-0.0185312174802565,0.0409999928496993,-0.121171695494403,0.1703472989439
54.2459330460073,-0.0251547159344249,-0.0564009410703064,-0.13573098116576,0.209699852792163,-0.0183101754009075,0.0408334978522504,-0.12008204665949,0.169937563283854
54.6221366426659,-0.0252322271531024,-0.0558301031176229,-0.134256472886921,0.209224634999809,-0.0180906957900295,0.0406664163294981,-0.118997682413402,0.169522001387204
55.0009492671021,-0.0253062513165631,-0.0552629387140599,-0.132789049331418,0.208739548132322,-0.017872782406517,0.0404987641529345,-0.117918663577201,0.169100695245701
55.3823890133107,-0.0253768428201509,-0.0546994466788987,-0.131328822421463,0.208244715954074,-0.0176564387839914,0.040330557214804,-0.116845049368691,0.168673727493943
55.7664741007712,-0.0254440554811561,-0.054139625132551,-0.12987590153128,0.207740263482101,-0.0174416682306217,0.0401618114238356,-0.115776897396824,0.168241181372882
56.1532228753178,-0.0255079425329155,-0.0535834715151526,-0.128430393476476,0.207226316927451,-0.017228473829059,0.0399925427009834,-0.114714263657055,0.167803140693401
56.5426538100157,-0.0255685566193738,-0.05303098260509,-0.126992402504917,0.206703003636685,-0.0170168584364808,0.0398227669751777,-0.113657202527621,0.167359689800016
56.9347855060436,-0.0256259497900997,-0.0524821545374473,-0.125562030289062,0.20617045203361,-0.0168068246847476,0.0396525001790906,-0.112605766766763,0.166910913534706
57.3296366935823,-0.0256801734957504,-0.0519369828223651,-0.124139375919759,0.205628791561244,-0.0165983749806682,0.0394817582449197,-0.111560007510848,0.166456897200915
57.7272262327089,-0.0257312785839783,-0.0513954623633009,-0.122724535901471,0.205078152624088,-0.0163915115063738,0.0393105571001935,-0.110519974273403,0.165997726527732
58.1275731142982,-0.0257793152957728,-0.0508575874751808,-0.121317604148922,0.204518666530713,-0.016186236219798,0.0391389126636008,-0.109485714945038,0.165533487634293
58.5306964609293,-0.0258243332622306,-0.0503233519024354,-0.119918671985128,0.203950465436722,-0.015982550855263,0.0389668408408483,-0.108457275794247,0.165064266994417
58.9366155277994,-0.0258663815017467,-0.0497927488369087,-0.118527828140805,0.203373682288105,-0.0157804569241692,0.0387943575205497,-0.10743470146907,0.1645901514015
59.3453497036433,-0.0259055084176196,-0.0492657709356332,-0.117145158755119,0.202788450765034,-0.0155799557157868,0.038621478570148,-0.106418034999611,0.164111227933692
59.7569185116595,-0.0259417617960638,-0.0487424103384614,-0.115770747377755,0.202194905226128,-0.0153810482981473,0.0384482198318756,-0.105407317801387,0.163627583919383
60.1713416104428,-0.0259751888046201,-0.0482226586855466,-0.114404674972291,0.201593180653215,-0.0151837355190342,0.0382745971187541,-0.104402589679499,0.163139306903008
60.5886387949234,-0.0260058359909582,-0.0477065071346646,-0.113047019920836,0.20098341259663,-0.0149880180070691,0.0381006262106365,-0.103403888833601,0.162646484611201
61.0088299973121,-0.0260337492820631,-0.0471939463783692,-0.11169785802991,0.200365737121075,-0.0147938961728924,0.0379263228502953,-0.102411251863662,0.162149204919318
61.4319352880526,-0.0260589739837968,-0.0466849666609739,-0.110357262537549,0.199740290752072,-0.0146013702104368,0.0377517027395577,-0.101424713776499,0.16164755581834
61.8579748767801,-0.026081554780828,-0.0461795577953527,-0.109025304121587,0.199107210423036,-0.0144104400982898,0.0375767815354922,-0.100444307993051,0.16114162538218
62.2869691132868,-0.0261015357369224,-0.0456777091795536,-0.107702050909106,0.19846663342299,-0.0142211056011448,0.0374015748466474,-0.0994700663564051,0.160631501735415
62.7189384884933,-0.0261189602955834,-0.045179409813219,-0.10638756848701,0.197818697344961,-0.0140333662713369,0.0372260982293454,-0.0985020191405228,0.160117273021449
63.1539036354283,-0.0261338712810379,-0.0446846483138044,-0.105081919913705,0.197163540035063,-0.0138472214504624,0.0370503671840337,-0.0975401950596742,0.159599027371134
63.5918853302131,-0.0261463108995557,-0.0441934129325925,-0.103785165731844,0.196501299542299,-0.0136626702710785,0.0368743971516944,-0.0965846212785466,0.159076852871862
64.032904493055,-0.0261563207410976,-0.0437056915704958,-0.102497363982113,0.195832114069116,-0.0134797116584813,0.0366982035103166,-0.0956353234230148,0.158550837537132
64.4769821892457,-0.0261639417812805,-0.0432214717936409,-0.101218570218028,0.195156121922706,-0.0132983443325596,0.0365218015714303,-0.0946923255915503,0.158021069276623
64.9241396301678,-0.0261692143836541,-0.0427407408487324,-0.0999488375217055,0.194473461467094,-0.0131185668097212,0.0363452065767057,-0.0937556503672523,0.157487635866774
65.3743981743082,-0.0261721783022784,-0.0422634856781885,-0.0986882165205841,0.19378427107603,-0.0129403774048907,0.0361684336946186,-0.0928253188304788,0.156950624921884
65.827779328278,-0.026172872684595,-0.0417896929350462,-0.0974367554050543,0.193088689086689,-0.0127637742335744,0.035991498017184,-0.0919013505720586,0.15641012386575
66.2843047478397,-0.0261713360745835,-0.0413193489976301,-0.0961944999469749,0.192386853754204,-0.0125887552139906,0.0358144145567583,-0.0909837637070642,0.155866219903846
66.7439962389419,-0.0261676064161935,-0.040852439983981,-0.0949614935190387,0.191678903207051,-0.0124153180692633,0.0356371982429129,-0.0900725748891252,0.155318999996062
67.2068757587607,-0.0261617210570453,-0.040388951766042,-0.0937377771149569,0.190964975403285,-0.0122434603296747,0.0354598639193786,-0.0891677993252609,0.15476855083
67.6729654167483,-0.0261537167523899,-0.0399288699835958,-0.0925233893704292,0.190245208087656,-0.0120731793349759,0.0352824263410638,-0.088269450791214,0.154214958794849
68.1422874756894,-0.0261436296693195,-0.0394721800579526,-0.0913183665848694,0.1895197387496,-0.0119044722367522,0.0351049001711456,-0.0873775416472621,0.153658309955838
68.6148643527643,-0.0261314953912212,-0.0390188672053838,-0.0901227427438524,0.188788704582132,-0.0117373360008395,0.0349272999782365,-0.0864920828544889,0.153098690029272
69.0907186206199,-0.0261173489224645,-0.0385689164502987,-0.0889365495422526,0.18805224244163,-0.0115717674097915,0.0347496402336255,-0.085613083991494,0.152536184358173
69.5698730084476,-0.0261012246933143,-0.0381223126381632,-0.0877598164080401,0.187310488808539,-0.0114077630653916,0.0345719353085962,-0.0847405532715198,0.151970877888508
70.0523504030693,-0.0260831565650617,-0.0376790404481557,-0.0865925705267053,0.186563579748983,-0.0112453193912108,0.0343941994718216,-0.0838744975599774,0.15140285514603
70.5381738500302,-0.0260631778353634,-0.0372390844055598,-0.0854348368662779,0.185811650877305,-0.0110844326352052,0.0342164468868352,-0.083014922392349,0.150832200213723
71.0273665547,-0.0260413212437823,-0.0368024288938916,-0.0842866382029117,0.185054837319526,-0.0109250988723531,0.034038691609581,-0.0821618319924491,0.150258996709865
71.5199518833807,-0.0260176189775203,-0.0363690581667591,-0.0831479951470021,0.184293273677745,-0.0107673140073282,0.03386094758604,-0.0813152292910217,0.149683327766702
72.0159533644237,-0.0259921026773355,-0.0359389563594527,-0.0820189261698071,0.183527093995459,-0.0106110737772055,0.033683228649936,-0.0804751159446566,0.149105276009741
72.5153946893524,-0.0259648034436355,-0.0355121075002657,-0.0808994476305418,0.182756431723828,-0.0104563737541992,0.0335055485205188,-0.0796414923550035,0.148524923537661
73.0182997139948,-0.0259357518427395,-0.0350884955215432,-0.0797895738039143,0.181981419688866,-0.0103032093484279,0.0333279208004259,-0.0788143576882645,0.147942351902853
73.5246924596224,-0.0259049779132998,-0.0346681042704589,-0.0786893169080761,0.181202190059574,-0.0101515758107067,0.0331503589736221,-0.0779937098949466,0.147357642092572
74.0345971140979,-0.0258725111728762,-0.0342509175195186,-0.0775986871329565,0.180418874317001,-0.0100014682353619,0.0329728764034177,-0.0771795457298539,0.146770874510712
74.5480380330304,-0.0258383806246543,-0.0338369189767905,-0.076517692668952,0.179631603224242,-0.00985288156306714,0.032795486330564,-0.0763718607723031,0.14618212896021
75.0650397409388,-0.0258026147643006,-0.0334260922958616,-0.0754463397359433,0.178840506797356,-0.00970581058369796,0.032618201871426,-0.0755706494465403,0.145591484626058
75.585626932423,-0.0257652415869474,-0.0330184210855193,-0.0743846326126123,0.17804571427722,-0.0095602499392027,0.0324410360162332,-0.0747759050423443,0.144999020058945
76.1098244733437,-0.0257262885942977,-0.0326138889191605,-0.0733325736660304,0.177247354102296,-0.00941619412648728,0.0322640016274059,-0.0739876197357964,0.144404813159504
76.6376574020103,-0.0256857828018448,-0.0322124793439247,-0.0722901633814929,0.176445553882313,-0.00927363750031171,0.0320871114379587,-0.0732057846101999,0.14380894116318
77.1691509303763,-0.0256437507461984,-0.0318141758895557,-0.0712574003925725,0.175640440372865,-0.00913257427619599,0.0319103780499788,-0.0724303896771311,0.143211480625708
77.7043304452438,-0.0256002184925095,-0.031418962076989,-0.0702342815113668,0.174832139450908,-0.00899299853333347,0.0317338139331797,-0.071661423897606,0.142612507409192
78.2432215094763,-0.0255552116419871,-0.0310268214266669,-0.0692208017589133,0.174020776091149,-0.00885490421750922,0.0315574314235288,-0.0708988752033452,0.142012096668793
78.7858498632195,-0.0255087553394999,-0.0306377374665827,-0.0682169543957498,0.173206474343329,-0.00871828514402173,0.0313812427219485,-0.0701427305181201,0.141410322840013
79.3322414251308,-0.0254608742812552,-0.0302516937400535,-0.0672227309525942,0.172389357310385,-0.00858313500060562,0.0312052598930904,-0.0693929757791665,0.140807259626569
79.8824222936175,-0.0254115927225493,-0.0298686738132245,-0.0662381212611207,0.171569547127475,-0.00844944735035357,0.0310294948641803,-0.0686495959586469,0.140202979988862
80.436418748083,-0.0253609344855806,-0.0294886612823037,-0.0652631134848111,0.170747164941873,-0.00831721563463558,0.0308539594239352,-0.0679125750851485,0.139597556133025
80.9942572501823,-0.0253089229673207,-0.0291116397805316,-0.0642976941498574,0.169922330893709,-0.00818643317601368,0.0306786652215489,-0.067181896265202,0.138991059500543
81.555964445086,-0.0252555811474357,-0.0287375929848833,-0.0633418481760954,0.169095164097549,-0.00805709318115025,0.0305036237657474,-0.0664575417048044,0.138383560758452
82.121567162753,-0.025200931596251,-0.0283665046225094,-0.062395558907948,0.168265782624806,-0.00792918874370842,0.0303288464239119,-0.0657394927309341,0.137775129790099
82.6910924192116,-0.0251449964827542,-0.0279983584769129,-0.061458808145358,0.167434303486964,-0.00780271284724267,0.0301543444212679,-0.0650277298130434,0.13716583568645
83.2645674178507,-0.0250877975826286,-0.0276331383938669,-0.0605315761746917,0.166600842619614,-0.00767765836807823,0.0299801288401403,-0.0643222325845144,0.136555746737963
83.8420195507184,-0.0250293562863115,-0.0272708282870748,-0.0596138417995931,0.165765514867276,-0.00755401807817753,0.0298062106192733,-0.0636229798640668,0.13594493042699
84.423476399831,-0.0249696936070721,-0.0269114121435735,-0.0587055823717715,0.164928433969002,-0.00743178464799243,0.029632600553212,-0.0629299496771036,0.135333453420717
85.0089657384898,-0.0249088301891008,-0.0265548740288836,-0.0578067738217052,0.164089712544753,-0.00731095064930065,0.029459309291748,-0.0622431192769824,0.134721381564636
85.5985155326084,-0.0248467863156066,-0.0262011980919084,-0.056917390689243,0.163249462082522,-0.00719150855802522,0.0292863473394236,-0.0615624651662023,0.134108779876526
86.1921539420481,-0.0247835819169145,-0.025850368569583,-0.0560374061540891,0.162407792926199,-0.00707345075703535,0.029113725055097,-0.0608879631174916,0.13349571254095
86.7899093219629,-0.0247192365785593,-0.0255023697912783,-0.055166792066154,0.161564814264167,-0.00695676953892786,0.0289414526515646,-0.0602195881947892,0.132882242904249
87.3918102241541,-0.0246537695493678,-0.02515718618296,-0.0543055189757587,0.160720634118602,-0.00684145710878771,0.0287695401952405,-0.0595573147741053,0.132268433470033
87.9978853984339,-0.024587199749527,-0.0248148022711075,-0.0534535561636751,0.159875359335482,-0.00672750558692667,0.0285979976058914,-0.0589011165642537,0.13165434589515
88.6081637939989,-0.0245195457786291,-0.024475202686394,-0.0526108716709919,0.159029095575269,-0.00661490701159899,0.0284268346564256,-0.0582509666274444,0.131040040986133
89.2226745608124,-0.0244508259236924,-0.0241383721671314,-0.0517774323287906,0.15818194730427,-0.00650365334169307,0.0282560609727346,-0.0576068373997274,0.130425578696108
89.8414470509972,-0.024381058167149,-0.0238042955624827,-0.0509532037876208,0.15733401778664,-0.00639373645939833,0.0280856860335862,-0.0569687007112788,0.129811018122166
90.4645108202374,-0.0243102601947966,-0.0234729578354455,-0.0501381505467623,0.156485409077041,-0.00628514817284619,0.0279157191705676,-0.0563365278065201,0.129196417503167
91.0918956291901,-0.0242384494037094,-0.0231443440656086,-0.0493322359832633,0.155636222013913,-0.00617788021872449,0.0277461695680768,-0.0557102893640616,0.128581834217995
91.7236314449071,-0.0241656429101014,-0.0228184394516863,-0.0485354223807436,0.154786556213359,-0.00607192426486461,0.0275770462633618,-0.0550899555164644,0.127967324784233
92.3597484422661,-0.0240918575571403,-0.0224952293138326,-0.0477476709579542,0.153936510063626,-0.00596727191280037,0.0274083581466052,-0.0544754958698092,0.127352944857251
93.0002770054119,-0.0240171099227043,-0.0221746990957391,-0.0469689418970818,0.153086180720166,-0.00586391470029832,0.0272401139610534,-0.0538668795230695,0.126738749229713
93.645247729208,-0.0239414163270803,-0.0218568343665205,-0.0461991943717919,0.152235664101261,-0.00576184410385867,0.0270723223031888,-0.0532640750872775,0.126124791831469
94.2946914206979,-0.0238647928405964,-0.0215416208223896,-0.0454383865750006,0.151385054884198,-0.00566105154118632,0.0269049916229438,-0.0526670507044806,0.125511125729846
94.9486391005764,-0.0237872552911864,-0.0212290442881277,-0.0446864757463687,0.150534446501984,-0.00556152837363156,0.0267381302239554,-0.0520757740664779,0.124897803130308
95.6071220046713,-0.0237088192718814,-0.0209190907183516,-0.0439434181995096,0.14968393114057,-0.0054632659085999,0.0265717462638583,-0.0514902124333351,0.124284875377486
96.2701715854358,-0.0236295001482239,-0.020611746198583,-0.0432091693489064,0.148833599736596,-0.00536625540193077,0.0264058477546158,-0.0509103326516686,0.123672392956574
96.9378195134503,-0.0235493130656017,-0.0203069969461221,-0.0424836837365308,0.147983541975614,-0.00527048806024459,0.0262404425628876,-0.050336101172696,0.12306040549506
97.6100976789355,-0.0234682729564968,-0.0200048293107312,-0.0417669150581587,0.147133846290796,-0.00517595504325808,0.0260755384104315,-0.0497674840700473,0.122448961764806
98.2870381932754,-0.0233863945476459,-0.0197052297751298,-0.0410588161893777,0.146284599862099,-0.00508264746606736,0.0259111428745399,-0.049204447057332,0.121838109684454
98.9686733905512,-0.0233036923671083,-0.0194081849553077,-0.0403593392112823,0.145435888615879,-0.00499055640139885,0.025747263388508,-0.0486469555054583,0.121227896322146
99.6550358290861,-0.0232201807512393,-0.0191136816006575,-0.0396684354358522,0.144587797224941,-0.0048996728818276,0.0255839072421336,-0.0480949744597001,0.120618367898557
100.346158292999,-0.0231358738515636,-0.018821706593933,-0.0389860554310106,0.143740409109007,-0.00480998790196318,0.0254210815822463,-0.0475484686565093,0.12000956979023
101.042073793774,-0.0230507856415472,-0.0185322469510344,-0.0383121490453592,0.142893806435587,-0.00472149242060263,0.0252587934132657,-0.0470074025400675,0.119401546533194
101.742815571832,-0.0229649299232628,-0.0182452898206282,-0.0376466654325878,0.142048070121246,-0.00463417736285102,0.0250970495977873,-0.0464717402785773,0.118794341826866
102.448417098122,-0.0228783203339483,-0.0179608224836027,-0.0369895530755558,0.141203279833251,-0.00454803362220906,0.0249358568571939,-0.0459414457802884,0.118187998538223
103.15891207572,-0.0227909703524518,-0.0176788323523648,-0.0363407598100432,0.140359513991577,-0.00446305206262809,0.024775221772293,-0.0454164827092563,0.117582558706234
103.874334441436,-0.0227028933055641,-0.0173993069699819,-0.0357002328481716,0.139516849771273,-0.00437922352053248,0.0246151507839776,-0.0448968145008314,0.116978063546545
104.594718367439,-0.0226141023742325,-0.0171222340091734,-0.0350679188014918,0.138675363105165,-0.00429653880680948,0.0244556501939099,-0.0443824043768776,0.116374553456403
105.320098262886,-0.0225246105996565,-0.0168476012711561,-0.0344437637037396,0.13783512868688,-0.00421498870876665,0.0242967261652272,-0.0438732153607169,0.11577206801982
106.050508775566,-0.0224344308892594,-0.0165753966843467,-0.0338277130332572,0.136996219974199,-0.00413456399205721,0.0241383847232679,-0.0433692102918002,0.115170646012953
106.785984793556,-0.0223435760225365,-0.0163056083029278,-0.0332197117350827,0.136158709192698,-0.00405525540257314,0.0239806317563179,-0.0428703518401022,0.114570325409702
107.526561446888,-0.0222520586567763,-0.0160382243052801,-0.0326197042427056,0.13532266733969,-0.00397705366830664,0.0238234730163748,-0.0423766025202393,0.113971143387518
108.272274109224,-0.0221598913326514,-0.0157732329922853,-0.032027634499491,0.134488164188445,-0.00389994950117997,0.0236669141199307,-0.0418879247053108,0.113373136333402
109.023158399549,-0.0220670864796795,-0.0155106227855051,-0.031443445979772,0.133655268292671,-0.00382393359884395,0.0235109605487715,-0.0414042806404613,0.112776339850097
109.779250183872,-0.0219736564215503,-0.0152503822252403,-0.030867081709612,0.132824046991266,-0.0037489966464455,0.0233556176507914,-0.0409256324561659,0.11218078876246
110.540585576935,-0.0218796133813172,-0.0149924999684737,-0.0302984842872392,0.131994566413301,-0.00367512931836449,0.0232008906408233,-0.040451942181236,0.111586517124003
111.307200943943,-0.0217849694864528,-0.0147369647867023,-0.0297375959031532,0.131166891483252,-0.00360232227992017,0.0230467846014828,-0.0399831717555476,0.110993558223598
112.079132902301,-0.0216897367737655,-0.0144837655636633,-0.0291843583599075,0.130341085926452,-0.00353056618904762,0.0228933044840256,-0.0395192830424914,0.110401944592342
112.856418323356,-0.021593927194176,-0.0142328912929573,-0.0286387130915689,0.12951721227476,-0.00345985169794461,0.0227404551092173,-0.0390602378411452,0.109811708010564
113.639094334169,-0.0214975526173528,-0.0139843310755745,-0.0281006011828569,0.128695331872437,-0.00339016945468909,0.0225882411682149,-0.0386059978981698,0.109222879514971
114.427198319278,-0.0214006248362043,-0.0137380741173283,-0.0275699633879652,0.127875504882219,-0.00332151010482792,0.0224366672234596,-0.0381565249194288,0.108635489405931
115.220767922492,-0.0213031555712277,-0.0134941097261993,-0.0270467401490678,0.127057790291576,-0.00325386429293706,0.0222857377095791,-0.0377117805813334,0.108049567254874
116.019841048683,-0.0212051564747129,-0.0132524273095973,-0.0265308716145141,0.126242245919159,-0.00318722266415385,0.0221354569343008,-0.0372717265419132,0.107465141911814
116.824455865599,-0.0211066391347999,-0.0130130163715422,-0.0260222976567139,0.125428928421405,-0.00312157586568149,0.0219858290793724,-0.0368363244516144,0.106882241512977
117.634650805689,-0.0210076150793902,-0.0127758665097715,-0.0255209578897172,0.124617893299316,-0.00305691454826659,0.0218368582014921,-0.0364055359638272,0.106300893488533
118.450464567934,-0.0209080957799101,-0.0125409674127774,-0.0250267916864914,0.123809194905389,-0.00299322936764982,0.0216885482332459,-0.0359793227451438,0.105721124570422
119.271936119701,-0.0208080926549269,-0.0123083088567784,-0.0245397381958996,0.12300288645069,-0.00293051098599041,0.0215409029840522,-0.0355576464853479,0.105142960800269
120.099104698599,-0.0207076170736154,-0.0120778807026293,-0.0240597363593837,0.122199020012077,-0.00286875007326479,0.0213939261411129,-0.0351404689071392,0.104566427537376
120.932009814357,-0.0206066803590766,-0.0118496728926763,-0.0235867249273549,0.121397646539544,-0.00280793730863989,0.0212476212703715,-0.0347277517755933,0.103991549466796
121.77069125071,-0.0205052937915067,-0.011623675447559,-0.0231206424752973,0.120598815863704,-0.00274806338182158,0.0211019918174755,-0.0343194569073602,0.103418350607468
122.615189067297,-0.0204034686112168,-0.0113998784629656,-0.0226614274195861,0.119802576703382,-0.00268911899437869,0.0209570411087456,-0.033915546179603,0.102846854320418
123.46554360158,-0.0203012160215037,-0.0111782721063455,-0.0222090180330262,0.119008976673325,-0.00263109486104302,0.0208127723521481,-0.0335159815386798,0.102277083317014
124.321795470765,-0.0201985471913714,-0.0109588466135834,-0.0217633524601137,0.118218062292023,-0.00257398171098598,0.0206691886382733,-0.0331207250085699,0.10170905966727
125.183985573745,-0.0200954732581036,-0.01074159228564,-0.0213243687320255,0.117429878989627,-0.00251777028907203,0.0205262929413171,-0.0327297386990484,0.101142804808196
126.052155093052,-0.0199920053296875,-0.0105264994851631,-0.0208920047813393,0.116644471115963,-0.00246245135708973,0.020384088120066,-0.0323429848136111,0.100578339552182
126.926345496825,-0.0198881544870898,-0.0103135586330744,-0.0204661984564898,0.115861881948646,-0.00240801569496049,0.0202425769188871,-0.0319604256571522,0.100015684095418
127.806598540793,-0.0197839317863849,-0.0101027602051348,-0.0200468875359635,0.115082153701265,-0.0023544541019258,0.020101761968719,-0.0315820236433979,0.0994548580263395
128.692956270265,-0.0196793482607364,-0.0098940947284955,-0.0196340097422373,0.114305327531668,-0.00230175739771314,0.0199616457880677,-0.0312077413020987,0.0988958803340911
129.585461022141,-0.0195744149222322,-0.00968755277823533,-0.0192275027554641,0.113531443550306,-0.00224991642368109,0.0198222307840037,-0.0308375412859834,0.0983387694170132
130.484155426934,-0.0194691427635748,-0.00948312497389232,-0.0188273042269095,0.112760540828663,-0.00219892204394416,0.0196835192531621,-0.0304713863774777,0.0977835430911339
131.389082410804,-0.0193635427596274,-0.0092808019759914,-0.0184333517921436,0.11199265740775,-0.00214876514647753,0.0195455133827452,-0.0301092394951906,0.0972302185986699
132.300285197614,-0.019257625868817,-0.00908057448257335,-0.0180455830839922,0.111227830306664,-0.00209943664420239,0.019408215251526,-0.0297510637001715,0.0966788126165285
133.217807310988,-0.0191514030343958,-0.008882433225729,-0.0176639357452499,0.110466095531205,-0.00205092747605205,0.019271626830855,-0.0293968222019418,0.0961293412648069
134.141692576393,-0.019044885185562,-0.00868636896814293,-0.0172883474411608,0.109707488082558,-0.00200322860801933,0.0191357499856677,-0.0290464783643031,0.0955818201152831
135.071985123233,-0.0189380832384427,-0.00849237249965053,-0.0169187558716691,0.108952041966026,-0.00195633103418555,0.0190005864754944,-0.0286999957109268,0.0950362641998959
136.008729386957,-0.018831008096938,-0.00830043463381256,-0.0165550987834433,0.108199790199812,-0.00191022577773159,0.0188661379554707,-0.028357337930727,0.0944926880192083
136.951970111177,-0.0187236706534311,-0.00811054620451106,-0.0161973139816792,0.107450764823853,-0.00186490389193118,0.0187324059773502,-0.0280184688830213,0.0939511055508511
137.901752349813,-0.0186160817893635,-0.00792269806257066,-0.0158453393416825,0.106704996908701,-0.00182035646112699,0.0185993919905183,-0.0276833526024818,0.093411530257942
138.858121469236,-0.0185082523756789,-0.00773688107240885,-0.0154991128202377,0.105962516564445,-0.0017765746016897,0.0184670973430068,-0.0273519533038805,0.0928739750974774
139.821123150444,-0.0184001932731374,-0.0075530861087192,-0.0151585724667637,0.105223352949671,-0.00173354946296034,0.0183355232825104,-0.0270242353866328,0.0923384525286922
140.790803391236,-0.0182919153325012,-0.0073713040531911,-0.0148236564342616,0.104487534280474,-0.0016912722281764,0.0182046709574043,-0.0267001634391416,0.091804974521385
141.767208508414,-0.018183429394596,-0.00719152579126937,-0.0144943029900565,0.103755087839488,-0.00164973411538171,0.018074541417762,-0.0263797022429463,0.091273552564204
142.750385139995,-0.0180747462902476,-0.00701374220895785,-0.0141704505263375,0.103026039984965,-0.00160892637832068,0.017945135616376,-0.0260628167766801,0.0907441976728922
143.740380247435,-0.0179658768400995,-0.00683794418966971,-0.0138520375704981,0.102300416159883,-0.00156884030731686,0.0178164544097781,-0.0257494722198395,0.090216920398487
144.737241117876,-0.0178568318543106,-0.00666412261112828,-0.0135390027952802,0.101578240901085,-0.00152946723013627,0.0176884985592613,-0.0254396339563684,0.0896917308354719
145.741015366405,-0.0177476221321381,-0.00649226834232147,-0.0132312850287247,0.100859537848446,-0.00149079851283564,0.0175612687319036,-0.0251332675780623,0.0891686386298774
146.751750938323,-0.017638258461407,-0.00632237224051298,-0.0129288232639316,0.100144329754069,-0.00145282556059584,0.0174347655015918,-0.0248303388877941,0.0886476529873282
147.769496111443,-0.0175287516178692,-0.00615442514831338,-0.0126315566686318,0.0994326384915125,-0.0014155398185406,0.0173089893500473,-0.0245308139025666,0.0881287826810343
148.794299498388,-0.0174191123644556,-0.00598841789081393,-0.0123394245945728,0.0987244850650374,-0.00137893277254078,0.0171839406678532,-0.0242346588563953,0.0876120360597225
149.826210048919,-0.0173093514504229,-0.0058243412727862,-0.0120523665867223,0.0980198896188805,-0.00134299595000438,0.0170596197554821,-0.0239418402030237,0.0870974210555072
150.865277052271,-0.0171994796103992,-0.00566218607595003,-0.0117703223922903,0.097318871446552,-0.0013077209206524,0.0169360268243256,-0.0236523246184763,0.0865849451916976
151.911550139505,-0.0170895075633313,-0.00550194305631265,-0.0114932319695724,0.0966214490001542,-0.00127309929728064,0.0168131619977253,-0.0233660790034527,0.0860746155905379
152.965079285884,-0.0169794460113362,-0.00534360294158146,-0.0112210354966178,0.0959276398997216,-0.00123912273650776,0.0166910253120049,-0.0230830704855646,0.085566438980881
154.025914813254,-0.0168693056384602,-0.0051871564286529,-0.0109536733797213,0.0952374609425808,-0.00120578293950946,0.0165696167175039,-0.0228032664214226,0.0850604217057909
155.094107392451,-0.0167590971093498,-0.00503259418117968,-0.010691086261744,0.0945509281127299,-0.00117307165273912,0.0164489360796127,-0.0225266343985723,0.0845565697300739
156.169708045722,-0.0166488310678361,-0.00487990682721881,-0.0104332150302633,0.0938680565902362,-0.00114098066863477,0.0163289831798096,-0.0222531422372878,0.0840548886477358
157.25276814916,-0.0165385181354373,-0.00472908495696218,-0.0101800008255529,0.0931888607606514,-0.00110950182631265,0.0162097577166988,-0.0219827579922214,0.0835553836893636
158.34333943516,-0.0164281689097822,-0.00458011912055207,-0.00993138504839685,0.0925133542244429,-0.00107862701224732,0.0160912593070505,-0.0217154499539177,0.0830580597294306
159.441473994887,-0.0163177939629583,-0.0044329998259831,-0.00968730936773675,0.091841549806442,-0.00104834816093836,0.0159734874868425,-0.0214511866501913,0.0825629212935224
160.547224280766,-0.0162074038397876,-0.00428771753709256,-0.00944771572815539,0.0911734595653064,-0.00101865725556377,0.0158564417123034,-0.0211899368473753,0.0820699725654837
161.66064310899,-0.0160970090560346,-0.00414426267164077,-0.00921254635719696,0.0905090948029971,-0.000989546328620035,0.015740121360958,-0.0209316695514415,0.0815792173944834
162.781783662036,-0.0159866200965488,-0.00400262559948278,-0.00898174377252569,0.0898484660742695,-0.000961007462548842,0.0156245257326736,-0.0206763540089969,0.0810906593019975
163.910699491214,-0.0158762474133465,-0.00386279664083305,-0.00875525078892396,0.0891915831961765,-0.000933032790350581,0.0155096540507091,-0.0204239597081596,0.0806043014887087
165.047444519217,-0.015765901423634,-0.00372476606462414,-0.00853301052513101,0.0885384552575847,-0.000905614496184467,0.0153955054627651,-0.0201744563793182,0.0801201468413208
166.192073042701,-0.0156555925077778,-0.00358852408696057,-0.00831496641052314,0.0878890906287006,-0.000878744815955354,0.0152820790420363,-0.0199278139957762,0.0796381979392885
167.344639734876,-0.0155453310072241,-0.00345406086966907,-0.00810106219163663,0.0872434969706085,-0.000852416037887222,0.0151693737882656,-0.0196840027742877,0.0791584570614606
168.505199648122,-0.0154351272223709,-0.00332136651894581,-0.00789124193853384,0.0866016812448178,-0.000826620503083238,0.0150573886287998,-0.0194429931754843,0.0786809261926357
169.673808216612,-0.0153249914103981,-0.00319043108410152,-0.00768545005101366,0.0859636497228188,-0.000801350606072418,0.0149461224196473,-0.0192047559041995,0.0782056070300307
170.850521258965,-0.0152149337830577,-0.00306124455640508,-0.00748363126466697,0.0853294079956476,-0.000776598795342801,0.0148355739465378,-0.0189692619096915,0.0777325009896606
172.03539498091,-0.0151049645044279,-0.00293379686802616,-0.00728573065677757,0.0846989609834568,-0.000752357573861082,0.0147257419259835,-0.0187364823857699,0.0772616092126296
173.228485977972,-0.0149950936886359,-0.00280807789107717,-0.00709169365206951,0.0840723129450941,-0.000728619499578648,0.014616625006342,-0.0185063887708266,0.0767929325713328
174.429851238172,-0.014885331397552,-0.00268407743675485,-0.00690146602830122,0.0834494674876853,-0.000705377185923954,0.0145082217688808,-0.0182789527477766,0.0763264716755682
175.639548144754,-0.0147756876384587,-0.00256178525458161,-0.00671499392170693,0.0828304275762219,-0.000682623302281142,0.0144005307288442,-0.0180541462439109,0.0758622268785585
176.857634478922,-0.0146661723616988,-0.00244119103174662,-0.00653222383228608,0.0822151955431529,-0.00066035057445485,0.0142935503365207,-0.0178319414306637,0.0754001982828832
178.084168422602,-0.0145567954583063,-0.00232228439254662,-0.00635310262894077,0.0816037730979776,-0.000638551785121111,0.0141872789783127,-0.0176123107232984,0.0749403857463193
179.319208561219,-0.0144475667576229,-0.00220505489792599,-0.00617757755446223,0.0809961613368415,-0.000617219774264274,0.0140817149778072,-0.0173952267805138,0.0744827888875928
180.562813886497,-0.0143384960249038,-0.00208949204511608,-0.00600559623036599,0.0803923607521309,-0.000596347439599831,0.0139768565968481,-0.0171806625039749,0.0740274070920385
181.815043799277,-0.0142295929589177,-0.00197558526737299,-0.00583710666157675,0.0797923712420675,-0.00057592773698309,0.0138727020366099,-0.0169685910377704,0.0735742395171701
183.075958112354,-0.0141208671895418,-0.00186332393381343,-0.00567205724096278,0.0791961921203004,-0.000555953680803587,0.0137692494386717,-0.0167589857677992,0.0731232850981591
184.345617053333,-0.0140123282753578,-0.00175269734934787,-0.00551039675372048,0.0786038221254947,-0.000536418344365142,0.0136664968860937,-0.0165518203210897,0.0726745425532245
185.624081267505,-0.0139039857012508,-0.00164369475471026,-0.00535207438160922,0.078015259430916,-0.000517314860251481,0.0135644424044929,-0.0163470685650547,0.0722280103889314
186.911411820748,-0.0137958488760146,-0.0015363053265833,-0.00519703970703683,0.0774305016540074,-0.000498636420677307,0.0134630839631209,-0.016144704606683,0.0717836869054003
188.207670202438,-0.0136879271299675,-0.00143051817781828,-0.00504524271699589,0.0768495458659608,-0.000480376277824767,0.0133624194759418,-0.0159447027916723,0.0713415702014271
189.512918328392,-0.0135802297125802,-0.00132632235774844,-0.00489663380685135,0.076272388601278,-0.000462527744165183,0.0132624468027104,-0.0157470377035048,0.0709016581795135
190.827218543819,-0.013472765790121,-0.00122370685259451,-0.00475116378397939,0.0756990258673215,-0.000445084192765989,0.013163163750051,-0.0155516841624685,0.0704639485508094
192.150633626303,-0.0133655444433192,-0.00112266058596118,-0.00460878387125822,0.0751294531538541,-0.000428039057582785,0.0130645680725362,-0.0153586172246263,0.0700284388399663
193.483226788801,-0.0132585746650514,-0.00102317241942306,-0.00446944571041071,0.0745636654425642,-0.000411385833736421,0.0129666574737657,-0.0151678121807356,0.0695951263899034
194.82506168266,-0.0131518653580528,-0.000925231153198626,-0.00433310136519955,0.074001657216576,-0.000395118077775023,0.0128694296074446,-0.0149792445551214,0.0691640083664869
196.176202400658,-0.0130454253326567,-0.000828825526910562,-0.00419970332447483,0.0734434224699432,-0.000379229407920918,0.0127728820784621,-0.0147928901045034,0.0687350817631221
197.536713480066,-0.0129392633045644,-0.000733944220430795,-0.00406920450507491,0.0728889547171241,-0.000363713504302365,0.0126770124439679,-0.0146087248167822,0.0683083434052599
198.906659905733,-0.0128333878926491,-0.000640575854808423,-0.00394155825458034,0.0723382470024355,-0.000348564109170027,0.0125818182144499,-0.0144267249097833,0.067883789954818
200.286107113184,-0.0127278076167958,-0.000548708993278885,-0.00381671835392191,0.0717912919094858,-0.000333775027098154,0.0124872968548087,-0.0142468668299651,0.0674614179145179
201.675120991751,-0.0126225308957794,-0.000458332142352136,-0.00369463901984259,0.0712480815705834,-0.000319340125170387,0.0123934457854324,-0.0140691272510891,0.0670412236321377
203.073767887718,-0.0125175660451846,-0.000369433752978106,-0.00357527490721435,0.0707086076761191,-0.00030525333315017,0.0123002623832689,-0.0138934830728577,0.066623203304682
204.482114607491,-0.0124129212753686,-0.000282002221787286,-0.00345858111121005,0.0701728614839211,-0.000291508643635716,0.0122077439828969,-0.0137199114195188,0.0662073529824701
205.900228420788,-0.0123086046894701,-0.000196025892404273,-0.00334451316933105,0.0696408338285806,-0.0002781001121995,0.0121158878775946,-0.0135483896384419,0.065793668573142
207.32817706385,-0.0122046242814657,-0.000111493056832231,-0.00323302706329113,0.0691125151307449,-0.000265021857512251,0.0120246913204059,-0.0133788952986654,0.0653821458455852
208.766028742684,-0.0121009879342763,-2.83919569058384e-05,-0.00312407922075731,0.0685878954063779,-0.00025226806145144,0.0119341515252049,-0.0132114061894179,0.0649727804337804
210.213852136311,-0.0119977034179258,5.32892141893448e-05,-0.00301762651694828,0.0680669642759844,-0.000239832969194248,0.0118442656677564,-0.0130459003186154,0.0645655678405701
211.671716400053,-0.011894778387753,0.000133562310333639,-0.00291362627609107,0.0675497109737968,-0.000227710889294999,0.0117550308867744,-0.0128823559113364,0.0641605034413487
213.139691168835,-0.0117922203826794,0.000212439230828363,-0.00281203627273685,0.0670361243569226,-0.000215896193747112,0.0116664442849762,-0.0127207514082756,0.0637575824876759
214.617846560511,-0.0116900368235346,0.000289931918691795,-0.0027128147329366,0.0665261929144491,-0.000204383318029539,0.0115785029301341,-0.0125610654641788,0.0633568001108146
216.10625317921,-0.0115882350114396,0.000366052358898443,-0.00261592033527755,0.0660199047765057,-0.000193166761137751,0.0114912038561219,-0.0124032769462606,0.0629581513251943
217.604982118714,-0.0114868221262514,0.000440812576564082,-0.0025213122117813,0.0655172477232791,-0.000182241085599297,0.011404544063958,-0.012247364932606,0.0625616310318005
219.114104965849,-0.0113858052250688,0.000514224635079072,-0.0024289499486646,0.0650182091939813,-0.000171600917473984,0.0113185205228439,-0.0120933087105573,0.0621672340214913
220.633693803907,-0.0112851912408011,0.000586300634192571,-0.00233879358696392,0.0645227762957668,-0.000161240946338732,0.0112331301711977,-0.011941087775089,0.0617749549782434
222.163821216089,-0.0111849869808014,0.000657052708050053,-0.00225080362302473,0.0640309358125987,-0.000151155925257165,0.0111483699176827,-0.0117906818271699,0.061384788482326
223.704560288971,-0.0110851991255646,0.000726493023186942,-0.00216494100885681,0.0635426742140592,-0.000141340670734034,0.0110642366422308,-0.0116420707721169,0.0609967290134072
225.255984615994,-0.0109858342274921,0.000794633776480683,-0.00208116715235669,0.0630579776641051,-0.000131790062654516,0.0109807271970598,-0.0114952347179379,0.0606107709535902
226.818168300982,-0.0108868987097232,0.000861487193064064,-0.00199944391739861,0.0625768320297636,-0.000122499044208528,0.0108978384076855,-0.0113501539736694,0.0602269085903836
228.391185961678,-0.010788398865035,0.000927065524202302,-0.00191973362379513,0.0620992228897691,-0.000113462621800133,0.0108155670739267,-0.0112068090477059,0.0598451361196051
229.975112733314,-0.0106903408548098,0.0009913810451365,-0.00184199904712907,0.0616251355431362,-0.00010467586494215,0.0107339099709046,-0.0110651806461255,0.05946544764822
231.570024272191,-0.010592730708073,0.0010544460528961,-0.0017662034184579,0.0611545550176685,-9.61339061361117e-05,0.0106528638500347,-0.0109252496710111,0.0590878371971164
233.175996759301,-0.0104955743205997,0.00111627286408293,-0.00169231042389235,0.0606874660784016,-8.78319407376757e-05,0.0105724254400123,-0.010786997218769,0.0587122987038168
234.793106903962,-0.0103988774540912,0.00117687381262939,-0.00162028420405063,0.0602238532359765,-7.97652268076572e-05,0.0104925914477899,-0.0106504045784451,0.0583388260251287
236.421431947482,-0.0103026457354232,0.00123626124753343,-0.00155008935338996,0.0597637007549434,-7.19290849488087e-05,0.0104133585595477,-0.0105154532300412,0.0579674129397344
238.061049666849,-0.0102068846559626,0.00129444753057284,-0.00148169091941706,0.059306992661992,-6.43188981285323e-05,0.0103347234416559,-0.0103821248428306,0.0575980531507215
239.712038378445,-0.0101115995709566,0.00135144503400131,-0.00141505440177937,0.0588537127541093,-5.69301114876715e-05,0.0102566827416287,-0.0102504012736756,0.0572307402880551
241.374476941791,-0.0100167956989919,0.001407266138229,-0.00135014575123864,0.0584038446066589,-4.97582321355809e-05,0.0101792330890699,-0.0101202645653466,0.0568654679109927
243.048444763306,-0.00992247812152417,0.00146192322948981,-0.00128693136852894,0.0579573715813845,-4.27988289316387e-05,0.0101023710966103,-0.00999169694484393,0.056502229510443
244.734021800108,-0.00982865178247865,0.00151542869749812,-0.00122537810310077,0.0575142768343321,-3.60475322534221e-05,0.0100260933608355,-0.00986468082172337,0.0561410185112704
246.431288563827,-0.00973532148792076,0.00156779493309715,-0.00116545325175336,0.0570745433236913,-2.95000337517243e-05,0.00995039646320495,-0.00973919878642635,0.0557818282745446
248.140326124455,-0.00964249190579659,0.0016190343259016,-0.00110712455715702,0.0566381538175537,-2.31520860926487e-05,0.00987527697096122,-0.0096152336086149,0.0554246520997386
249.861216114214,-0.00955016756574312,0.00166915926193673,-0.00105036020626766,0.0562050909015854,-1.69995026869751e-05,0.00980073143802989,-0.00949276823551257,0.0550694832268741
251.594040731461,-0.00945835285896751,0.00171818212127626,-0.000995128828635533,0.0557753369866141,-1.1038157407045e-05,0.00972675640590932,-0.00937178579025181,0.0547163148386169
253.338882744608,-0.00936705203819493,0.0017661152756815,-0.000941399494610255,0.0553488743161277,-5.26398429139549e-06,0.00965334840455039,-0.00925226957022834,0.054365140062323
255.09582549608,-0.0092762692176844,0.00181297108624369,-0.000889141713444348,0.0549256849736831,3.27022762631676e-07,0.00958050395322578,-0.00913420304546325,0.0540159519720356
256.864952906292,-0.00918600837331192,0.00185876190103202,-0.000838325431297451,0.0545057508902248,5.73881031804306e-06,0.00950821956138876,-0.00901756985697318,0.0536687435904356
258.646349477661,-0.00909627334272015,0.00190350005274926,-0.000788921029143469,0.05408905385131,1.09752657288494e-05,0.00943649172952113,-0.00890235381514939,0.0533235078907453
260.440100298641,-0.00900706782553373,0.00194719785639718,-0.000740899320582851,0.0536755755042412,1.60402174819907e-05,0.00936531694997016,-0.00878853889814575,0.0529802377985866
262.246291047787,-0.00891839538363961,0.00198986760695388,-0.000694231549562397,0.0532652973651029,2.0937435550236e-05,0.00929469170777443,-0.00867610925027663,0.052638926193796
264.065007997846,-0.00883025944153113,0.00203152157706484,-0.000648889388004883,0.0528582008257024,2.5670631755803e-05,0.0092246124814782,-0.0085650491804247,0.0522995659121952
265.896338019882,-0.00874266328671519,0.00207217201474977,-0.000604844933350827,0.0524542671604136,3.02434601444199e-05,0.00915507574393437,-0.00845534316045916,0.0519621497473205
267.740368587419,-0.00865561007018114,0.00211183114112711,-0.000562070706014837,0.0520534775329216,3.46595173695457e-05,0.00908607796309562,-0.00834697582366487,0.0516266704521102
269.597187780627,-0.00856910280693064,0.00215051114815794,-0.000520539646758932,0.0516558130028683,3.89223430864631e-05,0.00901761560279373,-0.00823993196318255,0.0512931207405523
271.466884290521,-0.00848314437656697,0.00218822419641112,-0.000480225113985227,0.0512612545323975,4.30354203559628e-05,0.00894968512350689,-0.00813419653046044,0.0509614932892926
273.349547423206,-0.00839773752394297,0.00222498241285143,-0.000441100880950525,0.0508697829925988,4.70021760573119e-05,0.00888228298311489,-0.00802975463371774,0.0506317807392049
275.245267104134,-0.00831288485986608,0.00226079788865213,-0.000403141132905147,0.0504813791698486,5.08259813102299e-05,0.00881540563764194,-0.00792659153641994,0.0503039756969231
277.154133882404,-0.00822858886185931,0.00229568267703378,-0.000366320464158588,0.0500960237720486,5.4510151905558e-05,0.0087490495419871,-0.00782469265576646,0.0499780707363375
279.07623893509,-0.00814485187497697,0.00232964879113073,-0.000330613875074481,0.0497136974347612,5.8057948744324e-05,0.00868321115064225,-0.00772404356119068,0.0496540584000552
281.011674071587,-0.00806167611267358,0.00236270820188664,-0.000295996768997269,0.0493343807272394,6.1472578284903e-05,0.00861788691839737,-0.00762462997287263,0.049331931200826
282.960531738006,-0.00797906365772467,0.00239487283598064,-0.000262444949113202,0.0489580541583523,6.47571929979693e-05,0.00855307330103305,-0.00752643776026436,0.0490116816229339
284.922905021585,-0.00789701646319811,0.00242615457378529,-0.00022993461524813,0.0485846981824056,6.791489182892e-05,0.00848876675600026,-0.00742945294062836,0.0486933021235567
286.898887655133,-0.00781553635347451,0.00245656524735769,-0.000198442360604579,0.0482142932048557,7.0948720667482e-05,0.0084249637430872,-0.00733366167758896,0.0483767851340921
288.888574021513,-0.00773462502531517,0.00248611663846486,-0.00016794516844065,0.0478468195879174,7.38616728241735e-05,0.00836166072507311,-0.00723905027969692,0.048062123061454
290.892059158146,-0.0076542840489762,0.00251482047664471,-0.000138420408693232,0.0474822576560658,7.6656689513326e-05,0.00829885416836913,-0.00714560519900728,0.0477493082893369
292.909438761552,-0.00757451486936715,0.0025426884373035,-0.000109845834548074,0.0471205877014307,7.93366603423437e-05,0.00823654054364609,-0.00705331302967049,0.0474383331794513
294.940809191919,-0.00749531880725284,0.00256973213985084,-8.21995789591166e-05,0.0467617899890843,8.19044238069017e-05,0.00817471632644906,-0.00696216050653695,0.0471291900727304
296.986267477709,-0.00741669706049664,0.00259596314587333,-5.54601511197107e-05,0.0464058447622218,8.4362767791768e-05,0.00811337799779886,-0.00687213450377496,0.0468218712905076
299.045911320291,-0.0073386507053439,0.00262139295734754,-2.96064328880533e-05,0.0460527322472346,8.6714430076939e-05,0.00805252204478034,-0.00678322203350214,0.0465163691356678
301.119839098607,-0.00726118069774363,0.00264603301489326,-4.61767516940926e-06,0.0457024326586766,8.89620988487848e-05,0.00799214496111738,-0.00669541024443023,0.0462126758937709
303.208149873869,-0.00718428787470725,0.00266989469606778,1.95265057424971e-05,0.0453549262041235,9.11084132159002e-05,0.00793224324773486,-0.00660868642052341,0.0459107838341497
305.310943394298,-0.00710797295570259,0.00269298931370196,4.28461318624507e-05,0.0450101930889245,9.31559637293471e-05,0.00787281341330718,-0.00652303797967,0.0456106852109827
307.428320099879,-0.00703223654408164,0.00271532811427854,6.53608672466915e-05,0.0446682135208483,9.51072929069987e-05,0.00781385197479379,-0.0064384524723676,0.0453123722643418
309.560381127168,-0.00695707912854045,0.0027369222763536,8.70900217594646e-05,0.0443289677146213,9.69648957616721e-05,0.00775535545796138,-0.00635491758042159,0.0450158372212158
311.707228314113,-0.00688250108460975,0.0027577829090214,0.000108052554870754,0.0439924358963608,9.87312203327634e-05,0.00769732039789298,-0.0062724211156569,0.0447210722965113
313.868964204927,-0.00680850267617444,0.00277792105042322,0.000128267079482935,0.0436585983079015,0.000100408668221084,0.00763974333948388,-0.0061909510186431,0.0444280696940299
316.045692054981,-0.00673508405702076,0.00279734766630067,0.000147751865783945,0.0433274352110169,0.000101999595126598,0.00758262083792452,-0.00611049535743262,0.0441368216074242
318.237515835737,-0.00666224527240921,0.00281607364859365,0.000166524845124802,0.0429989268915356,0.000103506311388794,0.00752594945917027,-0.00603104232631214,0.043847320221131
320.444540239715,-0.00658998626067194,0.00283410981408348,0.0001846036139191,0.0426730536633534,0.00010493108252938,0.00746972578039824,-0.00595258024456689,0.0435595577112847
322.666870685493,-0.00651830685483301,0.00285146690308127,0.000202005437562331,0.0423497958723413,0.000106276129797038,0.00741394639045115,-0.00587509755525799,0.0432735262466095
324.904613322743,-0.00644720678424987,0.00286815557816186,0.000218747254368833,0.0420291339001505,0.000107543630713948,0.00735860789026836,-0.00579858282401257,0.0429892179892916
327.1578750373,-0.00637668567627478,0.00288418642294345,0.000234845679524177,0.0417110481679145,0.000108735719623818,0.00730370689330411,-0.00572302473782659,0.0427066250958331
329.426763456268,-0.00630674305793444,0.00289956994091299,0.000250317009050917,0.0413955191398495,0.000109854488241142,0.00724924002593303,-0.00564841210388026,0.0424257397178852
331.711386953162,-0.00623737835762654,0.00291431655429738,0.000265177223785568,0.041082527326754,0.000110901986201423,0.00719520392784303,-0.00557473384836598,0.0421465540030651
334.011854653082,-0.00616859090683167,0.00292843660298058,0.000279441993364831,0.0407720532894081,0.000111880221612107,0.00714159525241572,-0.00550197901532862,0.0418690600957528
336.328276437929,-0.00610037994183915,0.00294194034346647,0.00029312668021896,0.0404640776418726,0.000112791161603953,0.00708841066709437,-0.00543013676551802,0.0415932501378727
338.660762951648,-0.00603274460548543,0.00295483794788747,0.000306246343570417,0.040158581054691,0.000113636732882612,0.00703564685373955,-0.00535919637525359,0.0413191162696563
341.009425605519,-0.00596568394890362,0.0029671395030587,0.000318815743435803,0.0398555442579926,0.000114418822280155,0.00698330050897257,-0.00528914723530087,0.0410466506303895
343.374376583475,-0.00589919693328272,0.00297885500957768,0.000330849344629188,0.0395549480445,0.00011513927730631,0.00693136834450687,-0.00521997884975995,0.0407758453591433
345.75572884746,-0.00583328243163534,0.00298999438096916,0.000342361320765048,0.0392567732724401,0.000115799906699168,0.00687984708746738,-0.0051516808349655,0.0405066925954894
348.153596142828,-0.00576793923057245,0.00300056744287494,0.000353365558258941,0.0389610008683614,0.000116402480975145,0.00682873348069811,-0.00508424291839837,0.0402391844801992
350.568093003772,-0.00570316603208396,0.00301058393228848,0.00036387566032419,0.0386676118298577,0.000116948732977955,0.00677802428305802,-0.00501765493760862,0.0399733131559293
352.999334758797,-0.00563896145532374,0.00302005349683378,0.000373904950962888,0.0383765872281984,0.000117440358426382,0.00672771626970525,-0.00495190683914969,0.0397090707678918
355.44743753623,-0.00557532403839799,0.00302898569408838,0.000383466478949484,0.0380879082108692,0.000117879016460642,0.00667780623237005,-0.00488698867752374,0.0394464494645102
357.912518269762,-0.00551225224015562,0.00303738999094994,0.000392573021805396,0.0378015560040215,0.000118266330187126,0.0066282909796163,-0.0048228906141379,0.0391854413980619
360.39469470404,-0.00544974444197949,0.0030452757630461,0.000401237089763019,0.0375175119148334,0.000118603887221307,0.00657916733709198,-0.0047596029162713,0.0389260387253067
362.894085400285,-0.0053877989495774,0.00305265229418713,0.000409470929717617,0.0372357573337832,0.000118893240228636,0.00653043214776862,-0.00469711595605274,0.0386682336081029
365.410809741959,-0.00532641399477158,0.00305952877586087,0.000417286529165596,0.0369562737368358,0.000119135907463227,0.00648208227216991,-0.00463542020944883,0.0384120182140098
367.944987940466,-0.00526558773728573,0.00306591430676947,0.000424695620127736,0.036679042687545,0.000119333373304137,0.00643411458858966,-0.00457450625526246,0.0381573847168777
370.496741040893,-0.00520531826652844,0.00307181789240749,0.000431709683055937,0.0364040458390706,0.000119487088789077,0.00638652599329926,-0.00451436477414149,0.0379043252974262
373.066190927794,-0.00514560360337193,0.00307724844468065,0.00043833995072217,0.0361312649361144,0.000119598472145374,0.00633931340074474,-0.00445498654759738,0.0376528321438099
375.653460331008,-0.00508644170192528,0.00308221478156479,0.00044459741208831,0.0358606818167735,0.000119668909318013,0.00629247374373372,-0.00439636245703374,0.0374028974521727
378.258672831527,-0.00502783045130089,0.00308672562680445,0.000450492816155585,0.0355922784143146,0.000119699754494607,0.00624600397361226,-0.00433848348278463,0.0371545134271905
380.881952867393,-0.00496976767737353,0.00309078960965029,0.00045603667579242,0.0353260367588692,0.000119692330627132,0.00619990106043196,-0.0042813407031624,0.0369076722826032
383.523425739646,-0.00491225114453077,0.00309441526463497,0.000461239271539512,0.035061938979052,0.000119647929950279,0.00615416199310732,-0.00422492529351492,0.0366623662417348
386.183217618305,-0.00485527855741425,0.00309761103138659,0.000466110655391023,0.0347999673035028,0.000119567814496281,0.00610878377956362,-0.00416922852529219,0.0364185875380038
388.861455548399,-0.00479884756265051,0.00310038525447923,0.000470660654550778,0.0345401040623542,0.000119453216606079,0.00606376344687548,-0.00411424176512197,0.0361763284154224
391.558267456034,-0.00474295575057105,0.00310274618331978,0.000474898875162461,0.0342823316886265,0.00011930533943669,0.00601909804139628,-0.00405995647389449,0.035935581129086
394.273782154498,-0.00468760065692039,0.00310470197207038,0.000478834706012797,0.0340266327195501,0.00011912535746465,0.00597478462887861,-0.00400636420585599,0.0356963379456522
397.008129350424,-0.00463277976455168,0.00310626067960589,0.000482477322206779,0.0337729897978181,0.000118914416985424,0.00593082029458588,-0.00395345660771093,0.0354585911438101
399.761439649975,-0.00457849050510896,0.00310743026950543,0.00048583568881404,0.0335213856727699,0.00011867363660865,0.0058872021433954,-0.00390122541773286,0.0352223330147403
402.533844565089,-0.00452473026069552,0.00310821861007755,0.000488918564485493,0.0332718032015068,0.000118404107749119,0.00584392729989295,-0.00384966246488361,0.0349875558625648
405.325476519761,-0.00447149636552752,0.00310863347441803,0.000491734505039434,0.0330242253499417,0.000118106895113386,0.00580099290845914,-0.00379875966794091,0.0347542520047884
408.136468856361,-0.00441878610757241,0.00310868254049979,0.000494291867016314,0.0327786351937847,0.000117783037181913,0.00575839613334771,-0.00374850903463413,0.0345224137727304
410.966955842014,-0.00436659673017145,0.00310837339129397,0.000496598811201456,0.0325350159194635,0.000117433546686646,0.00571613415875581,-0.00369890266078806,0.0342920335119475
413.817072675003,-0.00431492543364578,0.00310771351492159,0.00049866330611502,0.0322933508249841,0.000117059411083947,0.00567420418888679,-0.00364993272947465,0.0340631035826484
416.686955491232,-0.00426376937688552,0.00310671030483486,0.000500493131468542,0.0320536233207293,0.000116661593022794,0.00563260344800522,-0.00360159151017252,0.0338356163600993
419.576741370729,-0.00421312567892135,0.00310537106002757,0.000502095881587451,0.0318158169301984,0.000116241030808172,0.00559132918048471,-0.00355387135793416,0.033609564235021
422.486568344193,-0.00416299142047809,0.00310370298527361,0.000503478968798976,0.0315799152906895,0.000115798638859579,0.00555037865084849,-0.00350676471256072,0.0333849396139783
425.416575399583,-0.00411336364550985,0.00310171319139299,0.000504649626784901,0.031345902153925,0.000115335308164593,0.00550974914380297,-0.00346026409778423,0.0331617349197604
428.366902488763,-0.00406423936271635,0.00309940869554446,0.000505614913898663,0.0311137613866218,0.000114851906727419,0.00546943796426454,-0.00341436212045712,0.0329399425917539
431.337690534184,-0.00401561554703985,0.00309679642154414,0.00050638171644634,0.0308834769710086,0.000114349280012375,0.00542944243737966,-0.00336905146974904,0.0327195550863078
434.329081435613,-0.00396748914114259,0.00309388320020918,0.000506956751931075,0.0306550330052899,0.000113828251382255,0.00538975990853853,-0.00332432491635073,0.0325005648770906
437.341218076915,-0.00391985705686409,0.00309067576972587,0.000507346572260559,0.0304284137040599,0.000113289622531524,0.0053503877433824,-0.00328017531168496,0.0322829644554402
440.374244332875,-0.0038727161766582,0.00308718077604131,0.000507557566917205,0.0302036033986657,0.000112734173914299,0.00531132332780478,-0.00323659558712435,0.0320667463307057
443.428305076071,-0.00382606335500955,0.00308340477327793,0.000507595966090684,0.0299805865375232,0.000112162665167082,0.00527256406794673,-0.00319357875321599,0.0318519030305821
446.503546183793,-0.00377989541982905,0.00307935422417013,0.000507467843772523,0.0297593476863856,0.000111575835526204,0.00523410739018632,-0.00315111789891283,0.0316384271014383
449.600114545014,-0.00373420917382833,0.00307503550052223,0.000507179120812512,0.0295398715285655,0.00011097440423995,0.00519595074112247,-0.00310920619081163,0.0314263111086368
452.718158067401,-0.00368900139587274,0.00307045488368698,0.000506735567936679,0.0293221428651136,0.000110359070975349,0.00515809158755338,-0.00306783687239749,0.0312155476368476
455.857825684385,-0.00364426884231286,0.00306561856506398,0.000506142808726626,0.0291061466149535,0.000109730516219583,0.0051205274164496,-0.00302700326329478,0.0310061292903541
459.01926736227,-0.0036000082482942,0.00306053264661714,0.000505406322560074,0.028891867814975,0.000109089401676022,0.00508325573492206,-0.00298669875852449,0.0307980486933526
462.202634107401,-0.00355621632904508,0.00305520314141058,0.000504531447512441,0.0286792916200862,0.000108436370654858,0.00504627407018508,-0.00294691682776774,0.0305912984902456
465.408077973374,-0.00351288978114243,0.00304963597416215,0.000503523383219361,0.0284684033032268,0.000107772048458319,0.00500957996951459,-0.00290765101463562,0.0303858713459274
468.635752068297,-0.00347002528375541,0.0030438369818139,0.000502387193700055,0.0282591882553427,0.00010709704276047,0.00497317100020168,-0.00286889493594502,0.0301817599460637
471.885810562108,-0.00342761949986686,0.0030378119141188,0.000501127810141461,0.0280516319853234,0.00010641194398159,0.00493704474950175,-0.00283064228100055,0.0299789569973653
475.158408693936,-0.0033856690774724,0.00303156643424299,0.000499750033643125,0.0278457201199044,0.000105717325657117,0.00490119882457917,-0.00279288681088243,0.0297774552278538
478.453702779515,-0.00334417065075713,0.00302510611938288,0.00049825853792281,0.0276414384035338,0.000105013744801181,0.00486563085244785,-0.00275562235774026,0.0295772473871231
481.771850218653,-0.00330312084124993,0.00301843646139644,0.000496657871982842,0.0274387726982058,0.000104301742264704,0.00483033847990779,-0.00271884282409253,0.0293783262465928
485.113009502749,-0.00326251625895537,0.00301156286744797,0.000494952462737225,0.0272377089832622,0.000103581843088105,0.00479531937347765,-0.00268254218213205,0.0291806845997569
488.477340222363,-0.00322235350346309,0.00300449066066576,0.000493146617599593,0.0270382333551619,0.000102854556848597,0.0047605712193236,-0.00264671447303686,0.0289843152624252
491.865003074839,-0.00318262916503488,0.00299722508081187,0.000491244527032041,0.0268403320272203,0.0001021203780021,0.00472609172318463,-0.00261135380628697,0.02878921107296
495.276159871982,-0.00314333982566923,0.00298977128496354,0.000489250267054974,0.0266439913293198,0.000101379786219792,0.00469187861029426,-0.00257645435898643,0.0285953648925058
498.710973547785,-0.00310448206014363,0.0029821343482055,0.000487167801718055,0.0264491977075923,0.0001006332467193,0.00465792962529902,-0.00254201037519114,0.0284027696052138
502.169608166212,-0.00306605243703452,0.00297431926433259,0.000485000985532415,0.0262559377240738,9.98812105905758e-05,0.00462424253217369,-0.00250801616524193,0.0282114181184607
505.652228929035,-0.00302804751971507,0.0029663309465621,0.000482753565864247,0.0260641980563339,9.91241151164603e-05,0.00459081511413347,-0.00247446610510308,0.0280213033630611
509.159002183727,-0.00299046386733074,0.00295817422825523,0.000480429185289992,0.0258739654970798,9.83623840879719e-05,0.00455764517354318,-0.00244135463570621,0.027832418293475
512.690095431402,-0.00295329803575293,0.00294985386364705,0.000478031383913272,0.0256852269537362,9.75964281143487e-05,0.00452473053182375,-0.00240867626229939,0.0276447558880099
516.245677334823,-0.00291654657851061,0.00294137452858449,0.000475563601643792,0.0254979694480022,9.68266449278716e-05,0.00449206902935587,-0.00237642555380154,0.0274583091490165
519.825917726449,-0.00288020604770019,0.00293274082127161,0.000473029180438426,0.0253121801153859,9.60534196835016e-05,0.00445965852538124,-0.00234459714216199,0.0272730711030798
523.430987616559,-0.00284427299487371,0.00292395726302191,0.000470431366504706,0.0251278462047176,9.52771252533665e-05,0.00442749689790117,-0.00231318572172513,0.0270890348012046
527.061059201407,-0.00280874397190554,0.00291502829901679,0.000467773312467,0.0249449550776434,9.44981225161328e-05,0.00439558204357308,-0.00228218604860025,0.0269061933189958
530.716305871459,-0.00277361553183773,0.00290595829906987,0.00046505807949558,0.024763494208098,9.37167606413024e-05,0.00436391187760457,-0.00225159294003635,0.0267245397568331
534.396902219665,-0.00273888422970411,0.00289675155839667,0.000462288639398912,0.0245834511817603,9.29333773684704e-05,0.00433248433364555,-0.00222140127380196,0.0265440672400412
538.103024049808,-0.00270454662333342,0.00288741229838898,0.000459467876679406,0.0244048136954902,9.2148299281587e-05,0.00430129736367824,-0.00219160598756999,0.0263647689190544
541.834848384891,-0.00267059927413162,0.00287794466739355,0.000456598590552966,0.024227569556749,9.13618420782692e-05,0.00427034893790539,-0.00216220207830739,0.0261866379695762
545.592553475602,-0.00263703874784349,0.0028683527414947,0.000453683496932586,0.0240517066830034,9.05743108341989e-05,0.00423963704463661,-0.00213318460166982,0.0260096675927339
549.376318808822,-0.0026038616152939,0.00285864052530016,0.000450725230376384,0.0238772131011143,8.97860002626611e-05,0.00420915969017315,-0.00210454867140108,0.025833851015229
553.1863251162,-0.00257106445310873,0.00284881195272996,0.000447726346000332,0.0237040769467109,8.89971949692622e-05,0.00417891489869092,-0.00207628945873741,0.0256591814894816
557.022754382788,-0.00253864384441586,0.0028388708878077,0.000444689321356055,0.0235322864635514,8.82081697018792e-05,0.00414890071212218,-0.00204840219181651,0.0254856522937707
560.885789855729,-0.00250659637952633,0.00282882112545395,0.000441616558274032,0.0233618300028697,8.74191895958877e-05,0.00411911519003575,-0.00202088215509135,0.0253132567323697
564.775616053012,-0.00247491865659594,0.00281866639228123,0.00043851038467254,0.0231926960227107,8.6630510414719e-05,0.00408955640951594,-0.00199372468874871,0.0251419881356773
568.692418772287,-0.00244360728226753,0.0028084103473903,0.000435373056332718,0.0230248730872533,8.58423787857941e-05,0.00406022246504026,-0.0019669251881323,0.0249718398603432
572.636385099737,-0.00241265887229409,0.0027980565831672,0.000432206758640098,0.0228583498661228,8.50550324318919e-05,0.00403111146835603,-0.00194047910317067,0.0248028052893899
576.607703419018,-0.00238207005214316,0.00278760862608089,0.000429013608292974,0.0226931151336925,8.42687003979956e-05,0.00400222154835588,-0.00191438193780963,0.0246348778323296
580.606563420252,-0.00235183745758248,0.00277706993748084,0.000425795654978005,0.0225291577683759,8.34836032736792e-05,0.00397355085095238,-0.0018886292494493,0.0244680509252772
584.633156109091,-0.00232195773524737,0.00276644391439456,0.000422554883013394,0.0223664667519101,8.26999534110788e-05,0.00394509753895175,-0.00186321664838571,0.0243023180310576
588.687673815838,-0.00229242754319001,0.00275573389032433,0.000419293212960081,0.0222050311686297,8.19179551385097e-05,0.00391685979192675,-0.00183813979725698,0.0241376726393106
592.77031020464,-0.00226324355141081,0.00274494313604317,0.000416012503201281,0.0220448402047343,8.11378049697806e-05,0.00388883580608885,-0.00181339441049394,0.0239741082665893
596.881260282727,-0.00223440244237233,0.00273407486038946,0.000412714551490817,0.0218858831475475,8.03596918092597e-05,0.00386102379415981,-0.00178897625377526,0.0238116184564565
601.020720409738,-0.00220590091149574,0.00272313221106006,0.000409401096470594,0.0217281493847694,7.95837971527516e-05,0.00383342198524259,-0.00176488114348707,0.0236501967795748
605.188888307094,-0.00217773566764035,0.00271211827540154,0.000406073819157661,0.0215716284037236,7.88102952842345e-05,0.00380602862469179,-0.00174110494618695,0.0234898368337942
609.385963067442,-0.0021499034335663,0.00270103608119925,0.000402734344401218,0.0214163097905975,7.80393534685219e-05,0.00377884197398366,-0.00171764357807238,0.0233305322442348
613.612145164168,-0.00212240094638079,0.00268988859746404,0.000399384242310012,0.0212621832296781,7.72711321398969e-05,0.00375186031058571,-0.00169449300445355,0.0231722766633657
617.867636460969,-0.00209522495796803,0.00267867873521618,0.000396025029650499,0.021109238502583,7.65057850867835e-05,0.003725081927826,-0.0016716492392305,0.0230150637710798
622.152640221499,-0.00206837223540324,0.00266740934826642,0.000392658171216199,0.020957465487487,7.57434596325058e-05,0.00369850513476218,-0.00164910834437467,0.0228588872747648
626.467361119072,-0.00204183956135101,0.00265608323399378,0.00038928508116864,0.0208068541583451,7.4984296812193e-05,0.00367212825605033,-0.00162686642941473,0.0227037409093704
630.812005246445,-0.00201562373444817,0.00264470313411997,0.000385907124350307,0.0206573945841125,7.42284315458911e-05,0.00364594963181367,-0.00160491965092664,0.0225496184374714
635.186780125658,-0.00198972156967159,0.00263327173548011,0.000382525617570005,0.020509076927961,7.34759928079327e-05,0.00361996761751117,-0.0015832642120281,0.0223965136493276
639.591894717946,-0.00196412989869111,0.00262179167078955,0.000379141830861043,0.0203618914464937,7.27271037926249e-05,0.00359418058380613,-0.00156189636187715,0.0222444203629389
644.027559433723,-0.00193884557020783,0.00261026551940663,0.000375756988712657,0.0202158284889575,7.19818820763125e-05,0.00356858691643476,-0.00154081239517505,0.0220933324240985
648.493986142629,-0.00191386545027817,0.00259869580809114,0.000372372271275068,0.0200708784964534,7.1240439775871e-05,0.00354318501607489,-0.00152000865167336,0.0219432437064404
652.991388183652,-0.00188918642262381,0.00258708501175831,0.000368988815538597,0.0199270320011467,7.05028837036879e-05,0.00351797329821469,-0.00149948151568521,0.021794148111485
657.519980375318,-0.00186480538892797,0.00257543555422806,0.00036560771648724,0.0197842796254748,6.97693155191882e-05,0.00349295019302168,-0.0014792274156007,0.0216460395686806
662.07997902595,-0.0018407192691181,0.00256374980896956,0.000362230028227102,0.019642612081356,6.90398318769596e-05,0.00346811414521182,-0.00145924282340652,0.0214989120354409
666.671601944003,-0.00181692500163543,0.0025520300998406,0.000358856765090113,0.0195020201693967,6.83145245715355e-05,0.00344346361391892,-0.00143952425420964,0.0213527594971803
671.295068448464,-0.00179341954369153,0.00254027870182198,0.00035548890271341,0.0193624947780999,6.75934806788882e-05,0.00341899707256431,-0.00142006826576511,0.0212075759673448
675.950599379332,-0.00177019987151218,0.00252849784174643,0.000352127379094799,0.0192240268830735,6.68767826946911e-05,0.00339471300872688,-0.00140087145800799,0.0210633554874398
680.638417108163,-0.00174726298056895,0.00251668969902221,0.000348773095624692,0.0190866075462391,6.61645086694031e-05,0.0033706099240134,-0.0013819304725893,0.0209200921270553
685.358745548692,-0.00172460588579847,0.00250485640635105,0.000345426918094922,0.0189502279150426,6.54567323402312e-05,0.00334668633392933,-0.00136324199241606,0.0207777799838869
690.11181016753,-0.00170222562180991,0.00249300005044038,0.000342089677684818,0.0188148792216655,6.47535232600241e-05,0.00332294076774998,-0.00134480274119536,0.0206364131837544
694.897837994932,-0.00168011924308091,0.0024811226727098,0.000338762171924952,0.0186805527822382,6.40549469231524e-05,0.00329937176839223,-0.00132660948298238,0.0204959858806172
699.717057635642,-0.00165828382414201,0.0024692262699915,0.000335445165638926,0.0185472399960545,6.33610648884293e-05,0.00327597789228668,-0.00130865902173248,0.020356492256586
704.569699279812,-0.0016367164597501,0.00245731279522475,0.000332139391863602,0.0184149323447889,6.26719348991229e-05,0.00325275770925033,-0.00129094820085724,0.0202179265219324
709.455994713995,-0.00161541426505099,0.00244538415814417,0.000328845552748155,0.0182836213917159,6.19876110001157e-05,0.00322970980235987,-0.00127347390278443,0.0200802829150948
714.376177332221,-0.00159437437573142,0.00243344222596182,0.000325564320432323,0.0181532987809318,6.13081436522617e-05,0.00320683276782551,-0.00125623304852195,0.0199435557026821
719.33048214714,-0.00157359394816066,0.00242148882404288,0.000322296337904234,0.0180239562365793,6.06335798439929e-05,0.00318412521486543,-0.00123922259722563,0.0198077391794737
724.31914580125,-0.00155307015952214,0.0024095257365751,0.000319042219838194,0.0178955855620751,5.99639632002284e-05,0.00316158576558087,-0.00122243954577102,0.0196728276684173
729.342406578201,-0.00153280020793511,0.00239755470723158,0.000315802553412787,0.0177681786393408,5.92993340886355e-05,0.00313921305483192,-0.00120588092832899,0.0195388155206238
734.400504414174,-0.00151278131256685,0.0023855774398272,0.000312577899109673,0.0176417274280367,5.86397297232926e-05,0.0031170057301139,-0.00118954381594517,0.0194056971153592
739.493680909344,-0.00149301071373539,0.00237359559896832,0.000309368791493433,0.0175162239647999,5.79851842658057e-05,0.00309496245143454,-0.00117342531612333,0.0192734668600343
744.622179339418,-0.00147348567300316,0.0023616108106959,0.000306175739972823,0.0173916603624851,5.73357289239251e-05,0.00307308189119183,-0.00115752257241246,0.0191421191901913
749.786244667259,-0.00145420347326181,0.0023496246631219,0.000302999229543801,0.0172680288094105,5.6691392047715e-05,0.00305136273405264,-0.00114183276399773,0.0190116485694883
754.98612355458,-0.00143516141880827,0.00233763870705895,0.000299839721514664,0.0171453215686063,5.60521992233184e-05,0.00302980367683209,-0.00112635310529524,0.0188820494896805
760.222064373731,-0.00141635683541246,0.00232565445664317,0.000296697654213651,0.0170235309770689,5.54181733643715e-05,0.00300840342837369,-0.00111108084555048,0.0187533164705999
765.494317219563,-0.0013977870703768,0.00231367338995028,0.000293573443679355,0.0169026494450179,5.47893348011085e-05,0.00298716070943031,-0.00109601326844056,0.0186254440601319
770.803133921369,-0.00137944949258768,0.00230169694960478,0.000290467484334279,0.0167826694551588,5.41657013672078e-05,0.0029660742525459,-0.00108114769168017,0.0184984268341893
776.148768054917,-0.00136134149255925,0.00228972654338225,0.000287380149641869,0.0166635835619496,5.35472884844226e-05,0.00294514280193809,-0.00106648146663125,0.0183722593966848
781.531474954562,-0.00134346048246958,0.00227776354480482,0.000284311792747366,0.0165453843908721,5.29341092450422e-05,0.00292436511338165,-0.00105201197791634,0.0182469363795004
786.951511725437,-0.0013258038961896,0.00226580929372967,0.000281262747102784,0.016428064637708,5.23261744922294e-05,0.00290373995409267,-0.0010377366430356,0.0181224524424548
792.40913725574,-0.00130836918930478,0.00225386509693059,0.000278233327076354,0.0163116170678205,5.17234928982758e-05,0.00288326610261377,-0.00102365291198743,0.0179988022732685
797.904612229097,-0.00129115383913,0.00224193222867269,0.000275223828546735,0.01619603451544,5.11260710408202e-05,0.00286294234870005,-0.0010097582668928,0.017875980587527
803.438199137013,-0.00127415534471769,0.00223001193128008,0.000272234529482325,0.0160813098829553,5.05339134770729e-05,0.00284276749320601,-0.000996050221623141,0.0177539821286417
809.01016229141,-0.00125737122685939,0.00221810541569664,0.000269265690505954,0.01596743614021,4.99470228160869e-05,0.0028227403479733,-0.000982526321431796,0.0176328016678082
814.620767837254,-0.00124079902808104,0.00220621386203988,0.000266317555445288,0.0158544063238043,4.93653997891181e-05,0.00280285973571939,-0.000969184142589087,0.0175124340039636
820.270283765263,-0.00122443631263219,0.00219433842014781,0.000263390351869233,0.0157422135364017,4.87890433181164e-05,0.00278312448992718,-0.000956021292020903,0.0173928739637406
825.958979924714,-0.00120828066646914,0.00218248021011897,0.000260484291610624,0.0156308509460413,4.82179505823858e-05,0.00276353345473545,-0.000943035406950814,0.0172741164014207
831.687128036326,-0.00119232969723246,0.00217064032284542,0.000257599571275511,0.0155203117854558,4.76521170834553e-05,0.0027440854848303,-0.000930224154545692,0.0171561561988846
837.455001705243,-0.00117658103421886,0.00215881982053898,0.000254736372739312,0.0154105893513945,4.7091536708199e-05,0.00272477944533749,-0.00091758523156482,0.0170389882655616
843.262876434102,-0.00116103232834772,0.00214701973725048,0.00025189486363012,0.0153016770039523,4.65362017902428e-05,0.00270561421171568,-0.000905116364012456,0.0169226075383758
849.111029636188,-0.00114568125212234,0.00213524107938218,0.000249075197799444,0.0151935681659041,4.59861031696972e-05,0.00268658866965068,-0.000892815306793849,0.0168070089816923
854.999740648693,-0.00113052549958623,0.00212348482619342,0.000246277515780646,0.015086256322045,4.54412302512523e-05,0.00266770171495051,-0.000880679843374674,0.0166921875872599
860.92929074605,-0.00111556278627442,0.00211175193029932,0.000243501945235362,0.014979735018536,4.4901571060672e-05,0.00264895225344156,-0.000868707785443858,0.0165781383741533
866.899963153375,-0.00110079084916022,0.00210004331816288,0.000240748601388151,0.0148739978622555,4.43671122997226e-05,0.00263033920086556,-0.000856896972579802,0.0164648563887128
872.91204305999,-0.00108620744659722,0.00208835989058015,0.000238017587449644,0.0147690385201567,4.38378393995735e-05,0.00261186148277756,-0.00084524527191995,0.016352336704483
878.965817633049,-0.00107181035825715,0.00207670252315881,0.000235308995028443,0.0146648507186307,4.3313736572701e-05,0.00259351803444487,-0.0008337505778337,0.0162405744221492
885.061576031251,-0.00105759738506325,0.00206507206679002,0.000232622904532027,0.0145614282428751,4.27947868633331e-05,0.00257530780074686,-0.000822410811598624,0.0161295646694729
891.199609418655,-0.00104356634911981,0.00205346934811362,0.000229959385556896,0.014458764936269,4.22809721964667e-05,0.00255722973607583,-0.000811223921079992,0.0160193026012253
897.380210978585,-0.00102971509363761,0.00204189516997674,0.000227318497268224,0.0143568546997534,4.17722734254901e-05,0.00253928280423874,-0.000800187880413564,0.0159097833991196
903.603675927636,-0.00101604148285563,0.00203035031188581,0.000224700288769226,0.0142556914912178,4.12686703784452e-05,0.00252146597835992,-0.000789300689691629,0.0158010022717413
909.870301529772,-0.00100254340195916,0.0020188355304521,0.000222104799460498,0.0141552693248922,4.07701419029585e-05,0.0025037782407847,-0.000778560374652279,0.0156929544544778
916.18038711053,-0.000989218756994375,0.00200735155983073,0.000219532059389546,0.0140555822707452,4.02766659098739e-05,0.00248621858298406,-0.000767964986371889,0.015585635209446
922.534234071309,-0.000976065474779541,0.00199589911215328,0.000216982089590739,0.0139566244538885,3.97882194156179e-05,0.00246878600546009,-0.000757512600960777,0.0154790398254189
928.932145903777,-0.000963081502813025,0.001984478877954,0.000214454902415894,0.0138583900539862,3.9304778583326e-05,0.00245147951765257,-0.000747201319262042,0.015373163617751
935.374428204358,-0.000950264809178192,0.00197309152658966,0.000211950501855729,0.0137608733046707,3.8826318762761e-05,0.00243429813784632,-0.000737029266553523,0.0152680019283015
941.861388688833,-0.000937613382445346,0.00196173770665314,0.000209468883852381,0.0136640684929645,3.83528145290525e-05,0.00241724089307958,-0.000726994592252896,0.0151635501253574
948.39333720704,-0.000925125231570818,0.00195041804638077,0.000207010036603204,0.0135679699587077,3.78842397202839e-05,0.00240030681905331,-0.000717095469625857,0.0150598036035548
954.970585757668,-0.000912798385793344,0.00193913315405351,0.000204573940856055,0.013472572093991,3.74205674739572e-05,0.00238349496004143,-0.000707330095497384,0.0149567577837991
961.593448503166,-0.000900630894527842,0.00192788361839192,0.000202160570196268,0.0133778693425948,3.69617702623615e-05,0.00236680436880194,-0.000697696689966052,0.0148544081131837
968.262241784745,-0.000888620827256706,0.00191667000894515,0.000199769891325511,0.0132838561994346,3.65078199268726e-05,0.00235023410648904,-0.000688193496121378,0.0147527500649084
974.977284137491,-0.000876766273418726,0.00190549287647382,0.000197401864332719,0.0131905272100115,3.60586877112091e-05,0.00233378324256608,-0.000678818779764176,0.0146517791381956
981.738896305574,-0.000865065342295762,0.00189435275332699,0.000195056442957302,0.0130978769698686,3.56143442936716e-05,0.00231745085471951,-0.000669570829129891,0.0145514908582067
988.547401257578,-0.000853516162897255,0.00188325015381317,0.000192733574844801,0.0130059001240535,3.51747598183901e-05,0.00230123602877368,-0.000660447954614907,0.0144518807759562
995.403124201917,-0.000842116883842707,0.00187218557456555,0.000190433201795182,0.0129145913665862,3.47399039256037e-05,0.00228513785860657,-0.000651448488505786,0.0143529444682255
1002.30639260238,-0.000830865673242206,0.00186115949490129,0.00018815526000395,0.0128239454399328,3.43097457809975e-05,0.00226915544606644,-0.000642570784711433,0.014254677537476
1009.25753619375,-0.00081976071857513,0.00185017237717527,0.000185899680296252,0.0127339571344851,3.388425410412e-05,0.00225328790088935,-0.000633813218498151,0.0141570756117605
1016.2568869976,-0.000808800226567083,0.00183922466712797,0.000183666388354135,0.0126446212880455,3.34633971959037e-05,0.00223753434061753,-0.000625174186227572,0.014060134344634
1023.30477933808,-0.000797982423065219,0.00182831679422784,0.000181455304937152,0.0125559327853179,3.30471429653139e-05,0.00222189389051876,-0.000616652105097446,0.013963849415064
1030.40154985798,-0.000787305552911962,0.00181744917200809,0.00017926634609644,0.0124678865574037,3.26354589551437e-05,0.00220636568350649,-0.000608245412885235,0.0138682165273392
1037.5475375347,-0.000776767879817328,0.00180662219839796,0.000177099423382482,0.0123804775813038,3.22283123669823e-05,0.0021909488600609,-0.000599952567694549,0.0137732314109783
1044.74308369654,-0.000766367686229799,0.00179583625604856,0.000174954444046655,0.0122937008794262,3.18256700853728e-05,0.00217564256815086,-0.000591772047704328,0.0136788898206368
1051.98853203895,-0.000756103273205969,0.00178509171265335,0.000172831311236774,0.0122075515190984,3.14274987011845e-05,0.00216044596315665,-0.000583702350920816,0.0135851875360143
1059.28422864097,-0.000745972960278939,0.00177438892126325,0.000170729924186736,0.0121220246120864,3.10337645342173e-05,0.00214535820779364,-0.000575741994932243,0.0134921203617601
1066.63052198171,-0.000735975085325621,0.00176372822059658,0.000168650178400446,0.0120371153141178,3.06444336550597e-05,0.00213037847203677,-0.000567889516666258,0.0133996841273787
1074.02776295709,-0.000726108004432956,0.0017531099353437,0.000166591965830148,0.0119528188244113,3.02594719062194e-05,0.00211550593304585,-0.000560143472150014,0.0133078746871338
1081.4763048965,-0.000716370091763207,0.00174253437646663,0.000164555175049319,0.0118691303852114,2.98788449225457e-05,0.00210073977509176,-0.000552502436272964,0.013216687919953
1088.97650357974,-0.000706759739418312,0.00173200184149349,0.000162539691420253,0.0117860452813275,2.95025181509621e-05,0.00208607918948337,-0.000544965002552271,0.0131261197293302
1096.52871725401,-0.000697275357303448,0.00172151261480804,0.000160545397256477,0.0117035588396799,2.91304568695285e-05,0.00207152337449543,-0.000537529782900869,0.0130361660432286
1104.13330665098,-0.000687915372989815,0.00171106696793414,0.000158572171980127,0.0116216664288491,2.87626262058486e-05,0.00205707153529715,-0.000530195407398109,0.0129468228139827
1111.79063500406,-0.000678678231576758,0.00170066515981549,0.000156619892274424,0.0115403634586324,2.83989911548436e-05,0.00204272288388163,-0.000522960524063,0.0128580860181995
1119.50106806575,-0.000669562395553246,0.00169030743709039,0.000154688432231362,0.0114596453796032,2.80395165959046e-05,0.00202847663899611,-0.000515823798629991,0.0127699516566596
1127.26497412507,-0.000660566344658821,0.00167999403436184,0.000152777663494747,0.011379507682678,2.76841673094451e-05,0.00201433202607297,-0.000508783914327315,0.0126824157542174
1135.0827240252,-0.000651688575744024,0.00166972517446289,0.000150887455398697,0.0112999458986862,2.73329079928661e-05,0.00200028827716156,-0.000501839571657812,0.0125954743597012
1142.95469118117,-0.000642927602630426,0.00165950106871738,0.00014901767510173,0.0112209555979465,2.69857032759529e-05,0.00198634463086081,-0.000494989488182282,0.0125091235458121
1150.8812515977,-0.000634281955970242,0.00164932191719609,0.00014716818771655,0.0111425323898471,2.66425177357161e-05,0.00197250033225251,-0.000488232398305268,0.0124233594090232
1158.86278388715,-0.000625750183105673,0.00163918790896835,0.000145338856435653,0.011064671922432,2.63033159106951e-05,0.00195875463283554,-0.000481567053063327,0.0123381780694781
1166.89966928762,-0.000617330847927939,0.00162909922234924,0.000143529542652845,0.0109873698819909,2.5968062314736e-05,0.00194510679046069,-0.000474992219915683,0.0122535756708888
1174.99229168114,-0.000609022530736148,0.00161905602514237,0.000141740106080813,0.010910621992655,2.56367214502612e-05,0.00193155606926628,-0.000468506682537324,0.0121695483804335
1183.14103761204,-0.000600823828095967,0.00160905847487831,0.000139970404864815,0.0108344240159968,2.53092578210428e-05,0.00191810173961458,-0.000462109240614447,0.0120860923886537
1191.34629630538,-0.000592733352698218,0.00159910671904879,0.000138220295692627,0.0107587717506355,2.49856359444946e-05,0.00190474307802889,-0.000455798709642286,0.0120032039093511
1199.60845968555,-0.000584749733217387,0.00158920089533663,0.000136489633900826,0.0106836610318459,2.46658203634959e-05,0.00189147936713137,-0.000449573920725258,0.0119208791794846
1207.92792239501,-0.000576871614170147,0.00157934113184153,0.000134778273577523,0.0106090877311731,2.43497756577614e-05,0.0018783098955816,-0.000443433720379446,0.0118391144590659
1216.3050818131,-0.000569097655773878,0.00156952754730183,0.000133086067661623,0.0105350477560511,2.4037466454767e-05,0.00186523395801585,-0.000437376970337348,0.011757906031056
1224.74033807505,-0.000561426533805307,0.00155976025131212,0.00013141286803873,0.0104615370494265,2.3728857440249e-05,0.00185225085498707,-0.000431402547354935,0.0116772502012608
1233.23409409112,-0.000553856939459213,0.00155003934453693,0.00012975852563377,0.0103885515893855,2.34239133682836e-05,0.00183935989290551,-0.000425509343020915,0.0115971432982262
1241.78675556577,-0.000546387579207347,0.00154036491892051,0.000128122890500432,0.0103160873887875,2.31225990709635e-05,0.00182656038398013,-0.000419696263568274,0.0115175816731337
1250.39873101711,-0.000539017174657489,0.00153073705789273,0.000126505811907505,0.0102441404949006,2.28248794676791e-05,0.0018138516461606,-0.000413962229687984,0.0114385616996952
1259.07043179635,-0.000531744462412798,0.00152115583657116,0.000124907138422215,0.0101727069890435,2.25307195740192e-05,0.00180123300308005,-0.000408306176344929,0.0113600797740478
1267.80227210752,-0.000524568193931384,0.0015116213219594,0.000123326717990616,0.0101017829862305,2.22400845103e-05,0.00178870378399843,-0.00040272705259597,0.0112821323146482
1276.5946690272,-0.000517487135386216,0.00150213357314171,0.000121764398015148,0.0100313646348213,2.19529395097339e-05,0.00177626332374656,-0.000397223821410178,0.0112047157621672
1285.44804252445,-0.000510500067525364,0.00149269264147407,0.000120220025429427,0.00996144811617494,2.16692499262501e-05,0.00176391096267084,-0.000391795459491178,0.0111278265793841
1294.36281548089,-0.000503605785532602,0.00148329857077153,0.000118693446770327,0.00989202964430768,2.13889812419739e-05,0.00175164604657857,-0.000386440957101596,0.0110514612510806
1303.33941371088,-0.000496803098888431,0.00147395139749214,0.000117184508247475,0.00982310546555545,2.11120990743795e-05,0.00173946792668397,-0.000381159317889596,0.0109756162839348
1312.37826598188,-0.000490090831231519,0.00146465115091734,0.000115693055810177,0.00975467185823988,2.08385691831209e-05,0.00172737595955472,-0.000375949558717461,0.0109002882064151
1321.47980403488,-0.000483467820220624,0.00145539785332896,0.000114218935211899,0.0096867251323388,2.05683574765556e-05,0.00171536950705928,-0.000370810709492243,0.0108254735686741
1330.6444626051,-0.000476932917396979,0.00144619152018284,0.000112761992072333,0.00961926162916032,2.03014300179658e-05,0.00170344793631468,-0.000365741812998403,0.0107511689424418
1339.87267944269,-0.000470484988047227,0.00143703216027915,0.000111322071937144,0.00955227772102128,2.003775303149e-05,0.00169161061963503,-0.000360741924732474,0.0106773709209199
1349.16489533366,-0.000464122911066869,0.00142791977592937,0.000109899020335442,0.0094857698109292,1.97772929077709e-05,0.00167985693448053,-0.000355810112739689,0.0106040761186748
1358.52155412096,-0.000457845578824301,0.00141885436312022,0.000108492682835073,0.0094197343322684,1.95200162093309e-05,0.0016681862634072,-0.00035094545745258,0.0105312811715316
1367.94310272563,-0.00045165189702542,0.00140983591167421,0.000107102905095757,0.00935416774848963,1.92658896756803e-05,0.00165659799401703,-0.000346147051531504,0.0104589827364671
1377.42999116818,-0.000445540784578872,0.00140086440540729,0.000105729532920169,0.00928906655280378,1.90148802281708e-05,0.00164509151890893,-0.000341413999707109,0.0103871774915038
1386.98267259009,-0.000439511173461896,0.00139193982228329,0.000104372412302994,0.00922442726787897,1.87669549745972e-05,0.00163366623563002,-0.00033674541862467,0.010315862135603
1396.60160327544,-0.000433562008586866,0.00138306213456544,0.000103031389478044,0.00916024644554161,1.85220812135601e-05,0.00162232154662767,-0.000332140436690341,0.0102450333885585
1406.2872426727,-0.000427692247668463,0.00137423130896483,0.000101706310963465,0.00909652066648083,1.82802264385931e-05,0.00161105685920203,-0.000327598193919234,0.0101746879908901
1416.04005341668,-0.000421900861091581,0.0013654473067861,0.000100397023605118,0.00903324653995672,1.80413583420643e-05,0.00159987158545907,-0.000323117841785368,0.0101048227037374
1425.86050135065,-0.00041618683177991,0.00135671008407011,9.91033746181558e-05,0.00897042070351188,1.78054448188584e-05,0.00158876514226424,-0.000318698543073418,0.0100354343087529
1435.74905554856,-0.000410549155065274,0.00134801959173387,9.78252116268899e-05,0.0089080398226867,1.75724539698468e-05,0.00157773695119667,-0.000314339471732284,0.00996651960799636
1445.70618833745,-0.000404986838557689,0.00133937577570772,9.6562382702959e-05,0.00884610059073783,1.73423541051515e-05,0.00156678643850382,-0.000310039812730429,0.00989807542382789
1455.73237532004,-0.000399498902016203,0.00133077857706972,9.53147364018776e-05,0.00878459972836036,1.71151137472112e-05,0.00155591303505677,-0.000305798761913001,0.00983009859880238
1465.8280953974,-0.000394084377220484,0.00132222793217741,9.40821217979976e-05,0.00872353398341301,1.68907016336542e-05,0.00154511617630592,-0.00030161552586068,0.00976258599556309
1475.99383079187,-0.000388742307843229,0.00131372377279689,9.28643885179426e-05,0.00866290013064704,1.66690867199862e-05,0.0015343953022373,-0.000297489321750269,0.00969553449673588
1486.23006707006,-0.000383471749323332,0.00130526602622933,9.16613867725484e-05,0.00860269497143801,1.64502381820966e-05,0.00152374985732933,-0.000293419377216987,0.00962894100482328
1496.53729316606,-0.000378271768739908,0.00129685461543498,9.04729673873711e-05,0.00854291533352122,1.62341254185928e-05,0.0015131792905101,-0.000289404930218456,0.0095628024420989
1506.9160014048,-0.000373141444687101,0.00128848945915456,8.92989818317889e-05,0.00848355807072995,1.60207180529646e-05,0.00150268305511514,-0.000285445228900355,0.0094971157505017
1517.36668752555,-0.000368079867149762,0.00128017047202833,8.81392822467582e-05,0.00842462006273717,1.58099859355868e-05,0.00149226060884568,-0.000281539531463742,0.00943187789153079
1527.88985070559,-0.000363086137379946,0.00127189756471258,8.69937214712515e-05,0.00836609821480012,1.56018991455646e-05,0.0014819114137274,-0.000277687106033991,0.00936708584613996
1538.4859935841,-0.000358159367774283,0.00126367064399393,8.58621530674287e-05,0.0083079894575082,1.53964279924277e-05,0.00147163493606967,-0.000273887230531374,0.00930273661463275
1549.15562228612,-0.000353298681752195,0.00125548961290111,8.47444313445733e-05,0.00825029074653365,1.51935430176765e-05,0.00146143064642518,-0.000270139192543215,0.00923882721655738
1559.89924644673,-0.000348503213635007,0.00124735437081458,8.36404113818382e-05,0.00819299906238547,1.49932149961884e-05,0.00145129801955017,-0.00026644228919766,0.00917535469060217
1570.71737923542,-0.000343772108525915,0.00123926481357379,8.25499490498346e-05,0.0081361114101661,1.47954149374866e-05,0.00144123653436501,-0.000262795827038979,0.00911231609449083
1581.61053738059,-0.000339104522190862,0.00123122083358235,8.14729010311042e-05,0.00807962481933117,1.46001140868768e-05,0.00143124567391525,-0.000259199121904449,0.00904970850487826
1592.57924119422,-0.00033449962094029,0.00122322231991085,8.04091248395055e-05,0.00802353634345199,1.44072839264574e-05,0.00142132492533317,-0.000255651498802739,0.00898752901724627
1603.62401459674,-0.000329956581511813,0.00121526915839772,7.93584788385556e-05,0.00796784305998107,1.42168961760066e-05,0.00141147377979973,-0.000252152291793837,0.00892577474579979
1614.74538514202,-0.00032547459095377,0.00120736123174785,7.83208222587536e-05,0.0079125420700202,1.40289227937512e-05,0.00140169173250693,-0.000248700843870451,0.00886444282336305
1625.94388404263,-0.000321052846509714,0.00119949841962923,7.7296015213926e-05,0.00785763049809159,1.38433359770213e-05,0.00139197828262067,-0.000245296506840908,0.00880353040127619
1637.22004619516,-0.0003166905555038,0.00119168059876749,7.62839187166182e-05,0.00780310549191146,1.3660108162795e-05,0.00138233293324398,-0.000241938641213506,0.00874303464929196
1648.57441020578,-0.0003123869352271,0.00118390764303857,7.52843946925721e-05,0.00774896422216658,1.34792120281377e-05,0.00137275519138068,-0.000238626616082326,0.00868295275547281
1660.00751841599,-0.000308141212824837,0.00117617942355926,7.429730599431e-05,0.00769520388229321,1.33006204905385e-05,0.00136324456789946,-0.000235359809014457,0.00862328192608804
1671.51991692849,-0.000303952625184556,0.00116849580877597,7.33225164138642e-05,0.00764182168825899,1.31243067081491e-05,0.0013538005774984,-0.000232137605938659,0.00856401938551147
1683.11215563331,-0.000299820418825205,0.00116085666455155,7.23598906946721e-05,0.00758881487834707,1.2950244079928e-05,0.0013444227386698,-0.000228959401035405,0.00850516237611904
1694.78478823403,-0.000295743849787174,0.00115326185425025,7.14092945426721e-05,0.00753618071294312,1.27784062456937e-05,0.00133511057366551,-0.000225824596628321,0.00844670815818705
1706.53837227424,-0.000291722183523242,0.00114571123882089,7.04705946366193e-05,0.00748391647432455,1.260876708609e-05,0.00132586360846259,-0.000222732603076983,0.00838865400979035
1718.37346916419,-0.000287754694790482,0.00113820467687824,6.95436586376576e-05,0.00743201946645257,1.24413007224683e-05,0.00131668137272942,-0.000219682838671073,0.00833099722670105
1730.2906442076,-0.000283840667543082,0.00113074202478258,6.86283551981616e-05,0.00738048701476634,1.22759815166878e-05,0.00130756339979206,-0.000216674729525867,0.00827373512228733
1742.29046662864,-0.00027997939482613,0.0011233231367177,6.77245539698851e-05,0.00732931646597987,1.21127840708392e-05,0.00129850922660119,-0.000213707709479052,0.00821686502741276
1754.37350959913,-0.000276170178670307,0.00111594786476702,6.68321256114293e-05,0.00727850518788106,1.19516832268926e-05,0.0012895183936992,-0.000210781219988831,0.00816038429033569
1766.54035026596,-0.000272412329987544,0.00110861605898817,6.59509417950632e-05,0.00722805056913322,1.17926540662752e-05,0.00128059044518785,-0.000207894710033342,0.00810429027660908
1778.79156977856,-0.000268705168467606,0.00110132756748593,6.50808752129153e-05,0.007177950019079,1.16356719093795e-05,0.00127172492869614,-0.000205047636011335,0.0080485803689807
1791.12775331676,-0.000265048022475614,0.00109408223648356,6.42217995825544e-05,0.00712820096754634,1.14807123150057e-05,0.0012629213953486,-0.000202239461644116,0.00799325196729337
1803.54949011869,-0.000261440228950512,0.00108687991039252,6.33735896519914e-05,0.00707880086465702,1.13277510797416e-05,0.00125417939973398,-0.000199469657878743,0.00793830248838594
1816.05737350894,-0.00025788113330446,0.00107972043188073,6.25361212041108e-05,0.00702974718063719,1.1176764237281e-05,0.00124549849987416,-0.000196737702792437,0.00788372936599416
1828.65200092687,-0.000254370089323176,0.00107260364193927,6.17092710605638e-05,0.00698103740563025,1.10277280576858e-05,0.00123687825719357,-0.000194043081498234,0.00782953005065222
1841.33397395519,-0.000250906459067193,0.00106552937994762,6.08929170851319e-05,0.00693266904951178,1.08806190465911e-05,0.00122831823648879,-0.000191385286051816,0.00777570200959438
1854.10389834867,-0.000247489612774073,0.00105849748373741,6.00869381865906e-05,0.00688463964170679,1.07354139443586e-05,0.00121981800589861,-0.000188763815359553,0.00772224272665716
1866.9623840631,-0.000244118928761526,0.00105150778965482,5.92912143210809e-05,0.00683694673100889,1.05920897251786e-05,0.00121137713687432,-0.000186178175087697,0.00766914970218161
1879.91004528435,-0.000240793793331478,0.00104456013262149,5.85056264940183e-05,0.0067895878854017,1.04506235961245e-05,0.00120299520415044,-0.00018362787757276,0.00761642045291622
1892.94750045783,-0.000237513600675045,0.00103765434619415,5.77300567615457e-05,0.00674256069188221,1.03109929961604e-05,0.00119467178571563,-0.00018111244173302,0.00756405251191986
1906.0753723179,-0.000234277752778452,0.0010307902626228,5.69643882315562e-05,0.00669586275628628,1.01731755951051e-05,0.00118640646278405,-0.000178631392981176,0.00751204342846543
1919.29428791772,-0.00023108565932985,0.00102396771290767,5.62085050642954e-05,0.00664949170311602,1.00371492925543e-05,0.00117819881976695,-0.000176184263138109,0.0074603907679435
1932.60487865912,-0.000227936737627065,0.00101718652685481,5.54622924725653e-05,0.00660344517536926,9.90289221676304e-06,0.00117004844424463,-0.000173770590347763,0.00740909211176662
1946.00778032282,-0.000224830412486249,0.00101044653313049,5.47256367215387e-05,0.00655772083437085,9.77038272348945e-06,0.00116195492693862,-0.000171389918993108,0.00735814505727377
1959.50363309877,-0.000221766116151457,0.00100374755931424,5.3998425128208e-05,0.00651231635960608,9.63959939480364e-06,0.00115391786168428,-0.000169041799613196,0.00730754721763533
1973.09308161673,-0.000218743288205109,0.000997089431950768,5.32805460604716e-05,0.00646722944855571,9.51052103786119e-06,0.00114593684540357,-0.00016672578882127,0.00725729622175828
1986.77677497706,-0.000215761375479376,0.000990471976600658,5.25718889358843e-05,0.00642245781653315,9.38312668364513e-06,0.00113801147807822,-0.000164441449223943,0.00720738971419194
2000.55536678172,-0.000212819831968445,0.000983895017889845,5.18723442200752e-05,0.00637799919652328,9.25739558567639e-06,0.00113014136272312,-0.000162188349341405,0.00715782535503388
2014.42951516552,-0.000209918118741696,0.000977358379558,5.11818034248537e-05,0.00633385133902329,9.13330721869591e-06,0.00112232610536004,-0.000159966063528672,0.00710860081983646
2028.39988282751,-0.000207055703857755,0.000970861884505741,5.0500159106012e-05,0.00629001201188505,9.01084127731854e-06,0.00111456531499159,-0.000157774171897842,0.00705971379951344
2042.46713706267,-0.000204232062279441,0.000964405354840765,4.98273048608398e-05,0.00624647900015954,8.88997767466163e-06,0.00110685860357551,-0.000155612260241366,0.00701116200024729
2056.63194979376,-0.00020144667578959,0.000957988611922868,4.91631353253598e-05,0.00620325010594279,8.77069654094864e-06,0.00109920558599919,-0.000153479919956296,0.00696294314339663
2070.89499760343,-0.000198699032907759,0.000951611476407929,4.85075461713012e-05,0.00616032314822375,8.65297822209027e-06,0.00109160588005448,-0.000151376747969537,0.00691505496540423
2085.25696176653,-0.000195988628807796,0.00094527376829082,4.78604341028162e-05,0.00611769596273364,8.53680327824348e-06,0.00108405910641276,-0.00014930234666404,0.00686749521770528
2099.71852828265,-0.000193314965236284,0.000938975306947322,4.72216968529563e-05,0.00607536640179718,8.42215248235086e-06,0.0010765648886003,-0.00014725632380598,0.00682026166663615
2114.2803879089,-0.00019067755043184,0.00093271591117501,4.65912331799147e-05,0.00603333233418535,8.30900681866041e-06,0.00106912285297384,-0.000145238292472855,0.00677335209334343
2128.94323619287,-0.000188075899045274,0.00092649539923318,4.59689428630493e-05,0.00599159164496985,8.19734748122846e-06,0.00106173262869646,-0.000143247870982533,0.00672676429369351
2143.7077735059,-0.000185509532060596,0.000920313588881789,4.53547266986924e-05,0.00595014223537907,8.08715587240527e-06,0.0010543938477137,-0.000141284682823219,0.00668049607818238
2158.57470507649,-0.000182977976716875,0.000914170297419475,4.47484864957607e-05,0.00590898202265584,7.97841360130628e-06,0.00104710614472989,-0.00013934835658433,0.00663454527184604
2173.54474102402,-0.000180480766430932,0.000908065341720626,4.41501250711711e-05,0.0058681089399165,7.87110248226853e-06,0.0010398691571848,-0.000137438525888269,0.00658890971417106
2188.61859639264,-0.000178017440720871,0.000901998538271565,4.35595462450756e-05,0.00582752093601174,7.76520453329457e-06,0.00103268252523048,-0.000135554829323094,0.00654358725900579
2203.79699118545,-0.000175587545130439,0.000895969703205821,4.29766548359204e-05,0.00578721597538881,7.66070197448412e-06,0.00102554589170834,-0.000133696910376056,0.00649857577447176
2219.08065039887,-0.000173190631154209,0.000889978652338563,4.24013566553417e-05,0.00574719203795533,7.55757722645511e-06,0.00101845890212651,-0.000131864417368012,0.00645387314287568
2234.47030405729,-0.000170826256163582,0.000884025201200138,4.18335585029015e-05,0.00570744711894451,7.45581290875446e-06,0.0010114212046374,-0.000130057003388689,0.00640947726062165
2249.9666872479,-0.000168493983333603,0.000878109165068813,4.12731681606773e-05,0.00566797922878193,7.35539183826035e-06,0.00100443245001549,-0.000128274326232798,0.00636538603812392
2265.57054015586,-0.000166193381570578,0.000872230359002666,4.07200943877085e-05,0.00562878639295362,7.25629702757601e-06,0.000997492291635373,-0.000126516048336976,0.00632159739971999
2281.28260809959,-0.000163924025440494,0.000866388597870698,4.01742469143102e-05,0.00558986665187577,7.15851168341669e-06,0.000990600385450014,-0.000124781836717559,0.00627810928358417
2297.10364156645,-0.000161685495098239,0.000860583696383136,3.963553643626e-05,0.00555121806076559,7.06201920499018e-06,0.000983756389969206,-0.000123071362909171,0.00623491964164144
2313.0343962485,-0.000159477376217601,0.000854815469120994,3.91038746088662e-05,0.00551283868951383,6.96680318237205e-06,0.0009769599662383,-0.00012138430290411,0.0061920264394819
2329.07563307866,-0.000157299259922056,0.00084908373056484,3.85791740409222e-05,0.00547472662255844,6.87284739487592e-06,0.000970210777817093,-0.000119720337092532,0.00614942765627539
2345.22811826701,-0.000155150742716332,0.000843388295122869,3.80613482885571e-05,0.00543687995875973,6.78013580942026e-06,0.000963508490758984,-0.000118079150203427,0.0061071212846868
2361.49262333744,-0.000153031426418738,0.000837728977158208,3.75503118489838e-05,0.00539929681127678,6.68865257889161e-06,0.000956852773590296,-0.000116460431246351,0.00606510533079151
2377.86992516445,-0.000150940918094267,0.00083210559101555,3.70459801541576e-05,0.00536197530744522,6.59838204050579e-06,0.000950243297289844,-0.000114863873453947,0.0060233778139915
2394.36080601029,-0.000148878829988445,0.00082651795104706,3.65482695643435e-05,0.00532491358865625,6.50930871416692e-06,0.000943679735268682,-0.000113289174225198,0.00598193676693163
2410.96605356231,-0.000146844779461943,0.00082096587163763,3.60570973616049e-05,0.005288109810237,6.42141730082579e-06,0.000937161763350076,-0.000111736035069446,0.00594078023541659
2427.6864609706,-0.000144838388925924,0.000815449167229439,3.55723817432144e-05,0.0052515621413321,6.3346926808373e-06,0.000930689059749657,-0.00011020416155113,0.00589990627832797
2444.52282688584,-0.00014285928577814,0.00080996765234589,3.50940418149953e-05,0.00521526876478657,6.24911991231855e-06,0.000924261305055794,-0.000108693263235267,0.00585931296754206
2461.4759554975,-0.000140907102339756,0.000804521141614882,3.46219975845964e-05,0.00517922787702983,6.16468422950724e-06,0.000917878182210144,-0.000107203053633639,0.0058189983878478
2478.54665657221,-0.000138981475792897,0.00079910944979147,3.41561699547071e-05,0.005143437687961,6.08137104112153e-06,0.000911539376488409,-0.000105733250151692,0.00577896063686523
2495.73574549243,-0.000137082048118925,0.000793732391779916,3.36964807162169e-05,0.00510789642083546,5.99916592872186e-06,0.000905244575481283,-0.000104283574036144,0.00573919782496451
2513.04404329547,-0.000135208466037424,0.000788389782655123,3.32428525413233e-05,0.00507260231215237,5.91805464507489e-06,0.000898993469075574,-0.00010285375032327,0.00569970807518503
2530.47237671259,-0.000133360380945894,0.000783081437683505,3.27952089765943e-05,0.00503755361154369,5.83802311252048e-06,0.00089278574943554,-0.000101443507787881,0.0056604895231553
2548.02157820863,-0.000131537448860145,0.000777807172343259,3.23534744359872e-05,0.00500274858166396,5.75905742134178e-06,0.000886621110984373,-0.000100052578892968,0.00562154031701292
2565.69248602162,-0.000129739330355393,0.000772566802344094,3.1917574193832e-05,0.00496818549808161,5.68114382813948e-06,0.000880499250385905,-9.86806997400195e-05,0.00558285861732524
2583.48594420295,-0.000127965690508033,0.000767360143646392,3.14874343777778e-05,0.00493386264917104,5.60426875420976e-06,0.000874419866526451,-9.73276100199903e-05,0.00554444259701019
2601.4028026576,-0.000126216198838108,0.000762187012479847,3.10629819617117e-05,0.00489977833600612,5.5284187839274e-06,0.000868382660496875,-9.59930529649216e-05,0.0055062904412578
2619.4439171848,-0.000124490529252446,0.000757047225361558,3.06441447586504e-05,0.00486593087225449,5.45358066313348e-06,0.000862387335574785,-9.46767753001976e-05,0.0054684003474518
2637.61014951883,-0.000122788359988468,0.000751940599113626,3.02308514136093e-05,0.00483231858407321,5.37974129752888e-06,0.000856433597206945,-9.33785271974407e-05,0.00543077052509198
2655.90236737027,-0.000121109373558662,0.000746866950880219,2.98230313964526e-05,0.00479893981000521,5.30688775107326e-06,0.000850521152991819,-9.20980622280231e-05,0.00539339919571665
2674.32144446737,-0.000119453256695715,0.000741826098144175,2.94206149947275e-05,0.00476579290087706,5.23500724439046e-06,0.000844649712662313,-9.08351373172014e-05,0.00535628459282577
2692.86826059784,-0.000117819700298292,0.000736817858743087,2.90235333064854e-05,0.00473287621969753,5.16408715318003e-06,0.000838818988068666,-8.95895126988534e-05,0.00531942496180427
2711.54370165082,-0.000116208399377467,0.000731842050884945,2.86317182330952e-05,0.00470018814155738,5.09411500663594e-06,0.000833028693161517,-8.83609518708209e-05,0.005282818559846
2730.34865965925,-0.000114619053003783,0.000726898493163288,2.82451024720474e-05,0.00466772705352996,5.02507848587203e-06,0.000827278543975123,-8.71492215508401e-05,0.00524646365587786
2749.28403284242,-0.000113051364254957,0.000721987004571924,2.78636195097578e-05,0.00463549135457302,4.95696542235515e-06,0.000821568258610753,-8.59540916330615e-05,0.00521035853048459
2768.35072564895,-0.000111505040164196,0.000717107404519189,2.74872036143672e-05,0.00460347945543133,4.88976379634562e-06,0.000815897557220221,-8.47753351451436e-05,0.0051745014758337
2787.54964879989,-0.000109979791669154,0.000712259512841786,2.71157898285455e-05,0.00457168977854039,4.82346173534599e-06,0.0008102661619896,-8.36127282059207e-05,0.00513889079560105
2806.88171933232,-0.000108475333561479,0.000707443149818187,2.67493139622983e-05,0.00454012075793097,4.7580475125576e-06,0.000804673797123062,-8.24660499836292e-05,0.00510352480489666
2826.34786064308,-0.000106991384436987,0.000702658136181633,2.63877125857816e-05,0.00450877083913478,4.69350954534586e-06,0.000799120188826904,-8.13350826546945e-05,0.00506840183019108
2845.94900253294,-0.000105527666646428,0.00069790429313271,2.60309230221242e-05,0.00447763847909088,4.62983639371385e-06,0.000793605065293691,-8.02196113630609e-05,0.00503352020924201
2865.68608125093,-0.000104083906246854,0.00069318144235155,2.5678883340263e-05,0.00444672214605321,4.5670167587851e-06,0.000788128156686579,-7.9119424180069e-05,0.00499887829102147
2885.56003953913,-0.000102659832953566,0.000688489406009619,2.53315323477901e-05,0.0044160203194988,4.505039481295e-06,0.000782689195123762,-7.80343120648609e-05,0.00496447443564321
2905.57182667768,-0.000101255180092661,0.000683828006781146,2.49888095838176e-05,0.00438553149003715,4.44389354009188e-06,0.000777287914663083,-7.69640688253197e-05,0.00493030701429078
2925.72239853012,-9.986968455414e-05,0.000679197067854162,2.46506553118576e-05,0.00435525415932023,4.38356805064705e-06,0.000771924051286768,-7.59084910795234e-05,0.00489637440914566
2946.01271758903,-9.85030867456004e-05,0.000674596412941194,2.43170105127237e-05,0.0043251868399536,4.32405226357484e-06,0.000766597342886333,-7.48673782177182e-05,0.00486267501331614
2966.44375302203,-9.71551305464853e-05,0.000670025866289586,2.39878168774519e-05,0.0042953280554082,4.26533556316194e-06,0.000761307529247593,-7.38405323647948e-05,0.00482920723076631
2987.01648071805,-9.58255632628995e-05,0.000665485252691485,2.36630168002467e-05,0.00426567633993314,4.20740746590702e-06,0.00075605435203585,-7.28277583432688e-05,0.00479596947624569
3007.73188333398,-9.4514135582974e-05,0.000660974397493477,2.3342553371449e-05,0.00423623023846921,4.15025761907004e-06,0.000750837554781182,-7.18288636367526e-05,0.00476296017521904
3028.59095034155,-9.3220601532783e-05,0.000656493126605904,2.30263703705332e-05,0.00420698830656339,4.09387579923192e-06,0.000745656882863899,-7.08436583539181e-05,0.00473017776379679
3049.59467807464,-9.19447184327991e-05,0.000652041266511838,2.27144122591298e-05,0.00417794911028399,4.03825191086431e-06,0.000740512083500105,-6.98719551929372e-05,0.00469762068866562
3070.74406977686,-9.068624685489e-05,0.000647618644275757,2.24066241740781e-05,0.00414911122613677,3.98337598490992e-06,0.00073540290572742,-6.89135694064018e-05,0.0046652874070197
3092.04013564946,-8.94449505798402e-05,0.000643225087551893,2.21029519205094e-05,0.00412047324098174,3.9292381773731e-06,0.000730329100390806,-6.79683187667089e-05,0.0046331763864921
3113.48389289956,-8.82205965554043e-05,0.000638860424592294,2.1803341964962e-05,0.00409203375195088,3.87582876792124e-06,0.000725290420128547,-6.70360235319121e-05,0.00460128610508676
3135.07636578881,-8.70129548548729e-05,0.000634524484254568,2.15077414285291e-05,0.0040637913663665,3.8231381584966e-06,0.000720286619358334,-6.61165064120267e-05,0.00456961505111069
3156.8185856822,-8.5821798636159e-05,0.000630217096009365,2.12160980800412e-05,0.00403574470166052,3.77115687193914e-06,0.000715317454263504,-6.52095925357898e-05,0.00453816172310675
3178.71159109747,-8.46469041013867e-05,0.000625938089947543,2.09283603292836e-05,0.0040078923852944,3.71987555061984e-06,0.000710382682779367,-6.43151094178604e-05,0.00450692462978666
3200.75642775457,-8.34880504569882e-05,0.000621687296787091,2.0644477220251e-05,0.0039802330546799,3.66928495508529e-06,0.000705482064579699,-6.34328869264648e-05,0.00447590228996448
3222.9541486257,-8.23450198742919e-05,0.000617464547879751,2.03643984244383e-05,0.00395276535710054,3.61937596271285e-06,0.000700615361063319,-6.25627572514691e-05,0.00444509323249043
3245.30581398558,-8.1217597450609e-05,0.000613269675217404,2.00880742341715e-05,0.00392548794963387,3.57013956637712e-06,0.000695782335340815,-6.17045548728862e-05,0.00441449599618521
3267.81249146208,-8.01055711707996e-05,0.000609102511438169,1.98154555559765e-05,0.00389839949907434,3.52156687312724e-06,0.00069098275222137,-6.0858116529799e-05,0.00438410912977449
3290.47525608724,-7.90087318693256e-05,0.000604962889832279,1.95464939039887e-05,0.00387149868185706,3.47364910287546e-06,0.000686216378199721,-6.00232811897051e-05,0.00435393119182404
3313.29519034861,-7.79268731927739e-05,0.000600850644347687,1.92811413934036e-05,0.00384478418398209,3.42637758709658e-06,0.000681482981443217,-5.91998900182692e-05,0.00432396075067503
3336.27338424092,-7.68597915628551e-05,0.000596765609595448,1.90193507339691e-05,0.00381825470093965,3.37974376753891e-06,0.000676782331779018,-5.83877863494851e-05,0.00429419638437985
3359.41093531822,-7.58072861398617e-05,0.000592707620854851,1.87610752235199e-05,0.00379190893763574,3.33373919494604e-06,0.000672114200681378,-5.7586815656234e-05,0.00426463668063821
3382.70894874623,-7.47691587865911e-05,0.000588676514078339,1.85062687415558e-05,0.00376574560831877,3.28835552779012e-06,0.000667478361259064,-5.67968255212425e-05,0.00423528023673372
3406.16853735517,-7.37452140327184e-05,0.000584672125896189,1.82548857428623e-05,0.0037397634365066,3.24358453101609e-06,0.000662874588242876,-5.60176656084267e-05,0.00420612565947076
3429.7908216929,-7.27352590396235e-05,0.000580694293620987,1.80068812511781e-05,0.00371396115491442,3.19941807479743e-06,0.000658302657973282,-5.52491876346253e-05,0.00417717156511177
3453.57693007845,-7.17391035656572e-05,0.000576742855251871,1.77622108529042e-05,0.00368833750538318,3.15584813330283e-06,0.000653762348388152,-5.4491245341709e-05,0.00414841657931488
3477.5279986559,-7.07565599318505e-05,0.00057281764947859,1.7520830690861e-05,0.00366289123880875,3.11286678347435e-06,0.000649253439010614,-5.37436944690669e-05,0.00411985933707197
3501.64517144866,-6.97874429880575e-05,0.00056891851568534,1.72826974580904e-05,0.00363762111507176,3.07046620381676e-06,0.00064477571093701,-5.30063927264635e-05,0.00409149848264707
3525.92960041413,-6.88315700795242e-05,0.000565045293954405,1.70477683917035e-05,0.00361252590296792,3.02863867319796e-06,0.000640328946824951,-5.2279199767258e-05,0.00406333266951506
3550.38244549867,-6.78887610138874e-05,0.000561197825069616,1.68160012667764e-05,0.00358760438013915,2.98737656966086e-06,0.00063591293088149,-5.1561977161988e-05,0.00403536056030093
3575.00487469309,-6.69588380285859e-05,0.000557375950519599,1.65873543902914e-05,0.00356285533300524,2.94667236924624e-06,0.00063152744885138,-5.08545883723045e-05,0.00400758082671915
3599.79806408833,-6.60416257586936e-05,0.000553579512500863,1.63617865951276e-05,0.00353827755669617,2.90651864482698e-06,0.000627172288005459,-5.01568987252616e-05,0.00397999214951365
3624.76319793175,-6.51369512051552e-05,0.000549808353920688,1.61392572340972e-05,0.00351386985498497,2.86690806495331e-06,0.000622847237129106,-4.94687753879492e-05,0.00395259321839794
3649.9014686836,-6.4244643703433e-05,0.000546062318399849,1.59197261740312e-05,0.0034896310402213,2.82783339270938e-06,0.000618552086510825,-4.87900873424706e-05,0.00392538273199585
3675.21407707406,-6.33645348925491e-05,0.000542341250275159,1.57031537899127e-05,0.00346555993326549,2.78928748458071e-06,0.000614286627930902,-4.81207053612538e-05,0.00389835939778233
3700.7022321605,-6.24964586845266e-05,0.000538644994601857,1.54895009590589e-05,0.00344165536342333,2.751263289333e-06,0.000610050654650185,-4.74605019826992e-05,0.00387152193202491
3726.36715138533,-6.16402512342188e-05,0.000534973397155817,1.52787290553517e-05,0.00341791616838126,2.71375384690176e-06,0.000605843961398935,-4.68093514871519e-05,0.00384486905972525
3752.21006063407,-6.07957509095277e-05,0.000531326304435619,1.5070799943517e-05,0.00339434119414231,2.6767522872931e-06,0.0006016663443658,-4.61671298732015e-05,0.00381839951456127
3778.23219429398,-5.99627982620009e-05,0.000527703563664437,1.48656759734532e-05,0.00337092929496245,2.64025182949547e-06,0.000597517601186851,-4.55337148342982e-05,0.00379211203882946
3804.43479531291,-5.91412359978092e-05,0.000524105022791802,1.46633199746084e-05,0.00334767933328769,2.60424578040232e-06,0.000593397530934746,-4.49089857356879e-05,0.0037660053833877
3830.81911525882,-5.8330908949093e-05,0.000520530530495201,1.44636952504073e-05,0.00332459017969152,2.56872753374568e-06,0.000589305934107957,-4.42928235916548e-05,0.00374007830759824
3857.3864143794,-5.75316640456817e-05,0.000516979936181542,1.42667655727273e-05,0.00330166071281309,2.53369056904058e-06,0.000585242612620111,-4.36851110430747e-05,0.00371432957927127
3884.13796166242,-5.67433502871721e-05,0.000513453089988464,1.40724951764233e-05,0.00327888981929583,2.4991284505403e-06,0.0005812073697894,-4.30857323352682e-05,0.00368875797460861
3911.07503489621,-5.59658187153708e-05,0.000509949842785535,1.38808487539025e-05,0.00325627639372666,2.46503482620233e-06,0.000577200010328104,-4.24945732961559e-05,0.0036633622781479
3938.19892073078,-5.51989223870881e-05,0.000506470046175287,1.36917914497483e-05,0.00323381933857563,2.4314034266651e-06,0.000573220340332182,-4.19115213147056e-05,0.00363814128270704
3965.51091473924,-5.44425163472864e-05,0.000503013552494148,1.35052888553939e-05,0.00321151756413629,2.39822806423531e-06,0.000569268167270965,-4.1336465319674e-05,0.00361309378932907
3993.0123214797,-5.36964576025723e-05,0.000499580214813226,1.33213070038443e-05,0.00318936998846635,2.36550263188585e-06,0.000565343299976925,-4.07692957586319e-05,0.00358821860722731
4020.70445455755,-5.29606050950339e-05,0.000496169886938988,1.31398123644492e-05,0.00316737553732902,2.33322110226437e-06,0.000561445548635539,-4.0209904577277e-05,0.00356351455373085
4048.58863668828,-5.22348196764142e-05,0.000492782423413803,1.29607718377234e-05,0.00314553314413478,2.30137752671212e-06,0.00055757472477523,-3.96581851990222e-05,0.00353898045423044
4076.66619976054,-5.1518964082622e-05,0.00048941767951638,1.27841527502178e-05,0.0031238417498837,2.26996603429348e-06,0.000553730641257402,-3.91140325048637e-05,0.00351461514212466
4104.93848489989,-5.0812902908569e-05,0.000486075511262086,1.26099228494385e-05,0.00310230030310817,2.23898083083559e-06,0.000549913112266542,-3.85773428135179e-05,0.00349041745876641
4133.40684253274,-5.01165025833382e-05,0.000482755775403153,1.24380502988154e-05,0.00308090775981628,2.20841619797848e-06,0.000546121953300427,-3.80480138618305e-05,0.00346638625340983
4162.07263245095,-4.94296313456697e-05,0.00047945832942878,1.22685036727198e-05,0.00305966308343552,2.17826649223532e-06,0.000542356981160385,-3.75259447854468e-05,0.00344252038315743
4190.93722387671,-4.87521592197693e-05,0.00047618303156513,1.21012519515304e-05,0.00303856524475708,2.14852614406292e-06,0.000538618013941668,-3.70110360997474e-05,0.00341881871290765
4220.00199552799,-4.8083957991428e-05,0.000472929740775218,1.19362645167477e-05,0.00301761322188057,2.11918965694218e-06,0.000534904871023872,-3.65031896810386e-05,0.00339528011530269
4249.26833568435,-4.74249011844559e-05,0.000469698316758713,1.17735111461578e-05,0.00299680600015921,2.09025160646884e-06,0.000531217373061465,-3.60023087480004e-05,0.0033719034706767
4278.73764225332,-4.67748640374191e-05,0.000466488619951623,1.16129620090434e-05,0.00297614257214552,2.06170663945392e-06,0.000527555341974372,-3.55082978433827e-05,0.00334868766700424
4308.41132283705,-4.61337234806833e-05,0.000463300511525912,1.14545876614437e-05,0.0029556219375375,2.03354947303425e-06,0.000523918600938652,-3.50210628159524e-05,0.00332563159984921
4338.2907947997,-4.55013581137542e-05,0.000460133853388995,1.12983590414619e-05,0.00293524310312512,2.00577489379271e-06,0.000520306974377238,-3.45405108026821e-05,0.00330273417231386
4368.37748533501,-4.48776481829157e-05,0.000456988508183175,1.11442474646203e-05,0.00291500508273746,1.97837775688837e-06,0.000516720287950769,-3.40665502111829e-05,0.00327999429498842
4398.67283153455,-4.42624755591581e-05,0.000453864339284964,1.09922246192634e-05,0.00289490689719015,1.95135298519611e-06,0.000513158368548481,-3.35990907023726e-05,0.00325741088590074
4429.17828045629,-4.36557237163972e-05,0.000450761210804347,1.08422625620076e-05,0.00287494757423334,1.9246955684561e-06,0.000509621044279184,-3.31380431733814e-05,0.00323498287046651
4459.89528919383,-4.30572777099756e-05,0.000447678987583938,1.06943337132389e-05,0.00285512614850003,1.89840056243256e-06,0.000506108144462305,-3.26833197406866e-05,0.00321270918143963
4490.82532494586,-4.24670241554482e-05,0.000444617535198081,1.05484108526567e-05,0.00283544166145494,1.87246308808228e-06,0.00050261949961901,-3.22348337234785e-05,0.003190588758863
4521.96986508636,-4.18848512076431e-05,0.000441576719951852,1.04044671148646e-05,0.00281589316134365,1.84687833073221e-06,0.000499154941463393,-3.17924996272495e-05,0.00316862055001949
4553.33039723509,-4.13106485399988e-05,0.000438556408880004,1.02624759850072e-05,0.00279647970314237,1.82164153926668e-06,0.000495714302893742,-3.13562331276082e-05,0.00314680350938343
4584.90841932869,-4.0744307324171e-05,0.000435556469745822,1.01224112944538e-05,0.00277720034850796,1.79674802532365e-06,0.000492297417983863,-3.09259510543106e-05,0.00312513659857216
4616.7054396922,-4.01857202099088e-05,0.000432576771039926,9.98424721652684e-06,0.00275805416572841,1.77219316250023e-06,0.000488904121974497,-3.05015713755099e-05,0.00310361878629811
4648.72297711114,-3.96347813051925e-05,0.000429617181978985,9.84795826227691e-06,0.00273904022967378,1.74797238556723e-06,0.000485534251264781,-3.00830131822186e-05,0.00308224904832101
4680.96256090399,-3.90913861566356e-05,0.000426677572504383,9.71351927630262e-06,0.00272015762174753,1.72408118969283e-06,0.000482187643403796,-2.96701966729829e-05,0.00306102636740058
4713.42573099534,-3.8555431730142e-05,0.000423757813280804,9.58090543261548e-06,0.00270140542983817,1.70051512967509e-06,0.000478864137082171,-2.92630431387629e-05,0.00303994973324934
4746.11403798933,-3.80268163918191e-05,0.000420857775694768,9.4500922305496e-06,0.00268278274827148,1.67726981918334e-06,0.000475563572123765,-2.88614749480213e-05,0.00301901814248588
4779.02904324382,-3.75054398891409e-05,0.000417977331853094,9.32105549071594e-06,0.00266428867776289,1.65434093000844e-06,0.000472285789477404,-2.84654155320106e-05,0.00299823059858829
4812.17231894485,-3.69912033323616e-05,0.000415116354581315,9.19377135100071e-06,0.0026459223253705,1.63172419132167e-06,0.000469030631208698,-2.80747893702641e-05,0.00297758611184806
4845.54544818188,-3.64840091761711e-05,0.000412274717422026,9.06821626260732e-06,0.00262768280444831,1.60941538894226e-06,0.000465797940491904,-2.76895219762803e-05,0.00295708369932407
4879.1500250233,-3.59837612015948e-05,0.000409452294633179,8.94436698614235e-06,0.0026095692345999,1.58741036461351e-06,0.000462587561601877,-2.73095398834047e-05,0.00293672238479704
4912.98765459257,-3.54903644981316e-05,0.000406648961186333,8.82220058774458e-06,0.00259158074163249,1.56570501528743e-06,0.000459399339906069,-2.69347706309015e-05,0.00291650119872423
4947.05995314498,-3.50037254461271e-05,0.000403864592764838,8.70169443525676e-06,0.00257371645751133,1.54429529241764e-06,0.000456233121856589,-2.65651427502155e-05,0.00289641917819437
4981.36854814472,-3.45237516993809e-05,0.000401099065761978,8.5828261944404e-06,0.00255597552031458,1.52317720126079e-06,0.000453088754982346,-2.62005857514201e-05,0.00287647536688298
5015.91507834275,-3.40503521679821e-05,0.000398352257279058,8.46557382523246e-06,0.00253835707418836,1.50234680018605e-06,0.000449966087881227,-2.58410301098497e-05,0.00285666881500787
5050.70119385496,-3.35834370013741e-05,0.000395624045123457,8.34991557804448e-06,0.00252086026930238,1.48180019999291e-06,0.000446864970212364,-2.54864072529146e-05,0.00283699857928505
5085.72855624109,-3.31229175716408e-05,0.000392914307806614,8.23582999010283e-06,0.00250348426180579,1.46153356323698e-06,0.000443785252688436,-2.51366495470932e-05,0.00281746372288479
5120.998838584,-3.26687064570169e-05,0.000390222924541994,8.12329588183096e-06,0.0024862282137834,1.44154310356389e-06,0.000440726787068056,-2.47916902851032e-05,0.00279806331538811
5156.51372556965,-3.2220717425614e-05,0.000387549775242988,8.01229235327198e-06,0.00246909129321232,1.42182508505105e-06,0.000437689426148196,-2.44514636732458e-05,0.00277879643274339
5192.27491356752,-3.17788654193646e-05,0.000384894740520792,7.90279878055255e-06,0.00245207267391891,1.40237582155737e-06,0.00043467302375669,-2.4115904818923e-05,0.00275966215722347
5228.28411071172,-3.13430665381773e-05,0.000382257701682229,7.79479481238659e-06,0.00243517153553602,1.38319167608064e-06,0.000431677434744783,-2.37849497183234e-05,0.00274065957738275
5264.54303698245,-3.09132380243033e-05,0.000379638540727549,7.68826036661946e-06,0.00241838706346073,1.36426906012278e-06,0.000428702514979745,-2.34585352442771e-05,0.00272178778801486
5301.0534242883,-3.04892982469097e-05,0.000377037140348172,7.58317562681149e-06,0.00240171844881221,1.34560443306261e-06,0.000425748121337538,-2.31365991342747e-05,0.00270304589011042
5337.81701654885,-3.00711666868585e-05,0.000374453383924416,7.47952103886114e-06,0.00238516488839013,1.32719430153621e-06,0.000422814111695546,-2.28190799786496e-05,0.0026844329908151
5374.83556977805,-2.96587639216865e-05,0.000371887155523174,7.37727730766691e-06,0.00236872558463327,1.30903521882481e-06,0.000419900344925358,-2.25059172089212e-05,0.00266594820338803
5412.11085216805,-2.92520116107864e-05,0.000369338339895569,7.27642539382814e-06,0.00235239974557849,1.29112378425002e-06,0.000417006680885606,-2.21970510862971e-05,0.00264759064716039
5449.64464417369,-2.88508324807836e-05,0.000366806822474568,7.17694651038406e-06,0.00233618658482006,1.27345664257646e-06,0.00041413298041486,-2.18924226903308e-05,0.00262935944749433
5487.43873859751,-2.84551503111083e-05,0.000364292489372571,7.07882211959096e-06,0.00232008532146927,1.25603048342162e-06,0.000411279105324584,-2.15919739077349e-05,0.00261125373574213
5525.49494067543,-2.80648899197596e-05,0.000361795227378967,6.98203392973668e-06,0.00230409518011437,1.23884204067289e-06,0.000408444918392134,-2.1295647421346e-05,0.00259327264920565
5563.81506816292,-2.76799771492588e-05,0.000359314923957665,6.88656389199301e-06,0.0022882153907809,1.22188809191178e-06,0.000405630283353822,-2.100338669924e-05,0.00257541533109602
5602.40095142188,-2.730033885279e-05,0.000356851467244591,6.79239419730445e-06,0.00227244518889215,1.20516545784506e-06,0.000402835064898026,-2.07151359839954e-05,0.00255768093049358
5641.254433508,-2.69259028805256e-05,0.000354404746045169,6.69950727331413e-06,0.00225678381523021,1.18867100174298e-06,0.000400059128658361,-2.04308402821037e-05,0.00254006860230816
5680.37737025889,-2.65565980661337e-05,0.000351974649831761,6.60788578132564e-06,0.00224123051589702,1.17240162888429e-06,0.00039730234120689,-2.01504453535223e-05,0.00252257750723954
5719.77163038263,-2.61923542134659e-05,0.000349561068741103,6.51751261330121e-06,0.00222578454227598,1.1563542860082e-06,0.000394564570047406,-1.98738977013722e-05,0.00250520681173817
5759.43909554709,-2.58331020834223e-05,0.000347163893571697,6.42837088889512e-06,0.00221044515099372,1.14052596077293e-06,0.000391845683608742,-1.96011445617731e-05,0.00248795568796622
5799.38166046975,-2.54787733809924e-05,0.000344783015781197,6.34044395252282e-06,0.0021952116038822,1.1249136812211e-06,0.000389145551238156,-1.93321338938198e-05,0.00247082331375882
5839.60123300829,-2.5129300742468e-05,0.000342418327483761,6.25371537046455e-06,0.00218008316794115,1.1095145152516e-06,0.000386464043194747,-1.90668143696932e-05,0.00245380887258555
5880.09973425162,-2.47846177228287e-05,0.000340069721447396,6.16816892800412e-06,0.00216505911530073,1.09432557009805e-06,0.000383801030642942,-1.88051353649073e-05,0.00243691155351227
5920.87909861173,-2.44446587832937e-05,0.000337737091091269,6.08378862660136e-06,0.00215013872318457,1.07934399181376e-06,0.000381156385646005,-1.85470469486879e-05,0.00242013055116306
5961.94127391598,-2.41093592790425e-05,0.00033542033048301,6.00055868109916e-06,0.002135321273873,1.06456696476301e-06,0.000378529981159627,-1.82924998744842e-05,0.00240346506568258
6003.28822150028,-2.37786554470973e-05,0.000333119334335993,5.91846351696347e-06,0.00212060605466666,1.04999171111867e-06,0.000375921691025538,-1.80414455706074e-05,0.00238691430269849
6044.92191630263,-2.34524843943698e-05,0.000330833998006604,5.83748776755721e-06,0.00210599235785033,1.03561549036618e-06,0.00037333138996519,-1.77938361309996e-05,0.0023704774732843
6086.84434695757,-2.31307840858662e-05,0.00032856421749148,5.75761627144662e-06,0.00209147948065704,1.02143559881354e-06,0.000370758953573466,-1.75496243061261e-05,0.00235415379392233
6129.05751589107,-2.28134933330517e-05,0.000326309889424758,5.67883406974057e-06,0.00207706672523255,1.0074493691076e-06,0.000368204258312456,-1.73087634939936e-05,0.00233794248646697
6171.56343941625,-2.25005517823689e-05,0.000324070911075279,5.60112640346191e-06,0.00206275339859996,9.93654169756236e-07,0.000365667181505269,-1.707120773129e-05,0.00232184277810822
6214.36414782964,-2.21918999039125e-05,0.000321847180343805,5.52447871095097e-06,0.00204853881262472,9.80047404656673e-07,0.0003631476013299,-1.68369116846454e-05,0.00230585390133536
6257.46168550822,-2.18874789802533e-05,0.000319638595760204,5.44887662530061e-06,0.00203442228397981,9.66626512629596e-07,0.000360645396813129,-1.6605830642012e-05,0.002289975093901
6300.85811100697,-2.1587231095414e-05,0.000317445056480637,5.37430597182258e-06,0.00202040313411131,9.53388966959184e-07,0.000358160447824488,-1.63779205041623e-05,0.00227420559878525
6344.55549715731,-2.12910991239912e-05,0.000315266462284721,5.30075276554481e-06,0.0020064806892041,9.40332274938906e-07,0.000355692635070252,-1.6153137776302e-05,0.00225854466416017
6388.55593116599,-2.09990267204252e-05,0.000313102713572693,5.22820320873951e-06,0.00199265428014791,9.27453977423053e-07,0.000353241840087489,-1.59314395597987e-05,0.0022429915433545
6432.86151471492,-2.07109583084119e-05,0.000310953711362555,5.1566436884814e-06,0.00197892324250361,9.14751648383901e-07,0.000350807945238153,-1.57127835440224e-05,0.00222754549481856
6477.47436406142,-2.04268390704582e-05,0.000308819357287215,5.08606077423623e-06,0.00196528691646978,9.02222894474509e-07,0.000348390833703213,-1.54971279982984e-05,0.0022122057820894
6522.39661013943,-2.01466149375769e-05,0.000306699553591615,5.01644121547871e-06,0.00195174464684946,8.89865354596997e-07,0.000345990389476837,-1.52844317639684e-05,0.00219697167375618
6567.63039866118,-1.98702325791207e-05,0.000304594203129858,4.94777193934004e-06,0.00193829578301726,8.77676699476338e-07,0.000343606497360617,-1.50746542465619e-05,0.00218184244342583
6613.17789021977,-1.95976393927519e-05,0.000302503209362316,4.88004004828439e-06,0.00192493967888665,8.65654631239506e-07,0.000341239042957828,-1.4867755408073e-05,0.00216681736968885
6659.0412603923,-1.93287834945479e-05,0.000300426476352746,4.81323281781433e-06,0.00191167569287752,8.53796883000023e-07,0.000338887912667747,-1.4663695759343e-05,0.00215189573608539
6705.22269984387,-1.90636137092389e-05,0.000298363908765385,4.74733769420434e-06,0.00189850318788397,8.42101218447708e-07,0.000336552993679996,-1.44624363525475e-05,0.00213707683107159
6751.7244144321,-1.88020795605775e-05,0.000296315411862051,4.68234229226296e-06,0.00188542153124241,8.30565431443745e-07,0.000334234173968944,-1.42639387737853e-05,0.00212235994798603
6798.54862531261,-1.85441312618374e-05,0.000294280891499231,4.61823439312236e-06,0.0018724300946998,8.19187345620808e-07,0.000331931342288139,-1.40681651357689e-05,0.00210774438501654
6845.69756904508,-1.82897197064404e-05,0.000292260254125168,4.55500194205561e-06,0.00185952825438222,8.07964813988355e-07,0.000329644388164786,-1.38750780706147e-05,0.00209322944516712
6893.17349769999,-1.80387964587091e-05,0.000290253406776946,4.49263304632133e-06,0.00184671539076365,7.96895718542947e-07,0.000327373201894268,-1.3684640722732e-05,0.00207881443622519
6940.97867896634,-1.77913137447445e-05,0.000288260257077565,4.43111597303488e-06,0.00183399088863494,7.8597796988351e-07,0.000325117674534706,-1.34968167418083e-05,0.00206449867072889
6989.11539625983,-1.75472244434262e-05,0.00028628071323302,4.37043914706668e-06,0.00182135413707312,7.75209506831579e-07,0.000322877697901558,-1.33115702758912e-05,0.00205028146593483
7037.58594883204,-1.7306482077534e-05,0.000284314684029371,4.31059114896644e-06,0.00180880452941082,7.64588296056349e-07,0.000320653164562258,-1.31288659645643e-05,0.0020361621437858
7086.39265188015,-1.70690408049891e-05,0.000282362078829821,4.25156071291371e-06,0.00179634146320602,7.54112331704582e-07,0.000318443967830902,-1.29486689322167e-05,0.00202214003087895
7135.53783665763,-1.6834855410213e-05,0.000280422807571774,4.19333672469402e-06,0.00178396434021197,7.43779635035218e-07,0.000316250001762961,-1.2770944781404e-05,0.00200821445843394
7185.02385058548,-1.66038812956038e-05,0.000278496780763919,4.13590821970067e-06,0.00177167256634735,7.33588254058731e-07,0.000314071161150047,-1.25956595863002e-05,0.00199438476226151
7234.85305736446,-1.63760744731261e-05,0.000276583909483282,4.07926438096143e-06,0.00175946555166667,7.23536263181061e-07,0.000311907341514706,-1.24227798862394e-05,0.0019806502827321
7285.02783708791,-1.61513915560162e-05,0.000274684105372307,4.02339453719048e-06,0.0017473427103309,7.13621762852202e-07,0.000309758439105256,-1.22522726793448e-05,0.00196701036474481
7335.55058635552,-1.59297897505968e-05,0.000272797280635914,3.9682881608646e-06,0.00173530346057827,7.03842879219245e-07,0.000307624350890661,-1.20841054162459e-05,0.00195346435769644
7386.42371838768,-1.57112268482045e-05,0.000270923348038575,3.913934866324e-06,0.00172334722469532,6.94197763783954e-07,0.000305504974555447,-1.19182459938809e-05,0.00194001161545087
7437.64966314091,-1.54956612172249e-05,0.000269062220901376,3.86032440789698e-06,0.00171147342898822,6.84684593064726e-07,0.000303400208494647,-1.17546627493833e-05,0.00192665149630853
7489.23086742376,-1.52830517952355e-05,0.000267213813099095,3.80744667804858e-06,0.0016996815037542,6.7530156826294e-07,0.000301309951808792,-1.15933244540537e-05,0.00191338336297616
7541.16979501382,-1.50733580812546e-05,0.000265378039057267,3.75529170555248e-06,0.00168797088325325,6.66046914933605e-07,0.000299234104298933,-1.14342003074119e-05,0.00190020658253667
7593.46892677528,-1.4866540128096e-05,0.000263554813749265,3.7038496536864e-06,0.00167634100568009,6.56918882660286e-07,0.000297172566461707,-1.1277259931332e-05,0.00188712052641937
7646.13076077758,-1.46625585348247e-05,0.000261744052693372,3.65311081845027e-06,0.0016647913131362,6.47915744734224e-07,0.000295125239484424,-1.11224733642563e-05,0.00187412457037019
7699.15781241454,-1.44613744393172e-05,0.000259945671949865,3.60306562680724e-06,0.00165332125160224,6.39035797837643e-07,0.000293092025240213,-1.09698110554899e-05,0.00186121809442229
7752.55261452471,-1.42629495109204e-05,0.000258159588118093,3.55370463494698e-06,0.00164193027091048,6.30277361731129e-07,0.000291072826283182,-1.08192438595714e-05,0.00184840048286673
7806.31771751215,-1.40672459432106e-05,0.000256385718333568,3.50501852657134e-06,0.00163061782471765,6.21638778945114e-07,0.000289067545843628,-1.06707430307222e-05,0.00183567112422342
7860.45568946846,-1.38742264468502e-05,0.00025462398026505,3.45699811120171e-06,0.00161938337047777,6.13118414475326e-07,0.00028707608782327,-1.05242802173705e-05,0.00182302941121222
7914.96911629522,-1.36838542425416e-05,0.000252874292111645,3.4096343225083e-06,0.0016082263694154,6.0471465548224e-07,0.000285098356790534,-1.03798274567511e-05,0.00181047474072426
7969.86060182773,-1.34960930540748e-05,0.000251136572599903,3.36291821666053e-06,0.00159714628649887,5.96425910994409e-07,0.000283134257975851,-1.02373571695784e-05,0.00179800651379344
8025.13276795918,-1.33109071014714e-05,0.000249410740980918,3.31684097069884e-06,0.00158614259041393,5.88250611615689e-07,0.000281183697267011,-1.00968421547924e-05,0.00178562413556812
8080.78825476607,-1.31282610942193e-05,0.000247696717027439,3.27139388092722e-06,0.00157521475353737,5.80187209236255e-07,0.000279246581204532,-9.95825558437661e-06,0.00177332701528299
8136.82972063413,-1.29481202246003e-05,0.000245994421030982,3.22656836132651e-06,0.00156436225191106,5.72234176747419e-07,0.000277322816977076,-9.82157099824698e-06,0.00176111456623119
8193.25984238548,-1.27704501611073e-05,0.000244303773798947,3.18235594198798e-06,0.00155358456521599,5.64390007760132e-07,0.000275412312416893,-9.68676229921027e-06,0.00174898620573651
8250.08131540631,-1.25952170419512e-05,0.000242624696651747,3.13874826756729e-06,0.00154288117674663,5.56653216327209e-07,0.000273514975995301,-9.55380374799201e-06,0.00173694135512591
8307.29685377578,-1.2422387468655e-05,0.000240957111419933,3.09573709575811e-06,0.00153225157338539,5.49022336669149e-07,0.000271630716818192,-9.42266995833173e-06,0.00172497943970207
8364.90919039556,-1.22519284997357e-05,0.000239300940441333,3.05331429578567e-06,0.00152169524557735,5.41495922903575e-07,0.000269759444621582,-9.29333589214602e-06,0.00171309988871627
8422.92107712043,-1.20838076444707e-05,0.000237656106558194,3.01147184691957e-06,0.00151121168730514,5.34072548778181e-07,0.000267901069767182,-9.1657768547571e-06,0.00170130213534138
8481.33528488963,-1.19179928567499e-05,0.000236022533114334,2.970201837006e-06,0.00150080039606395,5.26750807407226e-07,0.000266055503238012,-9.03996849018723e-06,0.00168958561664501
8540.15460385936,-1.17544525290095e-05,0.000234400143952295,2.9294964610187e-06,0.00149046087283684,5.19529311011432e-07,0.000264222656634034,-8.9158867765169e-06,0.00167794977356293
8599.38184353586,-1.159315548625e-05,0.00023278886341051,2.88934801962898e-06,0.00148019262207013,5.12406690661342e-07,0.000262402442167832,-8.79350802130721e-06,0.00166639405087255
8659.01983290984,-1.14340709801335e-05,0.000231188616320468,2.84974891779398e-06,0.001469995151649,5.0538159602401e-07,0.000260594772660308,-8.67280885708414e-06,0.00165491789716668
8719.07142059136,-1.12771686831622e-05,0.000229599328003902,2.81069166336348e-06,0.00145986797287332,4.98452695113051e-07,0.000258799561536425,-8.55376623688529e-06,0.00164352076482745
8779.53947494611,-1.11224186829355e-05,0.000228020924269965,2.77216886570456e-06,0.00144981060043357,4.91618674041948e-07,0.000257016722820963,-8.43635742986698e-06,0.00163220211000032
8840.42688423224,-1.0969791476485e-05,0.00022645333141243,2.73417323434441e-06,0.001439822552387,4.8487823678064e-07,0.000255246171134323,-8.32056001697194e-06,0.00162096139256838
8901.73655673848,-1.08192579646861e-05,0.000224896476206892,2.69669757763047e-06,0.00142990335013394,4.78230104915271e-07,0.000253487821688349,-8.20635188665582e-06,0.00160979807612677
8963.47142092288,-1.06707894467463e-05,0.000223350285907974,2.65973480140826e-06,0.00142005251839432,4.71673017411148e-07,0.000251741590282188,-8.09371123067268e-06,0.00159871162795725
9025.63442555289,-1.05243576147668e-05,0.00022181468824655,2.62327790771629e-06,0.00141026958518427,4.65205730378785e-07,0.000250007393298174,-7.98261653991761e-06,0.001587701519003
9088.228539846,-1.03799345483798e-05,0.00022028961142697,2.58731999349804e-06,0.001400554081793,4.5882701684307e-07,0.000248285147697748,-7.8730466003268e-06,0.00157676722384355
9151.25675361174,-1.02374927094569e-05,0.000218774984124297,2.55185424933066e-06,0.00139090554275977,4.5253566651543e-07,0.000246574771017399,-7.76498048883321e-06,0.00156590822066986
9214.72207739435,-1.00970049368908e-05,0.00021727073548155,2.5168739581704e-06,0.00138132350585111,4.46330485569067e-07,0.000244876181364644,-7.65839756937804e-06,0.00155512399125964
9278.6275426167,-9.95844444144618e-06,0.000215776795106961,2.48237249411426e-06,0.00137180751203806,4.40210296417095e-07,0.00024318929741403,-7.55327748897641e-06,0.00154441402095276
9342.97620172496,-9.82178480068251e-06,0.000214293093071234,2.44834332117799e-06,0.00136235710547378,4.34173937493673e-07,0.000241514038403168,-7.44960017383722e-06,0.00153377779862689
9407.77112833456,-9.68699995394416e-06,0.000212819559904822,2.41477999208992e-06,0.00135297183347112,4.28220263037979e-07,0.000239850324128794,-7.34734582553581e-06,0.00152321481667323
9473.0154173768,-9.55406419741955e-06,0.000211356126595203,2.3816761471007e-06,0.0013436512464805,4.22348142881085e-07,0.00023819807494286,-7.24649491723937e-06,0.0015127245709725
9538.71218524687,-9.42295217926699e-06,0.000209902724584177,2.34902551280858e-06,0.00133439489806789,4.16556462235624e-07,0.00023655721174865,-7.14702818998363e-06,0.00150230656087102
9604.86456995261,-9.29363889480691e-06,0.000208459285765163,2.31682190100008e-06,0.00132520234489293,4.10844121488261e-07,0.000234927655996929,-7.0489266490008e-06,0.00149196028915695
9671.47573126437,-9.16609968177956e-06,0.000207025742480513,2.28505920750588e-06,0.00131607314668726,4.05210035994904e-07,0.000233309329682115,-6.95217156009777e-06,0.00148168526203677
9738.54885086602,-9.04031021566682e-06,0.000205602027518827,2.25373141107174e-06,0.00130700686623297,3.99653135878639e-07,0.00023170215533848,-6.85674444608366e-06,0.00147148098911179
9806.08713250685,-8.91624650507811e-06,0.000204188074112291,2.22283257224423e-06,0.00129800306934125,3.94172365830341e-07,0.000230106056036382,-6.76262708324664e-06,0.00146134698335497
9874.09380215466,-8.79388488719849e-06,0.000202783815934013,2.19235683227108e-06,0.00128906132483109,3.88766684911926e-07,0.000228520955378515,-6.66980149787859e-06,0.00145128276108777
9942.57210814976,-8.67320202329925e-06,0.000201389187095375,2.1622984120161e-06,0.0012801812045083,3.83435066362233e-07,0.000226946777496196,-6.57824996284776e-06,0.00144128784195721
10011.5253213603,-8.55417489430895e-06,0.000200004122143394,2.1326516108882e-06,0.00127136228314452,3.7817649740546e-07,0.000225383447045671,-6.48795499421793e-06,0.0014313617489131
10080.9567353381,-8.43678079644531e-06,0.000198628556058095,2.10341080578469e-06,0.00126260413845648,3.72989979062174e-07,0.000223830889204455,-6.39889934791431e-06,0.00142150400818541
10150.8696664767,-8.320997336906e-06,0.000197262424249894,2.07457045004836e-06,0.00125390635108536,3.67874525962811e-07,0.000222289029667687,-6.31106601643468e-06,0.00141171414926178
10221.267454169,-8.20680242961849e-06,0.000195905662556986,2.04612507243845e-06,0.00124526850457637,3.62829166163673e-07,0.000220757794644526,-6.22443822560593e-06,0.00140199170486518
10292.1534609671,-8.09417429104737e-06,0.000194558207242752,2.01806927611503e-06,0.00123669018535837,3.5785294096536e-07,0.000219237110854558,-6.13899943138466e-06,0.00139233621093175
10363.5310727429,-7.98309143605911e-06,0.000193219994993176,1.99039773763694e-06,0.0012281709827237,3.52944904733637e-07,0.000217726905524239,-6.054733316702e-06,0.00138274720658879
10435.4036988501,-7.87353267384267e-06,0.000191890962914264,1.96310520597285e-06,0.0012197104888082,3.48104124722671e-07,0.000216227106383357,-5.97162378835124e-06,0.00137322423413286
10507.7747722864,-7.76547710388618e-06,0.000190571048529482,1.93618650152546e-06,0.00121130829857127,3.43329680900638e-07,0.000214737641661526,-5.88965497391842e-06,0.00136376683900806
10580.647749858,-7.65890411200774e-06,0.000189260189777205,1.90963651516853e-06,0.00120296400977614,3.38620665777637e-07,0.000213258440084698,-5.80881121875467e-06,0.00135437456978445
10654.0261123446,-7.55379336644097e-06,0.000187958325008172,1.88345020729677e-06,0.00119467722297029,3.33976184235926e-07,0.000211789430871702,-5.72907708299035e-06,0.00134504697813663
10727.9133646656,-7.45012481397324e-06,0.000186665392982957,1.85762260688809e-06,0.00118644754146597,3.2939535336239e-07,0.000210330543730813,-5.65043733858969e-06,0.00133578361882244
10802.3130360475,-7.34787867613698e-06,0.000185381332869446,1.83214881057856e-06,0.00117827457132088,3.24877302283284e-07,0.000208881708856338,-5.57287696644621e-06,0.00132658404966181
10877.2286801926,-7.24703544545249e-06,0.00018410608424033,1.80702398174933e-06,0.00117015792131899,3.20421172001142e-07,0.000207442856925229,-5.49638115351748e-06,0.00131744783151578
10952.6638754485,-7.14757588172228e-06,0.000182839587070609,1.78224334962587e-06,0.0011620972029515,3.16026115233903e-07,0.000206013919093722,-5.42093528999957e-06,0.00130837452826565
11028.6222249794,-7.0494810083755e-06,0.000181581781735101,1.75780220838903e-06,0.00115409203039794,3.11691296256157e-07,0.000204594826993998,-5.34652496653983e-06,0.00129936370679223
11105.1073569377,-6.95273210886265e-06,0.000180332609005972,1.73369591629802e-06,0.00114614202050738,3.07415890742535e-07,0.00020318551273087,-5.27313597148812e-06,0.0012904149369553
11182.1229246378,-6.85731072309889e-06,0.000179092010050267,1.7099198948248e-06,0.0011382467927798,3.03199085613176e-07,0.000201785908878489,-5.2007542881855e-06,0.00128152779157317
11259.6726067303,-6.76319864395636e-06,0.000177859926427462,1.68646962780031e-06,0.0011304059693476,2.99040078881284e-07,0.000200395948477076,-5.12936609229027e-06,0.00127270184640238
11337.7601073777,-6.67037791380378e-06,0.000176636300087021,1.6633406605717e-06,0.00112261917495719,2.94938079502697e-07,0.000199015565029682,-5.0589577491404e-06,0.00126393668011754
11416.3891564316,-6.57883082109372e-06,0.000175421073365968,1.64052859917099e-06,0.00111488603695082,2.90892307227499e-07,0.000197644692498962,-4.98951581115239e-06,0.00125523187429132
11495.5635096105,-6.48853989699593e-06,0.000174214188986463,1.61802910949471e-06,0.00110720618524839,2.86901992453595e-07,0.000196283265303978,-4.92102701525542e-06,0.00124658701337456
11575.2869486794,-6.399487912077e-06,0.000173015590053405,1.59583791649444e-06,0.00109957925232952,2.82966376082268e-07,0.000194931218317023,-4.85347828036104e-06,0.00123800168467655
11655.5632816306,-6.31165787302486e-06,0.00017182522005203,1.57395080337817e-06,0.00109200487321568,2.79084709375657e-07,0.000193588486860469,-4.78685670486714e-06,0.00122947547834536
11736.3963428651,-6.22503301941838e-06,0.000170643022845529,1.55236361082227e-06,0.0010844826854525,2.75256253816158e-07,0.000192255006703633,-4.72114956419653e-06,0.00122100798734841
11817.7899933763,-6.13959682054058e-06,0.000169468942672678,1.53107223619393e-06,0.0010770123290921,2.714802809677e-07,0.000190930714059671,-4.65634430836879e-06,0.00121259880745312
11899.7481209338,-6.05533297223579e-06,0.000168302924145476,1.51007263278404e-06,0.00106959344667571,2.67756072338891e-07,0.000189615545582492,-4.59242855960589e-06,0.00120424753720766
11982.2746402699,-5.97222539380915e-06,0.000167144912246795,1.48936080905023e-06,0.00106222568321623,2.64082919247994e-07,0.000188309438363687,-4.52939010997013e-06,0.00119595377792191
12065.3734932659,-5.8902582249689e-06,0.000165994852328047,1.46893282787005e-06,0.0010549086861811,2.60460122689726e-07,0.000187012329929495,-4.46721691903489e-06,0.00118771713364848
12149.0486491407,-5.80941582280996e-06,0.000164852690106855,1.44878480580408e-06,0.0010476421054751,2.56886993203828e-07,0.000185724158237774,-4.40589711158692e-06,0.00117953721116388
12233.3041046402,-5.72968275883904e-06,0.000163718371664742,1.42891291236892e-06,0.00104042559342346,2.53362850745427e-07,0.000184444861675005,-4.34541897536047e-06,0.00117141361994985
12318.1438842285,-5.65104381603998e-06,0.000162591843444826,1.40931336931987e-06,0.00103325880475494,2.49887024557107e-07,0.000183174379053309,-4.28577095880211e-06,0.00116334597217476
12403.5720402798,-5.57348398597946e-06,0.000161473052249531,1.38998244994319e-06,0.00102614139658515,2.46458853042735e-07,0.000181912649607495,-4.22694166886654e-06,0.0011553338826752
12489.5926532723,-5.49698846595194e-06,0.00016036194523831,1.3709164783578e-06,0.00101907302839985,2.43077683642953e-07,0.000180659612992117,-4.16891986884232e-06,0.00114737696893762
12576.2098319827,-5.42154265616381e-06,0.000159258469925375,1.3521118288264e-06,0.00101205336203853,2.39742872712367e-07,0.000179415209278562,-4.1116944762076e-06,0.00113947485108021
12663.427713683,-5.34713215695568e-06,0.000158162574177443,1.33356492507569e-06,0.00100508206167798,2.36453785398373e-07,0.00017817937895215,-4.05525456051507e-06,0.00113162715183472
12751.2504643373,-5.27374276606296e-06,0.000157074206211494,1.31527223962579e-06,0.000998158793816024,2.33209795521626e-07,0.000176952062909264,-3.99958934130609e-06,0.00112383349652866
12839.6822788018,-5.20136047591342e-06,0.000155993314592536,1.29723029312856e-06,0.000991283227255392,2.30010285458105e-07,0.000175733202454492,-3.94468818605321e-06,0.00111609351306734
12928.7273810244,-5.12997147096202e-06,0.000154919848231385,1.27943565371483e-06,0.000984455033087665,2.26854646022782e-07,0.000174522739297793,-3.89054060813107e-06,0.00110840683191625
13018.3900242466,-5.05956212506184e-06,0.000153853756382459,1.26188493635035e-06,0.000977673884677349,2.23742276354839e-07,0.00017332061555168,-3.83713626481493e-06,0.00110077308608348
13108.6744912069,-4.99011899887112e-06,0.00015279498864158,1.24457480220039e-06,0.000970939457646081,2.20672583804452e-07,0.000172126773728429,-3.78446495530687e-06,0.00109319191110222
13199.5850943454,-4.92162883729551e-06,0.000151743494943787,1.22750195800282e-06,0.000964251429856909,2.17644983821085e-07,0.000170941156737302,-3.73251661878876e-06,0.00108566294501343
13291.1261760091,-4.8540785669655e-06,0.000150699225561164,1.21066315544967e-06,0.000957609481398726,2.14658899843294e-07,0.00016976370788179,-3.68128133250222e-06,0.00107818582834867
13383.3021086605,-4.78745529374798e-06,0.000149662131100676,1.19405519057688e-06,0.000951013294570775,2.1171376319002e-07,0.000168594370856879,-3.63074930985462e-06,0.00107076020411291
13476.1172950852,-4.72174630029208e-06,0.000148632162502022,1.17767490316234e-06,0.000944462553867292,2.08809012953345e-07,0.000167433089746332,-3.58091089855122e-06,0.00106338571776762
13569.576168603,-4.65693904360842e-06,0.000147609271035494,1.16151917613196e-06,0.000937956945962251,2.05944095892701e-07,0.000166279809019992,-3.53175657875295e-06,0.00105606201721385
13663.6831932795,-4.59302115268131e-06,0.000146593408299848,1.14558493497373e-06,0.000931496159694198,2.03118466330493e-07,0.000165134473531101,-3.4832769612592e-06,0.00104878875277548
13758.4428641392,-4.52998042611382e-06,0.000145584526220194,1.12986914715961e-06,0.000925079886051228,2.00331586049144e-07,0.000163997028513642,-3.43546278571585e-06,0.00104156557718261
13853.8597073802,-4.46780482980474e-06,0.000144582577045884,1.11436882157525e-06,0.000918707818156028,1.97582924189524e-07,0.000162867419579698,-3.38830491884759e-06,0.001034392145555
13949.9382805904,-4.40648249465755e-06,0.000143587513348429,1.09908100795735e-06,0.000912379651251066,1.94871957150753e-07,0.000161745592716829,-3.34179435271466e-06,0.00102726811538566
14046.6831729655,-4.34600171432046e-06,0.000142599288019408,1.08400279633857e-06,0.000906095082683842,1.92198168491352e-07,0.000160631494285466,-3.29592220299334e-06,0.00102019314652454
14144.0990055278,-4.28635094295752e-06,0.000141617854268408,1.06913131649991e-06,0.000899853811892288,1.89561048831738e-07,0.000159525071016327,-3.25067970728019e-06,0.00101316690116238
14242.190431347,-4.22751879305e-06,0.000140643165620958,1.05446373743044e-06,0.000893655540390231,1.86960095758025e-07,0.00015842627000785,-3.20605822341934e-06,0.00100618904381457
14340.9621357626,-4.16949403322807e-06,0.000139675175916488,1.03999726679437e-06,0.000887499971752989,1.84394813727141e-07,0.000157335038723641,-3.1620492278529e-06,0.000999259241305225
14440.4188366077,-4.11226558613179e-06,0.000138713839306291,1.0257291504052e-06,0.000881386811603044,1.81864713973209e-07,0.000156251324989944,-3.11864431399382e-06,0.000992377162751286
14540.5652844341,-4.05582252630166e-06,0.000137759110251502,1.01165667170703e-06,0.000875315767595842,1.79369314415211e-07,0.000155175076993124,-3.07583519062125e-06,0.000985542479546805
14641.4062627396,-4.00015407809774e-06,0.000136810943521081,9.9777715126277e-07,0.000869286549405663,1.76908139565886e-07,0.000154106243277177,-3.03361368029765e-06,0.000978754865347266
14742.946588196,-3.94524961364743e-06,0.000135869294189819,9.84087946249329e-07,0.000863298868711624,1.74480720441874e-07,0.000153044772741244,-2.9919717178079e-06,0.000972013996054071
14845.1911108798,-3.89109865082108e-06,0.000134934117636341,9.7058644995955e-07,0.000857352439183746,1.72086594475063e-07,0.000151990614637153,-2.95090134861952e-06,0.000965319549799088
14948.1447145032,-3.83769085123555e-06,0.000134005369541135,9.57270091310895e-07,0.000851446976469154,1.69725305425149e-07,0.000150943718566977,-2.91039472736426e-06,0.000958671206929339
15051.8123166476,-3.78501601828474e-06,0.000133083005884578,9.44136334360707e-07,0.000845582198178341,1.67396403293364e-07,0.000149904034480601,-2.87044411634029e-06,0.000952068649991766
15156.1988689989,-3.73306409519739e-06,0.000132166982944985,9.31182677828067e-07,0.000839757823871556,1.65099444237386e-07,0.000148871512673318,-2.83104188403512e-06,0.000945511563718125
15261.3093575835,-3.68182516312113e-06,0.000131257257296665,9.18406654622035e-07,0.000833973575045269,1.62833990487394e-07,0.000147846103783432,-2.79218050366863e-06,0.000938999635009959
15367.1488030065,-3.63128943923296e-06,0.000130353785807985,9.05805831376325e-07,0.000828229175118745,1.6059961026326e-07,0.000146827758789884,-2.75385255175616e-06,0.000932532552923698
15473.7222606918,-3.58144727487539e-06,0.000129456525639445,8.93377807990194e-07,0.000822524349420698,1.58395877692864e-07,0.000145816429009892,-2.71605070669124e-06,0.00092611000865584
15581.0348211234,-3.53228915371824e-06,0.000128565434241778,8.8112021717558e-07,0.000816858825176057,1.56222372731519e-07,0.000144812066096605,-2.67876774734789e-06,0.000919731695528248
15689.0916100885,-3.48380568994542e-06,0.000127680469354035,8.69030724010311e-07,0.000811232331492803,1.54078681082479e-07,0.00014381462203678,-2.64199655170184e-06,0.000913397308973538
15797.8977889225,-3.43598762646665e-06,0.000126801589001711,8.57107025497398e-07,0.000805644599348923,1.51964394118534e-07,0.000142824049148471,-2.60573009547098e-06,0.00090710654652058
15907.4585547554,-3.38882583315349e-06,0.000125928751494854,8.45346850130211e-07,0.000800095361579432,1.4987910880466e-07,0.00014184030007873,-2.56996145077412e-06,0.000900859107780074
16017.7791407599,-3.34231130509966e-06,0.00012506191542621,8.33747957463613e-07,0.000794584352863506,1.47822427621727e-07,0.000140863327801337,-2.53468378480846e-06,0.000894654694430259
16128.8648164017,-3.296435160905e-06,0.000124201039669356,8.22308137690806e-07,0.000789111309711691,1.45793958491227e-07,0.000139893085614531,-2.49989035854491e-06,0.000888493010202684
16240.720887691,-3.25118864098309e-06,0.000123346083376865,8.11025211225973e-07,0.000783675970453211,1.43793314701041e-07,0.000138929527138766,-2.46557452544155e-06,0.000882373760868107
16353.352697436,-3.20656310589177e-06,0.000122497005978462,7.99897028292492e-07,0.000778278075223357,1.41820114832197e-07,0.000137972606314479,-2.43172973017451e-06,0.000876296654222467
16466.765625498,-3.16255003468678e-06,0.000121653767179212,7.88921468516786e-07,0.000772917365950979,1.39873982686633e-07,0.000137022277399878,-2.39834950738648e-06,0.000870261400072971
16580.9650890484,-3.11914102329769e-06,0.000120816326957696,7.78096440527598e-07,0.00076759358634604,1.3795454721593e-07,0.000136078494968739,-2.36542748045217e-06,0.000864267710224256
16695.9565428276,-3.07632778292622e-06,0.000119984645564219,7.67419881560752e-07,0.000762306481887291,1.36061442451025e-07,0.000135141213908223,-2.3329573602609e-06,0.000858315298464672
16811.7454794054,-3.03410213846634e-06,0.000119158683519011,7.56889757069204e-07,0.000757055799810001,1.3419430743286e-07,0.000134210389416708,-2.30093294401568e-06,0.000852403880552631
16928.3374294433,-2.99245602694612e-06,0.000118338401610454,7.46504060338426e-07,0.000751841289093793,1.32352786143999e-07,0.000133285977001633,-2.26934811404898e-06,0.00084653317420307
17045.737961959,-2.95138149599076e-06,0.000117523760893307,7.36260812106934e-07,0.000746662700450557,1.3053652744114e-07,0.000132367932477361,-2.23819683665454e-06,0.000840702899073995
17163.9526845917,-2.91087070230684e-06,0.000116714722686948,7.26158060192022e-07,0.000741519786312453,1.28745184988576e-07,0.000131456211963053,-2.20747316093536e-06,0.000834912776753128
17282.9872438709,-2.87091591018706e-06,0.000115911248573627,7.16193879120494e-07,0.000736412300819986,1.26978417192534e-07,0.000130550771880563,-2.17717121766739e-06,0.000829162530744631
17402.8473254854,-2.83150949003571e-06,0.000115113300396728,7.06366369764469e-07,0.000731339999810187,1.25235887136425e-07,0.00012965156895234,-2.14728521817885e-06,0.000823451886455936
17523.5386545551,-2.7926439169141e-06,0.000114320840259041,6.96673658982043e-07,0.000726302640804847,1.23517262516962e-07,0.000128758560199347,-2.1178094532449e-06,0.000817780571184651
17645.0669959044,-2.75431176910609e-06,0.000113533830521043,6.87113899262899e-07,0.000721299982998864,1.21822215581147e-07,0.000127871702939002,-2.08873829199755e-06,0.000812148314105576
17767.4381543379,-2.71650572670306e-06,0.000112752233799196,6.77685268378646e-07,0.000716331787248644,1.20150423064123e-07,0.000126990954783123,-2.06006618085033e-06,0.000806554846257776
17890.6579749169,-2.67921857020844e-06,0.000111976012964244,6.68385969037957e-07,0.000711397816060611,1.1850156612786e-07,0.000126116273635889,-2.03178764243796e-06,0.00080099990053178
18014.7323432395,-2.64244317916117e-06,0.000111205131139535,6.59214228546333e-07,0.000706497833579764,1.16875330300679e-07,0.000125247617691823,-2.00389727457035e-06,0.000795483211656837
18139.667185721,-2.60617253077817e-06,0.000110439551699338,6.50168298470532e-07,0.00070163160557835,1.15271405417602e-07,0.000124384945433783,-1.97638974920112e-06,0.00079000451618828
18265.4684698776,-2.5703996986152e-06,0.000109679238267184,6.41246454307484e-07,0.000696798899444587,1.13689485561506e-07,0.000123528215630964,-1.94925981141009e-06,0.00078456355249496
18392.1422046107,-2.53511785124627e-06,0.000108924154714204,6.32446995157767e-07,0.000691999484171485,1.12129269005082e-07,0.000122677387336922,-1.92250227839992e-06,0.000779160060746785
18519.6944404947,-2.50032025096094e-06,0.00010817426515749,6.23768243403454e-07,0.00068723313034573,1.10590458153581e-07,0.000121832419887605,-1.89611203850632e-06,0.00077379378290232
18648.1312700654,-2.46600025247961e-06,0.000107429533958456,6.15208544390368e-07,0.000682499610136665,1.09072759488342e-07,0.000120993272899401,-1.87008405022204e-06,0.000768464462696503
18777.4588281112,-2.43215130168623e-06,0.000106689925721215,6.06766266114628e-07,0.000677798697285322,1.07575883511084e-07,0.000120159906267199,-1.84441334123403e-06,0.000763171845628413
18907.6832919665,-2.39876693437856e-06,0.000105955405290962,5.98439798913457e-07,0.000673130167093556,1.06099544688959e-07,0.000119332280162466,-1.81909500747401e-06,0.000757915678949145
19038.810881806,-2.36584077503537e-06,0.000105225937752373,5.90227555160203e-07,0.000668493796413243,1.04643461400351e-07,0.000118510355031328,-1.79412421218196e-06,0.00075269571164976
19170.8478609426,-2.33336653560061e-06,0.000104501488428004,5.82127968963452e-07,0.000663889363635548,1.03207355881413e-07,0.000117694091592678,-1.76949618498239e-06,0.000747511694449314
19303.8005361258,-2.30133801428425e-06,0.000103782022876711,5.74139495870297e-07,0.00065931664868028,1.01790954173337e-07,0.000116883450836288,-1.7452062209735e-06,0.000742363379782979
19437.6752578439,-2.26974909437943e-06,0.000103067506892073,5.66260612573566e-07,0.000654775432985315,1.00393986070329e-07,0.000116078394020936,-1.72124967982857e-06,0.00073725052179023
19572.4784206263,-2.23859374309593e-06,0.000102357906500824,5.58489816623085e-07,0.000650265499496091,9.90161850683057e-08,0.000115278882672545,-1.69762198490989e-06,0.000732172876303137
19708.2164633496,-2.20786601040956e-06,0.000101653187961301,5.50825626140816e-07,0.000645786632655182,9.76572883142823e-08,0.00011448487858234,-1.67431862239471e-06,0.000727130200834706
19844.8958695448,-2.17756002792731e-06,0.000100953317761895,5.43266579539908e-07,0.00064133861839194,9.63170365564525e-08,0.000113696343805012,-1.65133514041327e-06,0.000722122254567331
19982.5231677076,-2.14767000776803e-06,0.000100258262619515,5.35811235247525e-07,0.00063692124411221,9.49951740949452e-08,0.000112913240656899,-1.62866714819859e-06,0.0007171487983413
20121.1049316092,-2.11819024145848e-06,9.95679894780617e-05,5.28458171431479e-07,0.00063253429868812,9.36914487332569e-08,0.000112135531714174,-1.60631031524798e-06,0.000712209594643401
20260.6477806113,-2.08911509884447e-06,9.88824655069101e-05,5.21205985730543e-07,0.000628177572447935,9.24056117303396e-08,0.000111363179811053,-1.58426037049597e-06,0.000707304407595586
20401.1583799816,-2.06043902701693e-06,9.82016580994016e-05,5.14053294988467e-07,0.000623850857165997,9.11374177533475e-08,0.000110596148038011,-1.56251310149871e-06,0.000702433002943734
20542.6434412127,-2.03215654925266e-06,9.75255348713444e-05,5.06998734991568e-07,0.000619553946052709,8.98866248310214e-08,0.00010983439974001,-1.54106435362943e-06,0.000697595148046467
20685.1097223421,-2.00426226396963e-06,9.68540636595262e-05,5.00040960209936e-07,0.00061528663374462,8.86529943077153e-08,0.000109077898514742,-1.51991002928506e-06,0.00069279061186407
20828.5640282755,-1.97675084369657e-06,9.61872125202332e-05,4.93178643542111e-07,0.000611048716294553,8.74362907980418e-08,0.000108326608210881,-1.49904608710358e-06,0.000688019164947457
20973.0132111114,-1.94961703405668e-06,9.55249497277809e-05,4.86410476063278e-07,0.000606839991161819,8.62362821421426e-08,0.000107580492926352,-1.47846854119231e-06,0.000683280579427245
21118.464170469,-1.92285565276524e-06,9.4867243773052e-05,4.79735166776845e-07,0.000602660257202486,8.50527393615634e-08,0.000106839517006606,-1.45817346036658e-06,0.000678574629002872
21264.923853817,-1.89646158864103e-06,9.42140633620457e-05,4.73151442369442e-07,0.000598509314659731,8.38854366157339e-08,0.00010610364504291,-1.43815696739903e-06,0.000673901088931815
21412.3992568061,-1.87042980063113e-06,9.35653774144337e-05,4.66658046969216e-07,0.00059438696515424,8.27341511590388e-08,0.000105372841870651,-1.41841523827902e-06,0.000669259736018863
21560.8974236026,-1.84475531684931e-06,9.29211550621283e-05,4.60253741907447e-07,0.000590293011674698,8.15986632984758e-08,0.000104647072567649,-1.39894450148243e-06,0.000664650348605479
21710.4254472254,-1.81943323362737e-06,9.22813656478566e-05,4.53937305483376e-07,0.000586227258568319,8.04787563518886e-08,0.000103926302452479,-1.37974103725122e-06,0.00066007270655922
21860.9904698845,-1.79445871457967e-06,9.16459787237464e-05,4.47707532732275e-07,0.00058218951153147,7.93742166067735e-08,0.000103210497082814,-1.36080117688311e-06,0.000655526591263247
22012.599683322,-1.76982698968027e-06,9.10149640499183e-05,4.41563235196627e-07,0.000578179577600329,7.82848332796422e-08,0.000102499622253769,-1.34212130203082e-06,0.000651011785605887
22165.260329156,-1.74553335435297e-06,9.03882915930901e-05,4.35503240700466e-07,0.000574197265141642,7.72103984759451e-08,0.000101793643996261,-1.32369784401109e-06,0.000646528073970287
22318.9796992262,-1.72157316857353e-06,8.97659315251868e-05,4.29526393126754e-07,0.000570242383843516,7.61507071505356e-08,0.000101092528575385,-1.30552728312301e-06,0.000642075242224121
22473.7651359423,-1.6979418559845e-06,8.9147854221962e-05,4.23631552197816e-07,0.000566314744706291,7.5105557068678e-08,0.000100396242488789,-1.28760614797586e-06,0.000637653077709382
22629.6240326348,-1.67463490302186e-06,8.8534030261626e-05,4.17817593258741e-07,0.000562414160033472,7.40747487675839e-08,9.97047524650764e-05,-1.26993101482607e-06,0.000633261369232233
22786.5638339077,-1.65164785805392e-06,8.79244304234851e-05,4.12083407063767e-07,0.000558540443422722,7.30580855184776e-08,9.90180254622044e-05,-1.25249850692329e-06,0.000628899907052937
22944.592035995,-1.62897633053181e-06,8.73190256865867e-05,4.06427899565528e-07,0.000554693409756921,7.20553732891733e-08,9.83360286659036e-05,-1.2353052938655e-06,0.000624568482875849
23103.7161871177,-1.60661599015172e-06,8.67177872283763e-05,4.00849991707226e-07,0.000550872875195287,7.10664207071699e-08,9.76587294881049e-05,-1.21834809096288e-06,0.000620266889839482
23263.9438878451,-1.58456256602859e-06,8.61206864233598e-05,3.95348619217588e-07,0.000547078657164552,7.00910390232429e-08,9.6986095565376e-05,-1.20162365861047e-06,0.000615994922506633
23425.2827914574,-1.5628118458811e-06,8.55276948417773e-05,3.89922732408653e-07,0.000543310574350214,6.91290420755383e-08,9.63180947573722e-05,-1.1851288016694e-06,0.000611752376854593
23587.7406043117,-1.54135967522788e-06,8.49387842482833e-05,3.84571295976282e-07,0.000539568446687829,6.8180246254153e-08,9.56546951452943e-05,-1.16886036885664e-06,0.0006075390502654
23751.3250862094,-1.52020195659471e-06,8.43539266006369e-05,3.79293288803425e-07,0.000535852095354385,6.72444704662016e-08,9.49958650303609e-05,-1.15281525214312e-06,0.000603354741516188
23916.0440507678,-1.49933464873257e-06,8.37730940483992e-05,3.74087703766026e-07,0.000532161342759722,6.63215361013572e-08,9.43415729322873e-05,-1.13699038616005e-06,0.000599199250769572
24081.9053657923,-1.47875376584643e-06,8.31962589316403e-05,3.68953547541617e-07,0.000528496012538015,6.54112669978656e-08,9.36917875877788e-05,-1.12138274761349e-06,0.000595072379564127
24248.9169536531,-1.45845537683461e-06,8.26233937796532e-05,3.63889840420484e-07,0.000524855929539315,6.45134894090207e-08,9.30464779490313e-05,-1.10598935470688e-06,0.00059097393080491
24417.0867916629,-1.43843560453855e-06,8.2054471309678e-05,3.58895616119436e-07,0.00052124091982116,6.3628031970101e-08,9.24056131822449e-05,-1.0908072665715e-06,0.000586903708754065
24586.4229124585,-1.41869062500284e-06,8.14894644256317e-05,3.53969921598097e-07,0.00051765081064022,6.27547256657531e-08,9.17691626661453e-05,-1.07583358270475e-06,0.000582861519021473
24756.933404384,-1.39921666674552e-06,8.09283462168492e-05,3.49111816877709e-07,0.000514085430444029,6.18934037978259e-08,9.11370959905181e-05,-1.06106544241618e-06,0.000578847168555492
24928.6264118777,-1.38001001003817e-06,8.03710899568297e-05,3.44320374862407e-07,0.000510544608862752,6.1043901953639e-08,9.05093829547502e-05,-1.04650002428103e-06,0.000574860465633729
25101.5101358603,-1.36106698619605e-06,7.98176691019936e-05,3.3959468116293e-07,0.000507028176701021,6.02060579746893e-08,8.98859935663851e-05,-1.0321345456014e-06,0.000570901219853911
25275.5928341276,-1.3423839768779e-06,7.9268057290445e-05,3.34933833922733e-07,0.00050353596592982,5.93797119257805e-08,8.92668980396841e-05,-1.01796626187464e-06,0.000566969242124781
25450.882821744,-1.32395741339534e-06,7.87222283407452e-05,3.30336943646484e-07,0.000500067809678437,5.85647060645786e-08,8.86520667942011e-05,-1.00399246626924e-06,0.000563064344657094
25627.3884714405,-1.30578377603172e-06,7.8180156250691e-05,3.2580313303088e-07,0.000496623542226461,5.77608848115789e-08,8.80414704533642e-05,-9.902104891077e-07,0.00055918634095464
25805.1182140139,-1.28785959337034e-06,7.76418151961039e-05,3.21331536797799e-07,0.000493202998995839,5.69680947204884e-08,8.74350798430703e-05,-9.76617697356689e-07,0.000555335045805359
25984.08053873,-1.27018144163189e-06,7.71071795296245e-05,3.16921301529697e-07,0.00048980601654299,5.61861844490074e-08,8.6832865990286e-05,-9.63211494124052e-07,0.000551510275272493
26164.2839937291,-1.2527459440209e-06,7.65762237795167e-05,3.12571585507277e-07,0.000486432432550968,5.54150047300149e-08,8.62348001216611e-05,-9.49989318162799e-07,0.000547711846685814
26345.7371864336,-1.23554977008126e-06,7.60489226484796e-05,3.08281558549367e-07,0.000483082085821691,5.46544083431459e-08,8.56408536621504e-05,-9.36948643381894e-07,0.00054393957863291
26528.4487839603,-1.21858963506045e-06,7.55252510124651e-05,3.04050401854968e-07,0.000479754816268205,5.39042500867555e-08,8.50509982336445e-05,-9.24086978363715e-07,0.000540193290950519
26712.4275135331,-1.20186229928261e-06,7.50051839195064e-05,2.99877307847486e-07,0.000476450464907024,5.31643867502703e-08,8.44652056536119e-05,-9.11401865888192e-07,0.000536472804715945
26897.6821629011,-1.18536456753011e-06,7.4488696588551e-05,2.95761480021061e-07,0.000473168873850502,5.2434677086913e-08,8.38834479337482e-05,-8.98890882463419e-07,0.000532777942238504
27084.2215807571,-1.16909328843364e-06,7.39757644083041e-05,2.91702132789017e-07,0.000469909886299277,5.17149817868034e-08,8.3305697278637e-05,-8.86551637862766e-07,0.000529108527051062
27272.0546771616,-1.15304535387066e-06,7.34663629360769e-05,2.87698491334369e-07,0.000466673346534749,5.10051634504247e-08,8.27319260844177e-05,-8.74381774668281e-07,0.000525464383901596
27461.1904239671,-1.13721769837213e-06,7.29604678966453e-05,2.83749791462375e-07,0.000463459099911629,5.03050865624549e-08,8.21621069374649e-05,-8.62378967820419e-07,0.000521845338744848
27651.6378552475,-1.12160729853725e-06,7.24580551811134e-05,2.79855279455096e-07,0.000460266992850519,4.96146174659528e-08,8.15962126130749e-05,-8.50540924173891e-07,0.000518251218734003
27843.4060677294,-1.10621117245643e-06,7.19591008457866e-05,2.76014211927956e-07,0.000457096872830567,4.89336243369005e-08,8.1034216074163e-05,-8.38865382059666e-07,0.000514681852212454
28036.5042212264,-1.09102637914194e-06,7.146358111105e-05,2.72225855688243e-07,0.000453948588382147,4.82619771590907e-08,8.0476090469968e-05,-8.27350110852925e-07,0.000511137068705599
28230.9415390768,-1.0760500179666e-06,7.09714723602568e-05,2.68489487595558e-07,0.000450821989079617,4.75995476993599e-08,7.99218091347677e-05,-8.15992910547004e-07,0.000507616698912714
28426.7273085842,-1.06127922810992e-06,7.04827511386212e-05,2.64804394424155e-07,0.000447716925534101,4.69462094831581e-08,7.93713455866016e-05,-8.04791611333125e-07,0.000504120574698868
28623.8708814609,-1.04671118801207e-06,6.99973941521208e-05,2.61169872727182e-07,0.000444633249386342,4.63018377704552e-08,7.88246735260036e-05,-7.93744073185949e-07,0.0005006485290869
28822.3816742749,-1.03234311483519e-06,6.95153782664047e-05,2.57585228702752e-07,0.00044157081329959,4.56663095319736e-08,7.8281766834742e-05,-7.82848185454764e-07,0.000497200396249449
29022.2691688993,-1.01817226393213e-06,6.90366805057103e-05,2.54049778061866e-07,0.00043852947095255,4.5039503425749e-08,7.77425995745709e-05,-7.72101866460337e-07,0.000493776011501044
29223.5429129655,-1.00419592832244e-06,6.85612780517851e-05,2.50562845898124e-07,0.000435509077032371,4.44212997740095e-08,7.72071459859867e-05,-7.61503063097244e-07,0.000490375211290236
29426.2125203191,-9.90411438175639e-07,6.80891482428184e-05,2.47123766559231e-07,0.000432509487227688,4.38115805403726e-08,7.66753804869966e-05,-7.51049750441711e-07,0.000486997833191802
29630.2876714792,-9.7681616030147e-07,6.76202685723771e-05,2.43731883520237e-07,0.000429530558221709,4.3210229307352e-08,7.61472776718927e-05,-7.40739931364786e-07,0.000483643715898984
29835.7781141006,-9.63407497647197e-07,6.71546166883511e-05,2.40386549258543e-07,0.000426572147685355,4.26171312541753e-08,7.56228123100374e-05,-7.30571636150863e-07,0.000480312699215796
30042.6936634399,-9.50182888801765e-07,6.66921703919037e-05,2.37087125130575e-07,0.000423634114270441,4.20321731349012e-08,7.51019593446542e-05,-7.20542922121408e-07,0.000477004624049375
30251.0442028234,-9.37139807506807e-07,6.62329076364304e-05,2.33832981250178e-07,0.00042071631760291,4.14552432568399e-08,7.458469389163e-05,-7.10651873263875e-07,0.00047371933240239
30460.8396841202,-9.24275762174298e-07,6.57768065265234e-05,2.30623496368648e-07,0.000417818618276108,4.08862314592654e-08,7.40709912383228e-05,-7.0089659986569e-07,0.000470456667365497
30672.0901282168,-9.1158829541088e-07,6.53238453169441e-05,2.27458057756425e-07,0.000414940877844114,4.03250290924218e-08,7.35608268423799e-05,-6.91275238153284e-07,0.000467216473109854
30884.8056254963,-8.99074983548658e-07,6.48740024116011e-05,2.24336061086378e-07,0.000412082958815105,3.97715289968144e-08,7.30541763305626e-05,-6.81785949936051e-07,0.00046399859487968
31098.9963363199,-8.86733436182486e-07,6.44272563625368e-05,2.21256910318713e-07,0.000409244724644779,3.9225625482787e-08,7.25510154975807e-05,-6.72426922255225e-07,0.000460802878984871
31314.6724915125,-8.74561295713537e-07,6.3983585868918e-05,2.1822001758743e-07,0.000406426039729813,3.86872143103751e-08,7.20513203049327e-05,-6.63196367037541e-07,0.000457629172793661
31531.8443928511,-8.62556236899199e-07,6.35429697760367e-05,2.15224803088351e-07,0.000403626769401375,3.81561926694383e-08,7.15550668797572e-05,-6.54092520753682e-07,0.000454477324725339
31750.5224135575,-8.50715966409078e-07,6.31053870743136e-05,2.12270694968665e-07,0.000400846779918671,3.76324591600617e-08,7.10622315136889e-05,-6.45113644081382e-07,0.000451347184243014
31970.7169987928,-8.39038222387156e-07,6.26708168983123e-05,2.09357129217995e-07,0.000398085938462548,3.71159137732281e-08,7.05727906617255e-05,-6.36258021573189e-07,0.000448238601846427
32192.4386661572,-8.27520774019888e-07,6.22392385257562e-05,2.06483549560943e-07,0.000395344113129134,3.66064578717521e-08,7.00867209410995e-05,-6.27523961328741e-07,0.000445151429064815
32415.6980061919,-8.16161421110286e-07,6.18106313765552e-05,2.03649407351118e-07,0.000392621172923523,3.61039941714774e-08,6.96039991301613e-05,-6.18909794671594e-07,0.000442085518449828
32640.5056828852,-8.04957993657791e-07,6.13849750118363e-05,2.00854161466597e-07,0.000389916987753503,3.56084267227298e-08,6.91246021672658e-05,-6.10413875830429e-07,0.000439040723568486
32866.8724341813,-7.93908351443949e-07,6.09622491329825e-05,1.98097278206833e-07,0.000387231428423336,3.51196608920257e-08,6.86485071496711e-05,-6.0203458162469e-07,0.000436016898996192
33094.8090724944,-7.83010383623735e-07,6.05424335806769e-05,1.95378231190956e-07,0.000384564366627562,3.46376033440285e-08,6.81756913324412e-05,-5.93770311154481e-07,0.000433013900309786
33324.3264852235,-7.72262008322518e-07,6.01255083339541e-05,1.92696501257482e-07,0.00038191567494487,3.41621620237553e-08,6.77061321273585e-05,-5.85619485494772e-07,0.000430031584080658
33555.4356352742,-7.61661172238513e-07,5.97114535092566e-05,1.90051576365376e-07,0.000379285226831989,3.36932461390238e-08,6.72398071018426e-05,-5.77580547393755e-07,0.000427069807867894
33788.1475615808,-7.51205850250733e-07,5.93002493594997e-05,1.87442951496488e-07,0.000376672896617642,3.32307661431425e-08,6.67766939778779e-05,-5.69651960975377e-07,0.00042412843021148
34022.4733796346,-7.40894045032268e-07,5.88918762731398e-05,1.84870128559301e-07,0.000374078559496519,3.2774633717835e-08,6.63167706309465e-05,-5.61832211445927e-07,0.000421207310625549
34258.4242820144,-7.30723786668919e-07,5.84863147732515e-05,1.8233261629402e-07,0.000371502091523316,3.23247617564008e-08,6.58600150889711e-05,-5.54119804804675e-07,0.000418306309591676
34496.0115389212,-7.20693132283015e-07,5.8083545516609e-05,1.7982993017894e-07,0.000368943369606794,3.18810643471046e-08,6.54064055312626e-05,-5.46513267558456e-07,0.000415425288552212
34735.2464987164,-7.10800165662436e-07,5.76835492927751e-05,1.77361592338105e-07,0.000366402271503894,3.14434567567943e-08,6.49559202874774e-05,-5.39011146440201e-07,0.000412564109903679
34976.1405884643,-7.01042996894678e-07,5.72863070231949e-05,1.74927131450226e-07,0.000363878675813882,3.1011855414742e-08,6.45085378365798e-05,-5.31612008131296e-07,0.000409722636990189
35218.7053144771,-6.91419762005987e-07,5.68917997602968e-05,1.72526082658851e-07,0.000361372461972548,3.05861778967084e-08,6.40642368058131e-05,-5.24314438987793e-07,0.000406900734096933
35462.9522628655,-6.81928622605394e-07,5.65000086865984e-05,1.70157987483756e-07,0.000358883510246426,3.01663429092225e-08,6.36229959696765e-05,-5.17117044770331e-07,0.000404098266443692
35708.8931000911,-6.72567765533678e-07,5.61109151138196e-05,1.67822393733558e-07,0.000356411701727072,2.97522702740796e-08,6.31847942489112e-05,-5.10018450377817e-07,0.000401315100178409
35956.5395735246,-6.63335402517103e-07,5.57245004820002e-05,1.65518855419511e-07,0.000353956918325372,2.93438809130489e-08,6.27496107094901e-05,-5.03017299584704e-07,0.000398551102370794
36205.9035120061,-6.54229769825945e-07,5.5340746358625e-05,1.63246932670501e-07,0.000351519042765891,2.89410968327928e-08,6.23174245616183e-05,-4.96112254781933e-07,0.000395806141005984
36456.9968264106,-6.45249127937666e-07,5.49596344377531e-05,1.61006191649181e-07,0.000349097958581263,2.85438411099908e-08,6.18882151587376e-05,-4.89301996721381e-07,0.000393080084978233
36709.831510217,-6.36391761204733e-07,5.45811465391544e-05,1.58796204469273e-07,0.000346693550106615,2.81520378766682e-08,6.14619619965391e-05,-4.82585224263848e-07,0.000390372804084659
36964.4196400802,-6.27655977526995e-07,5.42052646074515e-05,1.56616549113994e-07,0.00034430570247404,2.77656123057264e-08,6.10386447119831e-05,-4.75960654130494e-07,0.000387684169019027
37220.7733764093,-6.19040108028529e-07,5.38319707112665e-05,1.54466809355595e-07,0.00034193430160709,2.7384490596669e-08,6.06182430823242e-05,-4.69427020657677e-07,0.000385014051365571
37478.9049639467,-6.10542506738955e-07,5.34612470423751e-05,1.52346574676012e-07,0.000339579234215332,2.70085999615265e-08,6.02007370241449e-05,-4.62983075555179e-07,0.000382362323592873
37738.8267323548,-6.02161550279087e-07,5.30930759148649e-05,1.5025544018859e-07,0.000337240387788916,2.66378686109707e-08,5.97861065923946e-05,-4.56627587667718e-07,0.000379728859047762
38000.5510968034,-5.9389563755093e-07,5.27274397643003e-05,1.48193006560891e-07,0.000334917650593198,2.62722257406224e-08,5.93743319794357e-05,-4.5035934273977e-07,0.000377113531949277
38264.0905585636,-5.85743189431896e-07,5.23643211468924e-05,1.46158879938547e-07,0.000332610911663394,2.59116015175434e-08,5.89653935140965e-05,-4.44177143183584e-07,0.000374516217382656
38529.4577056047,-5.77702648473252e-07,5.20037027386749e-05,1.4415267187017e-07,0.000330320060799273,2.55559270669166e-08,5.85592716607305e-05,-4.38079807850412e-07,0.000371936791293378
38796.6652131954,-5.69772478602667e-07,5.16455673346856e-05,1.42173999233271e-07,0.000328044988559879,2.52051344589064e-08,5.81559470182815e-05,-4.32066171804849e-07,0.000369375130481233
39065.7258445091,-5.61951164830878e-07,5.12898978481528e-05,1.40222484161214e-07,0.000325785586258304,2.48591566957002e-08,5.77554003193568e-05,-4.26135086102302e-07,0.000366831112594448
39336.6524512341,-5.54237212962336e-07,5.09366773096876e-05,1.3829775397115e-07,0.000323541745956483,2.45179276987267e-08,5.73576124293046e-05,-4.20285417569478e-07,0.000364304616123837
39609.4579741865,-5.46629149309873e-07,5.05858888664823e-05,1.36399441092957e-07,0.000321313360460033,2.41813822960503e-08,5.69625643453e-05,-4.14516048587923e-07,0.000361795520397007
39884.1554439296,-5.39125520413236e-07,5.02375157815123e-05,1.34527182999137e-07,0.000319100323313125,2.3849456209937e-08,5.65702371954356e-05,-4.08825876880494e-07,0.000359303705572591
40160.7579813948,-5.31724892761519e-07,4.98915414327456e-05,1.32680622135684e-07,0.000316902528793392,2.35220860445917e-08,5.61806122378193e-05,-4.03213815300795e-07,0.000356829052634531
40439.2787985098,-5.24425852519372e-07,4.9547949312356e-05,1.30859405853888e-07,0.000314719871906871,2.31992092740627e-08,5.57936708596781e-05,-3.97678791625477e-07,0.000354371443386392
40719.7311988284,-5.17227005257001e-07,4.92067230259427e-05,1.29063186343089e-07,0.000312552248382984,2.28807642303128e-08,5.54093945764679e-05,-3.92219748349407e-07,0.000351930760445721
41002.1285781671,-5.10126975683833e-07,4.88678462917539e-05,1.27291620564331e-07,0.000310399554669546,2.25666900914526e-08,5.50277650309896e-05,-3.86835642483638e-07,0.000349506887238439
41286.4844252437,-5.03124407385877e-07,4.85313029399171e-05,1.25544370184946e-07,0.000308261687927816,2.22569268701365e-08,5.46487639925117e-05,-3.81525445356156e-07,0.00034709970799328
41572.812322323,-4.96217962566644e-07,4.81970769116735e-05,1.23821101514013e-07,0.000306138546027577,2.19514154021165e-08,5.42723733558978e-05,-3.76288142415361e-07,0.00034470910773626
41861.1259458642,-4.89406321791669e-07,4.78651522586181e-05,1.22121485438722e-07,0.000304030027542251,2.16500973349535e-08,5.38985751407421e-05,-3.71122733036244e-07,0.000342334972285189
42151.4390671752,-4.8268818373649e-07,4.75355131419446e-05,1.2044519736159e-07,0.000301936031744048,2.13529151168829e-08,5.3527351490508e-05,-3.66028230329228e-07,0.000339977188244217
42443.7655530697,-4.76062264938131e-07,4.72081438316959e-05,1.18791917138555e-07,0.000299856458599151,2.10598119858336e-08,5.3158684671676e-05,-3.61003660951628e-07,0.000337635642998422
42738.1193665299,-4.69527299549951e-07,4.68830287060184e-05,1.17161329017899e-07,0.000297791208762927,2.07707319585958e-08,5.27925570728945e-05,-3.56048064921701e-07,0.000335310224708432
43034.5145673733,-4.63082039099898e-07,4.65601522504239e-05,1.15553121580026e-07,0.00029574018357518,2.04856198201393e-08,5.24289512041386e-05,-3.51160495435252e-07,0.000333000822305086
43332.9653129246,-4.56725252252042e-07,4.62394990570529e-05,1.13966987678053e-07,0.000293703285055432,2.02044211130766e-08,5.20678496958732e-05,-3.46340018684746e-07,0.000330707325484128
43633.4858586911,-4.50455724571416e-07,4.59210538239465e-05,1.12402624379217e-07,0.000291680415898236,1.99270821272714e-08,5.17092352982233e-05,-3.41585713680921e-07,0.000328429624700944
43936.0905590448,-4.44272258292046e-07,4.56048013543202e-05,1.10859732907088e-07,0.000289671479468522,1.96535498895886e-08,5.13530908801482e-05,-3.36896672076827e-07,0.000326167611165329
44240.7938679069,-4.38173672088202e-07,4.52907265558452e-05,1.09338018584572e-07,0.00028767637979698,1.93837721537859e-08,5.09993994286237e-05,-3.32271997994302e-07,0.000323921176836292
44547.6103394389,-4.32158800848753e-07,4.4978814439932e-05,1.07837190777693e-07,0.000285695021575466,1.91176973905428e-08,5.06481440478275e-05,-3.27710807852809e-07,0.000321690214416898
44856.5546287376,-4.26226495454649e-07,4.46690501210214e-05,1.06356962840146e-07,0.000283727310152445,1.88552747776273e-08,5.02993079583325e-05,-3.23212230200649e-07,0.000319474617349147
45167.641492535,-4.20375622559425e-07,4.43614188158779e-05,1.04897052058613e-07,0.000281773151528469,1.85964541901962e-08,4.99528744963038e-05,-3.18775405548454e-07,0.000317274279808882
45480.8857899031,-4.1460506437275e-07,4.40559058428899e-05,1.03457179598824e-07,0.000279832452351676,1.83411861912298e-08,4.96088271127024e-05,-3.14399486205005e-07,0.000315089096700738
45796.3024829641,-4.08913718446914e-07,4.37524966213734e-05,1.02037070452357e-07,0.000277905119913331,1.80894220220964e-08,4.92671493724938e-05,-3.1008363611527e-07,0.000312918963653124
46113.9066376045,-4.03300497466273e-07,4.34511766708808e-05,1.0063645338417e-07,0.000275991062143392,1.78411135932468e-08,4.89278249538629e-05,-3.05827030700691e-07,0.000310763777013239
46433.713424195,-3.97764329039555e-07,4.31519316105142e-05,9.92550608808514e-08,0.000274090187606104,1.75962134750362e-08,4.85908376474327e-05,-3.01628856701643e-07,0.000308623433842121
46755.7381183149,-3.92304155495049e-07,4.2854747158244e-05,9.78926290995762e-08,0.000272202405495633,1.73546748886721e-08,4.82561713554905e-05,-2.97488312022071e-07,0.000306497831909735
47079.9961014825,-3.86918933678567e-07,4.2559609130231e-05,9.65488978177645e-08,0.000270327625631717,1.71164516972858e-08,4.79238100912173e-05,-2.93404605576245e-07,0.000304386869690088
47406.5028618884,-3.81607634754214e-07,4.22665034401543e-05,9.52236103834303e-08,0.000268465758455361,1.6881498397127e-08,4.75937379779245e-05,-2.89376957137637e-07,0.000302290446356386
47735.2739951367,-3.76369244007861e-07,4.19754160985426e-05,9.39165136662079e-08,0.000266616715024552,1.66497701088783e-08,4.72659392482942e-05,-2.85404597189848e-07,0.000300208461776211
48066.3252049891,-3.71202760653345e-07,4.16863332121111e-05,9.26273580090526e-08,0.000264780407010004,1.64212225690895e-08,4.6940398243626e-05,-2.81486766779607e-07,0.000298140816506748
48399.6723041153,-3.66107197641294e-07,4.13992409831021e-05,9.13558971805997e-08,0.000262956746690939,1.61958121217286e-08,4.66170994130878e-05,-2.77622717371765e-07,0.000296087411790033
48735.331214848,-3.61081581470609e-07,4.11141257086306e-05,9.01018883281815e-08,0.00026114564695089,1.597349570985e-08,4.62960273129735e-05,-2.73811710706298e-07,0.000294048149548237
49073.317969944,-3.56124952002506e-07,4.08309737800338e-05,8.88650919314812e-08,0.000259347021273536,1.57542308673745e-08,4.59771666059635e-05,-2.70053018657255e-07,0.000292022932378982
49413.6487133493,-3.51236362277132e-07,4.05497716822258e-05,8.764527175683e-08,0.00025756078373857,1.55379757109848e-08,4.56605020603927e-05,-2.66345923093663e-07,0.000290011663550694
49756.3397009709,-3.46414878332677e-07,4.02705059930556e-05,8.64421948121225e-08,0.000255786849017583,1.53246889321297e-08,4.53460185495212e-05,-2.62689715742317e-07,0.000288014246997977
50101.4073014524,-3.41659579026984e-07,3.99931633826706e-05,8.5255631302357e-08,0.000254025132369993,1.51143297891402e-08,4.50337010508127e-05,-2.59083698052479e-07,0.000286030587317033
50448.8679969571,-3.36969555861596e-07,3.97177306128838e-05,8.40853545857803e-08,0.000252275549638988,1.4906858099451e-08,4.47235346452151e-05,-2.55527181062406e-07,0.0002840605897611
50798.7383839539,-3.32343912808229e-07,3.94441945365449e-05,8.29311411306364e-08,0.000250538017247506,1.47022342319316e-08,4.44155045164481e-05,-2.52019485267742e-07,0.000282104160235931
51151.0351740109,-3.27781766137613e-07,3.9172542096917e-05,8.17927704725057e-08,0.000248812452194236,1.45004190993198e-08,4.41095959502947e-05,-2.48559940491683e-07,0.000280161205295302
51505.7751945938,-3.2328224425069e-07,3.89027603270556e-05,8.06700251722313e-08,0.000247098772049654,1.43013741507613e-08,4.38057943338981e-05,-2.45147885756951e-07,0.000278231632136546
51862.9753898685,-3.18844487512129e-07,3.86348363491941e-05,7.95626907744216e-08,0.000245396894952079,1.41050613644497e-08,4.35040851550631e-05,-2.41782669159516e-07,0.000276315348596123
52222.6528215118,-3.14467648086121e-07,3.83687573741314e-05,7.8470555766518e-08,0.000243706739603762,1.39114432403687e-08,4.32044540015624e-05,-2.38463647744041e-07,0.000274412263145221
52584.8246695256,-3.10150889774432e-07,3.81045107006251e-05,7.73934115384311e-08,0.000242028225266997,1.37204827931331e-08,4.29068865604479e-05,-2.35190187381055e-07,0.000272522284885383
52949.5082330576,-3.05893387856672e-07,3.78420837147875e-05,7.63310523427212e-08,0.000240361271760264,1.35321435449285e-08,4.26113686173663e-05,-2.31961662645796e-07,0.000270645323544163
53316.7209312277,-3.01694328932764e-07,3.75814638894878e-05,7.5283275255333e-08,0.000238705799454396,1.33463895185473e-08,4.23178860558804e-05,-2.28777456698732e-07,0.000268781289470825
53686.4803039601,-2.97552910767569e-07,3.73226387837554e-05,7.42498801368625e-08,0.000237061729268768,1.31631852305202e-08,4.20264248567931e-05,-2.25636961167704e-07,0.000266930093632051
54058.8040128205,-2.93468342137646e-07,3.70655960421906e-05,7.32306695943584e-08,0.000235428982667524,1.29824956843427e-08,4.17369710974788e-05,-2.22539576031706e-07,0.000265091647607697
54433.709841861,-2.8943984268011e-07,3.6810323394376e-05,7.22254489436446e-08,0.000233807481655815,1.28042863637934e-08,4.1449510951217e-05,-2.1948470950624e-07,0.000263265863586564
54811.215698468,-2.85466642743578e-07,3.65568086542949e-05,7.12340261721628e-08,0.000232197148776079,1.26285232263445e-08,4.11640306865319e-05,-2.16471777930268e-07,0.000261452654362211
55191.3396142186,-2.81547983241135e-07,3.63050397197512e-05,7.02562119023192e-08,0.00023059790710433,1.24551726966629e-08,4.08805166665358e-05,-2.13500205654693e-07,0.000259651933328788
55574.0997457415,-2.77683115505352e-07,3.60550045717953e-05,6.92918193553397e-08,0.000229009680246487,1.22842016601994e-08,4.05989553482777e-05,-2.10569424932387e-07,0.0002578636144769
55959.5143755845,-2.73871301145256e-07,3.58066912741519e-05,6.83406643156155e-08,0.000227432392334719,1.21155774568675e-08,4.03193332820955e-05,-2.07678875809718e-07,0.000256087612389496
56347.6019130871,-2.70111811905299e-07,3.55600879726536e-05,6.74025650955413e-08,0.000225865968023823,1.19492678748068e-08,4.00416371109741e-05,-2.04828006019574e-07,0.000254323842237798
56738.380895261,-2.66403929526232e-07,3.53151828946771e-05,6.64773425008325e-08,0.000224310332487616,1.17852411442339e-08,3.9765853569906e-05,-2.02016270875849e-07,0.000252572219777244
57131.8699876742,-2.62746945607911e-07,3.50719643485836e-05,6.55648197963212e-08,0.000222765411415363,1.16234659313765e-08,3.94919694852581e-05,-1.99243133169383e-07,0.000250832661343466
57528.0879853436,-2.59140161473969e-07,3.48304207231631e-05,6.4664822672217e-08,0.000221231131008225,1.14639113324905e-08,3.92199717741415e-05,-1.96508063065323e-07,0.000249105083848295
57927.053813632,-2.55582888038359e-07,3.45905404870825e-05,6.37771792108356e-08,0.000219707417975729,1.13065468679605e-08,3.8949847443787e-05,-1.93810538001901e-07,0.000247389404775794
58328.7865291527,-2.52074445673716e-07,3.43523121883373e-05,6.29017198537777e-08,0.000218194199532266,1.11513424764794e-08,3.86815835909233e-05,-1.91150042590596e-07,0.000245685542178316
58733.3053206791,-2.4861416408154e-07,3.41157244537073e-05,6.2038277369564e-08,0.000216691403393615,1.09982685093092e-08,3.84151674011611e-05,-1.8852606851767e-07,0.000243993414672591
59140.6295100621,-2.4520138216414e-07,3.38807659882154e-05,6.11866868217081e-08,0.000215198957773483,1.084729572462e-08,3.81505861483801e-05,-1.85938114447048e-07,0.00024231294143584
59550.7785531519,-2.41835447898361e-07,3.3647425574591e-05,6.03467855372328e-08,0.000213716791380077,1.06983952819069e-08,3.78878271941213e-05,-1.83385685924546e-07,0.000240644042201915
59963.7720407286,-2.38515718211018e-07,3.34156920727363e-05,5.95184130756125e-08,0.000212244833412696,1.05515387364827e-08,3.76268779869826e-05,-1.80868295283393e-07,0.000238986637257464
60379.6296994364,-2.35241558856065e-07,3.31855544191967e-05,5.87014111981471e-08,0.000210783013558349,1.04066980340472e-08,3.73677260620194e-05,-1.78385461551074e-07,0.000237340647438129
60798.3713927276,-2.32012344293424e-07,3.29570016266344e-05,5.78956238377504e-08,0.000209331261988388,1.02638455053301e-08,3.71103590401484e-05,-1.75936710357424e-07,0.00023570599412476
61220.0171218097,-2.28827457569501e-07,3.27300227833061e-05,5.71008970691578e-08,0.00020788950935518,1.01229538608084e-08,3.68547646275564e-05,-1.73521573844014e-07,0.000234082599239663
61644.5870266023,-2.2568629019932e-07,3.25046070525438e-05,5.63170790795387e-08,0.000206457686788784,9.98399618549491e-09,3.66009306151128e-05,-1.71139590574752e-07,0.000232470385242871
62072.1013866976,-2.22588242050297e-07,3.22807436722393e-05,5.5544020139514e-08,0.000205035725893664,9.84694593379927e-09,3.63488448777859e-05,-1.68790305447731e-07,0.000230869275128443
62502.5806223305,-2.19532721227585e-07,3.20584219543324e-05,5.47815725745697e-08,0.00020362355874542,9.71177692445912e-09,3.60984953740636e-05,-1.66473269608281e-07,0.00022927919242078
62936.0452953524,-2.16519143961014e-07,3.18376312843025e-05,5.40295907368645e-08,0.000202221117887541,9.57846333554086e-09,3.58498701453782e-05,-1.64188040363211e-07,0.000227700061170981
63372.5161102152,-2.1354693449357e-07,3.16183611206632e-05,5.32879309774215e-08,0.000200828336328178,9.4469796995088e-09,3.56029573155343e-05,-1.6193418109623e-07,0.000226131805953212
63812.0139149584,-2.10615524971408e-07,3.14006009944611e-05,5.25564516187034e-08,0.00019944514753695,9.3173008983623e-09,3.53577450901422e-05,-1.59711261184535e-07,0.000224574351861102
64254.5597022062,-2.07724355335374e-07,3.11843405087777e-05,5.1835012927562e-08,0.000198071485441756,9.18940215883907e-09,3.51142217560532e-05,-1.57518855916533e-07,0.000223027624504169
64700.1746101695,-2.04872873214018e-07,3.09695693382346e-05,5.11234770885614e-08,0.000196707284425622,9.063259047685e-09,3.4872375680801e-05,-1.55356546410704e-07,0.000221491550004266
65148.8799236562,-2.02060533818071e-07,3.0756277228502e-05,5.04217081776624e-08,0.000195352479323566,8.93884746698807e-09,3.46321953120448e-05,-1.53223919535566e-07,0.000219966054992052
65600.697075087,-1.99286799836379e-07,3.05444539958111e-05,4.97295721362737e-08,0.000194007005419479,8.816143649577e-09,3.43936691770182e-05,-1.51120567830749e-07,0.000218451066603491
66055.6476455202,-1.96551141333249e-07,3.03340895264689e-05,4.90469367456534e-08,0.000192670798443035,8.69512415448237e-09,3.41567858819799e-05,-1.49046089429147e-07,0.000216946512476366
66513.7533656814,-1.93853035647224e-07,3.01251737763776e-05,4.83736716016663e-08,0.000191343794566624,8.57576586246062e-09,3.39215341116704e-05,-1.47000087980139e-07,0.000215452320746832
66975.0361170023,-1.91191967291231e-07,2.99176967705556e-05,4.77096480898834e-08,0.000190025930402292,8.45804597157891e-09,3.36879026287705e-05,-1.44982172573865e-07,0.000213968420045976
67439.5179326655,-1.88567427854109e-07,2.97116486026638e-05,4.7054739361026e-08,0.000188717142998719,8.34194199286096e-09,3.34558802733647e-05,-1.4299195766654e-07,0.000212494739496412
67907.2209986571,-1.85978915903481e-07,2.9507019434533e-05,4.64088203067445e-08,0.000187417369838209,8.2274317459922e-09,3.32254559624076e-05,-1.41029063006796e-07,0.000211031208708897
68378.167654826,-1.8342593688997e-07,2.93037994956965e-05,4.5771767535731e-08,0.000186126548833702,8.11449335508443e-09,3.29966186891947e-05,-1.3909311356303e-07,0.000209577757778968
68852.3803959518,-1.80908003052715e-07,2.91019790829243e-05,4.5143459350158e-08,0.000184844618325806,8.00310524449788e-09,3.27693575228363e-05,-1.37183739451756e-07,0.000208134317283602
69329.8818728181,-1.78424633326201e-07,2.89015485597614e-05,4.45237757224419e-08,0.000183571517079853,7.89324613472119e-09,3.2543661607735e-05,-1.35300575866937e-07,0.000206700818277904
69810.6948932956,-1.75975353248346e-07,2.87024983560692e-05,4.39125982723235e-08,0.000182307184282968,7.78489503830748e-09,3.23195201630672e-05,-1.3344326301028e-07,0.000205277192291812
70294.8424234306,-1.73559694869874e-07,2.85048189675697e-05,4.33098102442645e-08,0.000181051559541171,7.67803125586652e-09,3.20969224822681e-05,-1.31611446022506e-07,0.000203863371326826
70782.3475885425,-1.71177196664912e-07,2.83085009553928e-05,4.27152964851522e-08,0.00017980458287648,7.57263437211146e-09,3.18758579325196e-05,-1.29804774915543e-07,0.000202459287852764
71273.2336743282,-1.68827403442826e-07,2.81135349456273e-05,4.21289434223129e-08,0.000178566194724056,7.4686842519604e-09,3.16563159542427e-05,-1.28022904505663e-07,0.000201064874804533
71767.5241279742,-1.66509866261257e-07,2.79199116288741e-05,4.15506390418231e-08,0.000177336335929348,7.36616103669076e-09,3.14382860605929e-05,-1.26265494347533e-07,0.000199680065578929
72265.2425592773,-1.64224142340364e-07,2.7727621759803e-05,4.09802728671209e-08,0.000176114947745271,7.26504514014683e-09,3.12217578369588e-05,-1.24532208669167e-07,0.000198304794031454
72766.4127417709,-1.6196979497823e-07,2.75366561567127e-05,4.04177359379108e-08,0.000174901971829398,7.16531724499941e-09,3.10067209404647e-05,-1.22822716307784e-07,0.000196938994473159
73271.058613862,-1.5974639346744e-07,2.73470057010933e-05,3.98629207893557e-08,0.000173697350241171,7.06695829905636e-09,3.07931650994765e-05,-1.21136690646525e-07,0.000195582601667503
73779.2042799737,-1.57553513012795e-07,2.7158661337192e-05,3.93157214315575e-08,0.000172501025439131,6.96994951162425e-09,3.05810801131108e-05,-1.19473809552062e-07,0.000194235550827245
74290.8740116972,-1.55390734650164e-07,2.69716140715819e-05,3.87760333293153e-08,0.000171312940278173,6.87427234991948e-09,3.03704558507473e-05,-1.17833755313045e-07,0.00019289777761134
74806.0922489501,-1.53257645166442e-07,2.67858549727336e-05,3.82437533821656e-08,0.000170133038006811,6.77990853552908e-09,3.0161282251545e-05,-1.16216214579407e-07,0.000191569218121873
75324.8836011454,-1.51153837020611e-07,2.66013751705898e-05,3.77187799046918e-08,0.000168961262264466,6.68684004091959e-09,2.99535493239614e-05,-1.14620878302491e-07,0.000190249808901006
75847.2728483651,-1.49078908265886e-07,2.64181658561429e-05,3.72010126071083e-08,0.000167797557078778,6.59504908599432e-09,2.97472471452753e-05,-1.13047441676012e-07,0.000188939486927945
76373.2849425456,-1.47032462472923e-07,2.62362182810152e-05,3.6690352576107e-08,0.000166641866862925,6.5045181346974e-09,2.95423658611121e-05,-1.11495604077811e-07,0.000187638189615934
76902.9450086679,-1.4501410865409e-07,2.60555237570423e-05,3.61867022559697e-08,0.000165494136412972,6.41522989166484e-09,2.93388956849737e-05,-1.09965069012431e-07,0.00018634585480926
77436.2783459591,-1.43023461188767e-07,2.58760736558591e-05,3.56899654299367e-08,0.000164354310905228,6.32716729892112e-09,2.91368268977704e-05,-1.08455544054461e-07,0.000185062420780293
77973.3104290997,-1.41060139749681e-07,2.56978594084889e-05,3.5200047201834e-08,0.000163222335893632,6.24031353262154e-09,2.89361498473567e-05,-1.0696674079267e-07,0.000183787826226528
78514.0669094413,-1.39123769230245e-07,2.55208725049349e-05,3.47168539779497e-08,0.000162098157307148,6.1546519998388e-09,2.873685494807e-05,-1.05498374774903e-07,0.000182522010267666
79058.5736162311,-1.37213979672899e-07,2.53451044937751e-05,3.42402934491614e-08,0.00016098172144718,6.07016633539412e-09,2.85389326802731e-05,-1.04050165453737e-07,0.000181264912442701
79606.8565578463,-1.35330406198433e-07,2.51705469817594e-05,3.37702745733069e-08,0.000159872974985011,5.98684039873148e-09,2.83423735898984e-05,-1.02621836132876e-07,0.000180016472707033
80158.9419230357,-1.33472688936278e-07,2.49971916334097e-05,3.33067075577984e-08,0.000158771864959251,5.90465827083502e-09,2.81471682879973e-05,-1.01213113914291e-07,0.000178776631429604
80714.8560821713,-1.31640472955756e-07,2.48250301706229e-05,3.28495038424737e-08,0.000157678338773306,5.82360425118846e-09,2.79533074502906e-05,-9.98237296460762e-08,0.000177545329390045
81274.6255885071,-1.29833408198274e-07,2.46540543722763e-05,3.2398576082684e-08,0.000156592344192869,5.74366285477658e-09,2.77607818167239e-05,-9.84534178710317e-08,0.00017632250777585
81838.2771794484,-1.28051149410447e-07,2.44842560738357e-05,3.19538381326122e-08,0.000155513829343419,5.66481880912745e-09,2.75695821910244e-05,-9.71019167759398e-08,0.000175108108179568
82405.8377778279,-1.26293356078141e-07,2.43156271669668e-05,3.15152050288222e-08,0.000154442742707746,5.58705705139567e-09,2.73796994402621e-05,-9.57689681415484e-08,0.000173902072596013
82977.3344931927,-1.24559692361416e-07,2.41481595991482e-05,3.10825929740315e-08,0.000153379033123487,5.51036272548513e-09,2.7191124494413e-05,-9.44543172932329e-08,0.000172704343419492
83552.7946230977,-1.22849827030374e-07,2.39818453732883e-05,3.06559193211085e-08,0.000152322649780685,5.43472117921185e-09,2.70038483459262e-05,-9.3157713052342e-08,0.000171514863441054
84132.2456544116,-1.21163433401869e-07,2.38166765473437e-05,3.02351025572874e-08,0.000151273542219355,5.36011796150512e-09,2.6817862049293e-05,-9.18789076882051e-08,0.00017033357584576
84715.7152646274,-1.19500189277107e-07,2.36526452339408e-05,2.98200622886019e-08,0.000150231660327082,5.28653881964761e-09,2.66331567206202e-05,-9.06176568708044e-08,0.000169160424209968
85303.2313231867,-1.17859776880082e-07,2.34897435999999e-05,2.94107192245301e-08,0.000149196954336617,5.21396969655285e-09,2.6449723537205e-05,-8.93737196240913e-08,0.000167995352498638
85894.8218928089,-1.16241882796873e-07,2.3327963866362e-05,2.90069951628524e-08,0.000148169374823508,5.14239672808056e-09,2.62675537371137e-05,-8.81468582799483e-08,0.000166838305062655
86490.5152308334,-1.14646197915766e-07,2.31672983074178e-05,2.86088129747147e-08,0.000147148872703728,5.0718062403883e-09,2.60866386187632e-05,-8.69368384327785e-08,0.000165689226636173
87090.3397905676,-1.13072417368199e-07,2.30077392507398e-05,2.8216096589899e-08,0.000146135399231343,5.00218474731999e-09,2.59069695405053e-05,-8.57434288947233e-08,0.000164548062333976
87694.3242226474,-1.11520240470519e-07,2.2849279076716e-05,2.78287709822941e-08,0.000145128905996172,4.93351894782972e-09,2.57285379202136e-05,-8.45664016514891e-08,0.000163414757648851
88302.4973764047,-1.09989370666538e-07,2.26919102181872e-05,2.74467621555669e-08,0.000144129344921477,4.86579572344148e-09,2.55513352348736e-05,-8.34055318187865e-08,0.000162289258448994
88914.8883012464,-1.08479515470875e-07,2.25356251600862e-05,2.70699971290296e-08,0.000143136668261669,4.79900213574322e-09,2.53753530201754e-05,-8.22605975993613e-08,0.000161171510975416
89531.5262480405,-1.06990386413083e-07,2.23804164390795e-05,2.66984039237012e-08,0.000142150828600025,4.73312542391567e-09,2.52005828701096e-05,-8.11313802406217e-08,0.000160061461839379
90152.440670515,-1.05521698982531e-07,2.22262766432113e-05,2.63319115485599e-08,0.000141171778846421,4.66815300229483e-09,2.50270164365654e-05,-8.00176639928405e-08,0.000158959058019849
90777.661226663,-1.04073172574055e-07,2.20731984115505e-05,2.59704499869848e-08,0.000140199472235082,4.60407245796816e-09,2.48546454289319e-05,-7.89192360679376e-08,0.000157864246860957
91407.217780161,-1.02644530434344e-07,2.19211744338397e-05,2.56139501833825e-08,0.000139233862322351,4.54087154840341e-09,2.46834616137018e-05,-7.7835886598822e-08,0.000156776976069491
92041.1404017939,-1.01235499609074e-07,2.17701974501464e-05,2.52623440299985e-08,0.000138274902984468,4.47853819911037e-09,2.45134568140786e-05,-7.67674085992979e-08,0.000155697193712392
92679.4593708925,-9.98458108907542e-08,2.16202602505173e-05,2.49155643539081e-08,0.000137322548415364,4.41706050133435e-09,2.43446229095851e-05,-7.57135979245159e-08,0.000154624848214279
93322.2051767786,-9.84751987672995e-08,2.14713556746341e-05,2.45735449041878e-08,0.000136376753124476,4.35642670978167e-09,2.41769518356761e-05,-7.46742532319714e-08,0.000153559888354984
93969.4085202226,-9.71234013713028e-08,2.13234766114726e-05,2.42362203392602e-08,0.000135437471934573,4.29662524037595e-09,2.40104355833531e-05,-7.36491759430347e-08,0.000152502263267104
94621.1003149089,-9.57901604300086e-08,2.11766159989631e-05,2.39035262144149e-08,0.000134504659979595,4.23764466804564e-09,2.38450661987813e-05,-7.26381702050124e-08,0.000151451922433572
95277.3116889132,-9.44752212159672e-08,2.10307668236541e-05,2.3575398969499e-08,0.000133578272702512,4.17947372454148e-09,2.36808357829096e-05,-7.16410428537268e-08,0.000150408815685245
95938.0739861886,-9.31783324983725e-08,2.08859221203778e-05,2.32517759167776e-08,0.000132658265853196,4.12210129628427e-09,2.35177364910939e-05,-7.06576033766115e-08,0.000149372893198511
96603.4187680637,-9.18992464950625e-08,2.07420749719177e-05,2.29325952289598e-08,0.000131744595486302,4.0655164222419e-09,2.33557605327214e-05,-6.96876638763109e-08,0.000148344105492902
97273.3778147489,-9.06377188251828e-08,2.05992185086792e-05,2.26177959273901e-08,0.000130837217959174,4.00970829183574e-09,2.31949001708391e-05,-6.87310390347827e-08,0.000147322403428736
97947.983126856,-8.93935084624956e-08,2.04573459083616e-05,2.23073178704009e-08,0.000129936089929758,3.95466624287552e-09,2.30351477217839e-05,-6.77875460778891e-08,0.00014630773820477
98627.2669269249,-8.81663776893348e-08,2.03164503956331e-05,2.20011017418257e-08,0.000129041168354529,3.90037975952282e-09,2.28764955548155e-05,-6.68570047404783e-08,0.000145300061355868
99311.2616609643,-8.69560920511873e-08,2.01765252418075e-05,2.1699089039669e-08,0.000128152410486438,3.84683847028224e-09,2.27189360917518e-05,-6.59392372319413e-08,0.000144299324750684
100000,-8.57624203119035e-08,2.00375637645232e-05,2.14012220649324e-08,0.000127269773872868,3.79403214602038e-09,2.25624618066072e-05,-6.50340682022455e-08,0.000143305480589369
