Frequency_Hz,Y11_Real,Y11_Imag,Y12_Real,Y12_Imag,Y21_Real,Y21_Imag,Y22_Real,Y22_Imag
0.1,0.292980623596648,-0.00187046215459189,0.170191567174463,-0.000330220820417305,0.117559107729036,-0.000330211110895668,-0.3437208416156,-5.59687249647757e-05
0.100693514841637,0.292980692494039,-0.00188345068769321,0.170191704193626,-0.000332519581427117,0.117559232499883,-0.000332509669128879,-0.34372145616867,-5.63268201349866e-05
0.10139183931163,0.29298076231748,-0.00189652964381156,0.170191843106584,-0.000334834464753443,0.117559358994237,-0.000334824345452761,-0.343722079236255,-5.66867708870281e-05
0.102095006765465,0.292980833078945,-0.00190969965720871,0.170191983939324,-0.000337165585953314,0.11755948723572,-0.000337155255336587,-0.343722710935772,-5.7048576999702e-05
0.102803050789954,0.292980904790547,-0.00192296136669261,0.170192126718185,-0.00033951306146274,0.117559617248275,-0.00033950251512681,-0.343723351386241,-5.74122379782584e-05
0.103516005204838,0.292980977464544,-0.00193631541565187,0.170192271469863,-0.000341877008604404,0.117559749056165,-0.000341866242054697,-0.343724000708308,-5.77777530468906e-05
0.104233904064403,0.292981051113336,-0.00194976245209059,0.170192418221414,-0.000344257545595427,0.117559882683982,-0.000344246554244072,-0.343724659024267,-5.81451211410892e-05
0.104956781659108,0.292981125749468,-0.00196330312866354,0.170192567000258,-0.000346654791555243,0.117560018156648,-0.000346643570719152,-0.343725326458077,-5.85143408997138e-05
0.105684672517218,0.292981201385632,-0.00197693810271153,0.170192717834187,-0.000349068866513547,0.117560155499421,-0.000349057411412438,-0.343726003135393,-5.88854106570134e-05
0.106417611406461,0.292981278034668,-0.00199066803629715,0.170192870751367,-0.000351499891418315,0.117560294737899,-0.000351488197172721,-0.343726689183582,-5.9258328434432e-05
0.10715563333568,0.292981355709564,-0.00200449359624087,0.170193025780345,-0.000353947988143963,0.117560435898024,-0.000353936049773182,-0.343727384731748,-5.96330919321771e-05
0.107898773556513,0.292981434423457,-0.00201841545415739,0.170193182950051,-0.000356413279499546,0.117560579006088,-0.000356401091919556,-0.343728089910754,-6.00096985206612e-05
0.108647067565072,0.292981514189637,-0.00203243428649228,0.170193342289806,-0.000358895889237085,0.117560724088734,-0.000358883447258413,-0.343728804853248,-6.03881452317691e-05
0.109400551103639,0.292981595021546,-0.00204655077455908,0.170193503829327,-0.000361395942059974,0.117560871172964,-0.000361383240385525,-0.343729529693685,-6.07684287498474e-05
0.110159260162376,0.292981676932779,-0.00206076560457656,0.170193667598729,-0.00036391356363148,0.117561020286143,-0.00036390059685432,-0.343730264568351,-6.11505454026148e-05
0.11092323098104,0.292981759937087,-0.0020750794677064,0.170193833628532,-0.00036644888058336,0.117561171456003,-0.000366435643184455,-0.343731009615388,-6.15344911517463e-05
0.111692500050717,0.292981844048376,-0.00208949306009122,0.170194001949669,-0.000369002020524545,0.117561324710647,-0.000368988506870453,-0.343731764974817,-6.19202615833557e-05
0.112467104115564,0.29298192928071,-0.00210400708289289,0.170194172593486,-0.00037157311204996,0.117561480078555,-0.000371559316390479,-0.343732530788566,-6.23078518982058e-05
0.113247080174565,0.292982015648312,-0.0021186222423312,0.170194345591753,-0.000374162284749414,0.117561637588589,-0.000374148201215172,-0.343733307200494,-6.26972569017746e-05
0.114032465483296,0.292982103165564,-0.00213333924972291,0.170194520976664,-0.000376769669216624,0.117561797269997,-0.000376755291816635,-0.343734094356414,-6.30884709939585e-05
0.114823297555707,0.292982191847008,-0.00214815882152107,0.170194698780847,-0.000379395397058306,0.117561959152418,-0.000379380719677468,-0.343734892404125,-6.34814881587432e-05
0.115619614165913,0.29298228170735,-0.00216308167935479,0.170194879037365,-0.000382039600903414,0.117562123265887,-0.000382024617299953,-0.34373570149343,-6.38763019535152e-05
0.116421453349997,0.292982372761458,-0.00217810855006929,0.170195061779729,-0.000384702414412456,0.117562289640842,-0.000384687118215327,-0.343736521776172,-6.42729054981805e-05
0.117228853407829,0.292982465024364,-0.00219324016576633,0.170195247041895,-0.000387383972286933,0.117562458308127,-0.000387368356993159,-0.343737353406252,-6.46712914640496e-05
0.118041852904894,0.292982558511267,-0.00220847726384502,0.170195434858275,-0.000390084410278885,0.117562629298996,-0.000390068469250853,-0.343738196539662,-6.50714520624741e-05
0.118860490674132,0.292982653237531,-0.00222382058704301,0.170195625263741,-0.000392803865200559,0.117562802645123,-0.000392787591663249,-0.343739051334512,-6.54733790332318e-05
0.1196848058178,0.292982749218689,-0.00223927088347796,0.170195818293635,-0.000395542474934174,0.117562978378601,-0.000395525861972337,-0.343739917951056,-6.5877063632723e-05
0.120514837709331,0.29298284647044,-0.00225482890668955,0.170196013983766,-0.000398300378441822,0.117563156531952,-0.000398283418997107,-0.34374079655172,-6.62824966217619e-05
0.12135062599522,0.292982945008656,-0.0022704954156817,0.170196212370426,-0.000401077715775469,0.117563337138134,-0.000401060402643483,-0.343741687301135,-6.66896682532878e-05
0.122192210596917,0.292983044849377,-0.00228627117496525,0.17019641349039,-0.000403874628087084,0.117563520230538,-0.000403856953914397,-0.34374259036616,-6.70985682597013e-05
0.123039631712731,0.292983146008817,-0.00230215695460113,0.170196617380924,-0.000406691257638907,0.117563705843003,-0.000406673214919993,-0.343743505915916,-6.75091858398889e-05
0.123892929819754,0.292983248503361,-0.00231815353024369,0.170196824079791,-0.000409527747813803,0.117563894009816,-0.000409509328887923,-0.343744434121813,-6.79215096461086e-05
0.124752145675793,0.292983352349569,-0.00233426168318462,0.170197033625257,-0.000412384243125764,0.117564084765721,-0.000412365440173786,-0.343745375157583,-6.83355277704828e-05
0.125617320321316,0.292983457564175,-0.00235048220039726,0.1701972460561,-0.000415260889230557,0.117564278145923,-0.000415241694271705,-0.343746329199307,-6.87512277312147e-05
0.126488495081411,0.292983564164088,-0.00236681587458118,0.170197461411611,-0.000418157832936443,0.117564474186091,-0.000418138237824999,-0.343747296425448,-6.91685964585576e-05
0.127365711567764,0.292983672166393,-0.00238326350420735,0.170197679731608,-0.000421075222215106,0.117564672922369,-0.000421055218637016,-0.343748277016881,-6.95876202804133e-05
0.128249011680643,0.292983781588355,-0.00239982589356353,0.170197901056434,-0.000424013206212642,0.117564874391381,-0.000423992785682079,-0.343749271156926,-7.00082849076911e-05
0.129138437610901,0.292983892447413,-0.00241650385280034,0.170198125426971,-0.00042697193526073,0.117565078630234,-0.000426951089116569,-0.343750279031381,-7.04305754193266e-05
0.130034031841991,0.292984004761188,-0.00243329819797745,0.170198352884643,-0.000429951560887916,0.117565285676525,-0.000429930280290165,-0.343751300828549,-7.08544762469433e-05
0.130935837151994,0.292984118547478,-0.00245020975111045,0.170198583471424,-0.000432952235831048,0.11756549556835,-0.000432930511757177,-0.343752336739278,-7.12799711592507e-05
0.131843896615665,0.292984233824264,-0.00246723934021807,0.170198817229845,-0.000435974114046857,0.117565708344306,-0.000435951937288066,-0.343753386956988,-7.17070432460741e-05
0.132758253606487,0.292984350609705,-0.00248438779936976,0.170199054203001,-0.000439017350723657,0.117565924043501,-0.000438994711881075,-0.343754451677709,-7.2135674902038e-05
0.133678951798747,0.292984468922144,-0.00250165596873387,0.170199294434556,-0.000442082102293231,0.117566142705558,-0.000442058991774024,-0.343755531100113,-7.25658478099335e-05
0.134606035169616,0.292984588780104,-0.0025190446946261,0.170199537968752,-0.000445168526442806,0.117566364370622,-0.000445144934456224,-0.343756625425549,-7.29975429236973e-05
0.135539548001256,0.292984710202292,-0.00253655482955865,0.170199784850419,-0.00044827678212726,0.117566589079365,-0.000448252698680589,-0.343757734858075,-7.34307404510574e-05
0.136479534882933,0.292984833207597,-0.00255418723228952,0.170200035124977,-0.000451407029581389,0.117566816872998,-0.000451382444475837,-0.343758859604498,-7.38654198357697e-05
0.137426040713143,0.292984957815092,-0.00257194276787261,0.170200288838446,-0.000454559430332415,0.117567047793269,-0.000454534333158899,-0.343759999874407,-7.43015597395626e-05
0.138379110701763,0.292985084044035,-0.00258982230770798,0.170200546037453,-0.000457734147212578,0.117567281882477,-0.000457708527347439,-0.343761155880209,-7.47391380236176e-05
0.139338790372205,0.292985211913866,-0.00260782672959284,0.170200806769241,-0.000460931344371945,0.117567519183475,-0.000460905190972575,-0.343762327837165,-7.51781317296536e-05
0.140305125563594,0.292985341444212,-0.00262595691777286,0.170201071081674,-0.000464151187291349,0.117567759739678,-0.000464124489291722,-0.343763515963429,-7.56185170606993e-05
0.141278162432955,0.292985472654883,-0.00264421376299405,0.170201339023247,-0.000467393842795496,0.117568003595071,-0.000467366588901626,-0.343764720480084,-7.60602693613763e-05
0.14225794745742,0.292985605565873,-0.0026625981625551,0.170201610643092,-0.000470659479066251,0.117568250794211,-0.000470631657751541,-0.343765941611179,-7.65033630978143e-05
0.143244527436446,0.292985740197365,-0.00268111102036025,0.170201885990989,-0.000473948265656089,0.117568501382242,-0.000473919865156602,-0.343767179583769,-7.69477718370916e-05
0.14423794949405,0.292985876569723,-0.00269975324697262,0.170202165117369,-0.000477260373501707,0.117568755404895,-0.000477231381811331,-0.343768434627953,-7.73934682263278e-05
0.145238261081064,0.292986014703497,-0.00271852575966808,0.170202448073325,-0.000480595974937827,0.117569012908499,-0.000480566379803352,-0.343769706976912,-7.78404239712704e-05
0.146245509977397,0.292986154619424,-0.00273742948248972,0.170202734910621,-0.000483955243711181,0.117569273939985,-0.000483925032627274,-0.343770996866952,-7.82886098143788e-05
0.147259744294318,0.292986296338423,-0.0027564653463026,0.170203025681699,-0.000487338354994632,0.117569538546897,-0.000487307515198715,-0.343772304537538,-7.87379955126816e-05
0.148281012476756,0.292986439881599,-0.00277563428884936,0.170203320439687,-0.000490745485401553,0.117569806777398,-0.000490714003868578,-0.343773630231342,-7.91885498148508e-05
0.149309363305612,0.29298658527024,-0.0027949372548061,0.170203619238406,-0.000494176813000334,0.117570078680277,-0.000494144676437443,-0.343774974194277,-7.96402404380399e-05
0.150344845900091,0.292986732525819,-0.00281437519583893,0.170203922132383,-0.000497632517329081,0.117570354304955,-0.000497599712170184,-0.343776336675545,-8.00930340441493e-05
0.151387509720044,0.292986881669992,-0.00283394907066102,0.170204229176853,-0.000501112779410548,0.117570633701496,-0.000501079291810771,-0.343777717927672,-8.05468962155644e-05
0.152437404568337,0.292987032724596,-0.00285365984509027,0.170204540427775,-0.000504617781767229,0.117570916920613,-0.000504583597597257,-0.343779118206558,-8.10017914304739e-05
0.153494580593225,0.292987185711653,-0.00287350849210748,0.170204855941835,-0.00050814770843664,0.117571204013673,-0.000508112813276959,-0.343780537771513,-8.14576830376126e-05
0.154559088290748,0.292987340653364,-0.00289349599191508,0.170205175776456,-0.000511702744986841,0.117571495032711,-0.000511667124121857,-0.343781976885305,-8.1914533230476e-05
0.155630978507143,0.29298749757211,-0.00291362333199646,0.170205499989808,-0.000515283078532132,0.11757179003043,-0.000515246716944164,-0.343783435814202,-8.23723030210395e-05
0.156710302441275,0.292987656490453,-0.00293389150717599,0.170205828640818,-0.000518888897748965,0.117572089060218,-0.000518851780112144,-0.343784914828016,-8.28309522129221e-05
0.15779711164708,0.292987817431132,-0.00295430151967937,0.170206161789176,-0.000522520392892066,0.117572392176147,-0.000522482503566091,-0.34378641420015,-8.32904393739224e-05
0.158891458036027,0.292987980417064,-0.00297485437919484,0.170206499495345,-0.000526177755810768,0.117572699432987,-0.000526139078834547,-0.343787934207641,-8.37507218081381e-05
0.159993393879601,0.29298814547134,-0.00299555110293481,0.170206841820573,-0.000529861179965571,0.117573010886212,-0.000529821699050736,-0.343789475131207,-8.42117555273671e-05
0.161102971811794,0.292988312617227,-0.00301639271569825,0.170207188826898,-0.000533570860444915,0.11757332659201,-0.000533530558969211,-0.343791037255293,-8.46734952219541e-05
0.162220244831628,0.292988481878165,-0.00303738024993357,0.17020754057716,-0.000537306993982175,0.117573646607288,-0.000537265854982722,-0.34379262086812,-8.51358942311059e-05
0.163345266305675,0.292988653277764,-0.00305851474580213,0.170207897135012,-0.000541069778972885,0.117573970989682,-0.000541027785139294,-0.343794226261729,-8.55989045124989e-05
0.164478089970617,0.292988826839803,-0.00307979725124257,0.170208258564925,-0.000544859415492212,0.117574299797569,-0.000544816549159576,-0.343795853732031,-8.60624766113247e-05
0.165618769935804,0.292989002588229,-0.00310122882203545,0.170208624932201,-0.000548676105312619,0.117574633090067,-0.000548632348454368,-0.343797503578856,-8.65265596286802e-05
0.166767360685846,0.292989180547156,-0.00312281052186892,0.170208996302983,-0.00055252005192183,0.117574970927053,-0.000552475386142441,-0.343799176106,-8.69911011892877e-05
0.167923917083208,0.292989360740858,-0.00314454342240464,0.170209372744262,-0.000556391460540966,0.117575313369167,-0.000556345867068531,-0.343800871621276,-8.74560474085871e-05
0.169088494370839,0.292989543193771,-0.00316642860334473,0.170209754323889,-0.000560290538142998,0.117575660477819,-0.00056024399782164,-0.343802590436566,-8.79213428591971e-05
0.170261148174801,0.292989727930489,-0.00318846715249916,0.170210141110586,-0.000564217493471388,0.117576012315201,-0.000564169986753548,-0.343804332867866,-8.83869305365118e-05
0.171441934506935,0.292989914975763,-0.00321066016585387,0.170210533173952,-0.000568172537059018,0.117576368944295,-0.000568124043997572,-0.343806099235343,-8.88527518238293e-05
0.172630909767531,0.292990104354493,-0.00323300874763965,0.170210930584479,-0.000572155881247391,0.117576730428883,-0.000572106381487619,-0.343807889863384,-8.93187464565889e-05
0.173828130748022,0.292990296091733,-0.00325551401040159,0.170211333413557,-0.000576167740206039,0.117577096833552,-0.000576117212977428,-0.343809705080648,-8.97848524860287e-05
0.1750336546337,0.292990490212679,-0.00327817707506931,0.170211741733487,-0.00058020832995224,0.117577468223708,-0.000580156754060156,-0.343811545220121,-9.02510062419024e-05
0.176247539006444,0.292990686742674,-0.00330099907102797,0.170212155617491,-0.000584277868371014,0.117577844665582,-0.000584225222188183,-0.343813410619165,-9.07171422946523e-05
0.177469841847474,0.292990885707197,-0.00332398113618974,0.170212575139721,-0.000588376575235342,0.11757822622624,-0.000588322836693168,-0.343815301619579,-9.1183193416694e-05
0.178700621540116,0.292991087131864,-0.00334712441706633,0.170213000375273,-0.000592504672226712,0.117578612973594,-0.00059244981880644,-0.343817218567645,-9.16490905429543e-05
0.179939936872594,0.292991291042422,-0.00337043006884203,0.170213431400193,-0.000596662382955935,0.117579004976407,-0.000596606391679634,-0.34381916181419,-9.21147627305427e-05
0.181187847040838,0.292991497464747,-0.00339389925544754,0.170213868291493,-0.000600849932984217,0.117579402304307,-0.000600792780405593,-0.343821131714638,-9.25801371177218e-05
0.182444411651309,0.292991706424837,-0.0034175331496346,0.170214311127158,-0.000605067549844579,0.117579805027795,-0.000605009212039598,-0.343823128629067,-9.30451388819614e-05
0.183709690723849,0.292991917948807,-0.00344133293305133,0.170214759986157,-0.000609315463063519,0.117580213218253,-0.00060925591562086,-0.343825152922268,-9.35096911971814e-05
0.184983744694544,0.292992132062888,-0.00346529979631836,0.170215214948455,-0.000613593904182999,0.117580626947955,-0.000613533122194322,-0.343827204963797,-9.39737151901265e-05
0.186266634418617,0.292992348793418,-0.00348943493910576,0.170215676095027,-0.000617903106782748,0.117581046290077,-0.000617841064832768,-0.343829285128038,-9.4437129895826e-05
0.187558421173328,0.292992568166837,-0.00351373957021068,0.170216143507863,-0.000622243306502846,0.117581471318706,-0.000622179978659219,-0.343831393794259,-9.48998522122199e-05
0.188859166660905,0.292992790209685,-0.00353821490763588,0.170216617269984,-0.000626614741066639,0.117581902108849,-0.000626550100869655,-0.343833531346674,-9.53617968538698e-05
0.190168933011491,0.292993014948592,-0.00356286217866902,0.170217097465452,-0.000631017650303983,0.117582338736445,-0.000630951670756047,-0.343835698174496,-9.5822876304677e-05
0.191487782786108,0.292993242410275,-0.00358768261996276,0.170217584179379,-0.00063545227617479,0.117582781278373,-0.000635384929729727,-0.343837894672007,-9.62830007697063e-05
0.192815778979652,0.292993472621527,-0.00361267747761569,0.170218077497944,-0.000639918862792911,0.117583229812462,-0.000639850121345042,-0.343840121238608,-9.67420781260303e-05
0.194152985023894,0.292993705609216,-0.00363784800725407,0.170218577508399,-0.000644417656450373,0.117583684417503,-0.00064434749132339,-0.34384237827889,-9.72000138725754e-05
0.195499464790516,0.292993941400275,-0.0036631954741145,0.170219084299084,-0.000648948905641909,0.117584145173257,-0.000648877287577537,-0.34384466620269,-9.76567110790652e-05
0.196855282594159,0.292994180021696,-0.00368872115312729,0.170219597959436,-0.000653512861089889,0.117584612160466,-0.000653439760236331,-0.343846985425156,-9.8112070333764e-05
0.198220503195496,0.29299442150052,-0.00371442632900085,0.170220118580003,-0.000658109775769558,0.117585085460861,-0.000658035161669718,-0.34384933636681,-9.85659896903524e-05
0.199595191804325,0.292994665863831,-0.00374031229630683,0.170220646252456,-0.000662739904934645,0.117585565157178,-0.000662663746514129,-0.343851719453609,-9.90183646136303e-05
0.200979414082682,0.292994913138748,-0.00376638035956619,0.170221181069599,-0.000667403506143333,0.117586051333161,-0.000667325771698216,-0.343854135117014,-9.94690879242421e-05
0.202373236147981,0.292995163352416,-0.00379263183333624,0.170221723125382,-0.000672100839284588,0.117586544073578,-0.000672021496468954,-0.343856583794053,-9.99180497422564e-05
0.203776724576168,0.292995416531996,-0.00381906804229835,0.170222272514913,-0.00067683216660488,0.117587043464227,-0.000676751182418113,-0.343859065927385,-0.000100365137429517
0.205189946404906,0.292995672704657,-0.00384569032134684,0.170222829334471,-0.000681597752735231,0.117587549591951,-0.00068151509350909,-0.343861581965368,-0.000100810235531157
0.206612969136771,0.292995931897567,-0.00387250001567862,0.170223393681517,-0.000686397864718712,0.117588062544643,-0.000686313496104133,-0.343864132362124,-0.000101253225715574
0.208045860742482,0.292996194137881,-0.00389949848088381,0.170223965654705,-0.000691232772038277,0.117588582411261,-0.000691146658991941,-0.343866717577609,-0.000101693986713544
0.209488689664142,0.29299645945273,-0.00392668708303728,0.170224545353898,-0.000696102746645016,0.117589109281839,-0.000696014853415657,-0.343869338077678,-0.000102132394255966
0.210941524818514,0.292996727869214,-0.00395406719879117,0.170225132880177,-0.000701008062986798,0.117589643247491,-0.000700918353101251,-0.343871994334155,-0.000102568321010424
0.212404435600306,0.292996999414387,-0.0039816402154684,0.170225728335855,-0.000705948998037317,0.11759018440043,-0.000705857434286314,-0.343874686824903,-0.000103001636516505
0.21387749188549,0.292997274115248,-0.00400940753115698,0.170226331824487,-0.000710925831325564,0.117590732833972,-0.000710832375749247,-0.343877416033891,-0.000103432207119905
0.215360764034637,0.292997551998725,-0.00403737055480559,0.170226943450888,-0.000715938844965712,0.117591288642551,-0.000715843458838885,-0.343880182451266,-0.000103859895905077
0.21685432289628,0.292997833091666,-0.00406553070631985,0.17022756332114,-0.000720988323687412,0.117591851921727,-0.000720890967504512,-0.343882986573425,-0.000104284562626754
0.218358239810298,0.292998117420827,-0.00409388941665978,0.170228191542606,-0.000726074554866521,0.117592422768198,-0.000725975188326298,-0.343885828903085,-0.000104706063640145
0.21987258661132,0.292998405012852,-0.00412244812793824,0.170228828223945,-0.000731197828556293,0.117593001279811,-0.000731096410546235,-0.343888709949352,-0.000105124251829528
0.22139743563216,0.292998695894266,-0.00415120829352035,0.170229473475123,-0.000736358437518994,0.11759358755557,-0.000736254926099407,-0.343891630227801,-0.00010553897653573
0.222932859707273,0.292998990091457,-0.00418017137812391,0.170230127407423,-0.000741556677257944,0.117594181695651,-0.000741451029645793,-0.343894590260542,-0.000105950083481993
0.224478932176229,0.292999287630662,-0.00420933885792103,0.170230790133464,-0.000746792846050057,0.11759478380141,-0.00074668501860247,-0.343897590576298,-0.000106357414698624
0.22603572688722,0.292999588537949,-0.00423871222064061,0.170231461767208,-0.000752067244978829,0.117595393975393,-0.0007519571931763,-0.343900631710477,-0.000106760808445953
0.227603318200585,0.292999892839204,-0.00426829296567199,0.170232142423976,-0.00075738017796778,0.117596012321349,-0.000757267856397062,-0.343903714205248,-0.000107160099135958
0.229181780992365,0.293000200560114,-0.00429808260416966,0.17023283222046,-0.000762731951814373,0.11759663894424,-0.000762617314151067,-0.343906838609616,-0.000107555117252328
0.230771190657875,0.293000511726146,-0.00432808265915909,0.170233531274735,-0.000768122876224461,0.117597273950251,-0.000768005875215254,-0.343910005479499,-0.000107945689269001
0.23237162311531,0.293000826362533,-0.00435829466564355,0.170234239706275,-0.00077355326384715,0.117597917446801,-0.000773433851291751,-0.343913215377803,-0.000108331637567072
0.233983154809368,0.293001144494254,-0.00438872017071215,0.170234957635959,-0.000779023430310229,0.117598569542554,-0.000778901557042961,-0.343916468874499,-0.000108712780350233
0.235605862714901,0.293001466146015,-0.00441936073364896,0.170235685186094,-0.000784533694256033,0.117599230347431,-0.00078440931012709,-0.343919766546704,-0.000109088931558553
0.237239824340596,0.293001791342229,-0.00445021792604323,0.170236422480419,-0.000790084377377914,0.117599899972617,-0.000789957431234263,-0.343923108978753,-0.000109459900780429
0.238885117732672,0.293002120106993,-0.0044812933319007,0.170237169644123,-0.000795675804457104,0.117600578530576,-0.000795546244123053,-0.343926496762283,-0.000109825493163178
0.240541821478611,0.293002452464074,-0.00451258854775628,0.170237926803854,-0.000801308303400243,0.117601266135058,-0.000801176075657629,-0.343929930496312,-0.000110185509321702
0.242210014710909,0.293002788436877,-0.00454410518278761,0.170238694087737,-0.000806982205277307,0.117601962901112,-0.000806847255845359,-0.343933410787314,-0.000110539745245393
0.24388977711086,0.293003128048431,-0.00457584485892995,0.170239471625384,-0.000812697844360182,0.117602668945096,-0.000812560117874971,-0.343936938249305,-0.000110887992203511
0.24558118891236,0.293003471321362,-0.0046078092109922,0.170240259547905,-0.000818455558161709,0.117603384384687,-0.00081831499815526,-0.343940513503919,-0.00011123003664848
0.247284330905736,0.293003818277866,-0.00463999988677415,0.170241057987924,-0.000824255687475326,0.11760410933889,-0.000824112236354341,-0.343944137180492,-0.000111565660117587
0.24899928444161,0.29300416893969,-0.00467241854718491,0.170241867079591,-0.000830098576415285,0.117604843928054,-0.000829952175439453,-0.343947809916144,-0.000111894639132672
0.250726131434783,0.293004523328102,-0.0047050668663625,0.170242686958596,-0.000835984572457382,0.117605588273874,-0.000835835161717349,-0.343951532355859,-0.00011221674509794
0.252464954368146,0.293004881463866,-0.00473794653179475,0.170243517762177,-0.000841914026480317,0.117606342499408,-0.000841761544875203,-0.343955305152568,-0.000112531744196079
0.254215836296621,0.293005243367214,-0.00477105924444139,0.170244359629141,-0.000847887292807633,0.117607106729085,-0.000847731678022181,-0.343959128967234,-0.00011283939728203
0.25597886085113,0.293005609057817,-0.00480440671885735,0.170245212699867,-0.000853904729250211,0.117607881088715,-0.000853745917731498,-0.343963004468934,-0.000113139459775244
0.257754112242586,0.293005978554757,-0.00483799068331735,0.170246077116326,-0.00085996669714941,0.117608665705497,-0.000859804624083164,-0.343966932334943,-0.000113431681549446
0.259541675265918,0.293006351876496,-0.00487181287994179,0.170246953022093,-0.000866073561420804,0.117609460708034,-0.000865908160707286,-0.343970913250818,-0.000113715806820701
0.261341635304121,0.293006729040847,-0.00490587506482379,0.170247840562354,-0.000872225690598515,0.117610266226337,-0.000872056894827961,-0.343974947910484,-0.000113991574033301
0.263154078332332,0.293007110064937,-0.00494017900815768,0.170248739883925,-0.000878423456880216,0.117611082391841,-0.00087825119730784,-0.343979037016317,-0.000114258715743422
0.26497909092194,0.293007494965179,-0.00497472649436856,0.17024965113526,-0.000884667236172693,0.117611909337407,-0.00088449144269327,-0.343983181279232,-0.000114516958500815
0.266816760244719,0.293007883757235,-0.00500951932224343,0.170250574466466,-0.000890957408138148,0.117612747197338,-0.000890778009260114,-0.343987381418767,-0.000114766022728141
0.268667174076992,0.293008276455983,-0.00504455930506337,0.170251510029315,-0.000897294356241049,0.117613596107386,-0.000897111279060158,-0.343991638163171,-0.000115005622598238
0.270530420803823,0.293008673075478,-0.00507984827073724,0.170252457977253,-0.000903678467795734,0.117614456204762,-0.000903491637968242,-0.343995952249486,-0.000115235465908983
0.27240658942324,0.293009073628917,-0.00511538806193652,0.170253418465415,-0.000910110134014595,0.117615327628142,-0.000909919475729975,-0.344000324423642,-0.000115455253956002
0.274295769550488,0.2930094781286,-0.00515118053623172,0.170254391650638,-0.000916589750057,0.11761621051768,-0.000916395186010173,-0.344004755440534,-0.000115664681402908
0.276198051422303,0.293009886585888,-0.00518722756622989,0.170255377691469,-0.000923117715078858,0.117617105015015,-0.000922919166441933,-0.344009246064119,-0.000115863436149374
0.278113525901229,0.293010299011166,-0.00522353103971366,0.170256376748179,-0.000929694432282911,0.11761801126328,-0.000929491818676435,-0.344013797067496,-0.000116051199196512
0.280042284479955,0.2930107154138,-0.00526009285978152,0.170257388982776,-0.000936320308969674,0.117618929407109,-0.000936113548433384,-0.344018409232998,-0.000116227644510095
0.281984419285683,0.293011135802091,-0.00529691494498959,0.170258414559011,-0.000942995756589149,0.117619859592648,-0.000942784765552181,-0.34402308335228,-0.000116392438881216
0.283940023084533,0.293011560183233,-0.00533399922949465,0.170259453642397,-0.000949721190793187,0.117620801967559,-0.000949505884043824,-0.344027820226404,-0.000116545241784283
0.285909189285972,0.293011988563267,-0.00537134766319862,0.170260506400212,-0.000956497031488639,0.117621756681033,-0.000956277322143465,-0.344032620665932,-0.00011668570523269
0.287892011947275,0.293012420947032,-0.00540896221189441,0.170261573001516,-0.000963323702891176,0.117622723883794,-0.000963099502363757,-0.344037485491011,-0.000116813473631683
0.289888585778017,0.293012857338118,-0.0054468448574132,0.170262653617159,-0.000970201633579923,0.117623703728106,-0.000969972851548893,-0.344042415531464,-0.000116928183628781
0.291899006144599,0.293013297738818,-0.00548499759777307,0.170263748419792,-0.000977131256552769,0.117624696367783,-0.000976897800929412,-0.344047411626874,-0.000117029463961395
0.293923369074803,0.293013742150071,-0.00552342244732905,0.170264857583876,-0.000984113009282479,0.117625701958194,-0.000983874786177721,-0.344052474626682,-0.000117116935301774
0.295961771262377,0.293014190571414,-0.00556212143692464,0.170265981285695,-0.000991147333773588,0.117626720656269,-0.00099090424746443,-0.344057605390266,-0.000117190210099198
0.298014310071653,0.293014643000926,-0.00560109661404468,0.170267119703363,-0.000998234676620012,0.117627752620509,-0.000997986629515401,-0.344062804787035,-0.000117248892419333
0.300081083542203,0.29301509943517,-0.00564035004296976,0.170268273016834,-0.00100537548906351,0.117628798010987,-0.00100512238166961,-0.34406807369652,-0.000117292577780932
0.302162190393513,0.293015559869141,-0.00567988380493183,0.170269441407914,-0.00101257022705288,0.117629856989357,-0.00101231195793775,-0.344073413008454,-0.000117320852989392
0.304257730029708,0.293016024296199,-0.00571969999827156,0.170270625060267,-0.00101981935130401,0.117630929718859,-0.0010195558170617,-0.344078823622872,-0.000117333295967553
0.306367802544292,0.293016492708017,-0.00575980073859689,0.170271824159426,-0.00102712332736068,0.117632016364324,-0.00102685442257473,-0.344084306450191,-0.00011732947558353
0.308492508724934,0.293016965094508,-0.00580018815894308,0.170273038892798,-0.00103448262565625,0.117633117092178,-0.00103420824286249,-0.344089862411303,-0.000117308951475603
0.31063195005828,0.293017441443772,-0.00584086440993431,0.170274269449678,-0.0010418977215761,0.11763423207045,-0.00104161775122494,-0.344095492437661,-0.000117271273873773
0.312786228734801,0.293017921742021,-0.00588183165994664,0.170275516021252,-0.00104936909552096,0.11763536146877,-0.00104908342593898,-0.344101197471368,-0.000117215983418635
0.314955447653674,0.293018405973516,-0.00592309209527239,0.170276778800608,-0.00105689723297108,0.117636505458377,-0.00105660575032195,-0.344106978465265,-0.000117142610976888
0.317139710427697,0.293018894120497,-0.00596464792028599,0.170278057982738,-0.0010644826245512,0.117637664212124,-0.00106418521279602,-0.344112836383017,-0.000117050677453649
0.319339121388238,0.293019386163107,-0.00600650135761144,0.170279353764553,-0.00107212576609643,0.117638837904475,-0.00107182230695337,-0.344118772199204,-0.000116939693601638
0.321553785590219,0.293019882079325,-0.00604865464829093,0.170280666344883,-0.00107982715871899,0.117640026711513,-0.00107951753162222,-0.344124786899402,-0.000116809159827189
0.323783808817133,0.293020381844886,-0.00609111005195516,0.170281995924484,-0.00108758730887582,0.11764123081094,-0.00108727139093382,-0.344130881480275,-0.000116658565992626
0.326029297586097,0.293020885433203,-0.00613386984699498,0.170283342706047,-0.00109540672843701,0.117642450382079,-0.0010950843943902,-0.344137056949656,-0.000116487391215787
0.328290359152942,0.29302139281529,-0.00617693633073454,0.170284706894202,-0.00110328593475527,0.117643685605873,-0.00110295705693287,-0.344143314326638,-0.000116295103665599
0.330567101517332,0.29302190395968,-0.00622031181960587,0.17028608869552,-0.00111122545073612,0.11764493666489,-0.00111088989901237,-0.344149654641653,-0.000116081160354747
0.332859633427924,0.293022418832339,-0.00626399864932486,0.170287488318522,-0.00111922580490914,0.11764620374332,-0.00111888344665875,-0.344156078936561,-0.00011584500692851
0.335168064387565,0.293022937396581,-0.00630799917506878,0.17028890597368,-0.00112728753150002,0.117647487026976,-0.00112693823155293,-0.344162588264729,-0.000115586077450186
0.337492504658521,0.293023459612979,-0.00635231577165511,0.170290341873421,-0.00113541117050363,0.11764878670329,-0.001135054791099,-0.344169183691121,-0.000115303794182911
0.339833065267741,0.293023985439276,-0.00639695083372192,0.170291796232131,-0.00114359726775786,0.117650102961319,-0.00114323366849738,-0.344175866292371,-0.00011499756736804
0.342189858012163,0.293024514830288,-0.00644190677590954,0.170293269266158,-0.00115184637501862,0.117651435991734,-0.00115147541281897,-0.344182637156872,-0.000114666794999559
0.344562995464054,0.293025047737813,-0.00648718603304383,0.170294761193811,-0.0011601590500356,0.117652785986823,-0.00115978057908018,-0.344189497384854,-0.000114310862595085
0.346952590976386,0.293025584110531,-0.0065327910603207,0.170296272235366,-0.00116853585662902,0.117654153140487,-0.00116814972831896,-0.344196448088461,-0.00011392914296298
0.349358758688252,0.293026123893903,-0.00657872433349201,0.170297802613062,-0.0011769773647674,0.117655537648236,-0.0011765834276717,-0.344203490391835,-0.000113520995965642
0.351781613530314,0.293026667030067,-0.00662498834905306,0.170299352551105,-0.00118548415064623,0.117656939707182,-0.00118508225045113,-0.344210625431189,-0.000113085768279106
0.354221271230298,0.293027213457736,-0.00667158562443131,0.170300922275668,-0.0011940567967676,0.117658359516039,-0.00119364677622518,-0.344217854354885,-0.00011262279314863
0.356677848318515,0.293027763112085,-0.00671851869817638,0.170302512014885,-0.00120269589202085,0.117659797275112,-0.00120227759089674,-0.344225178323509,-0.000112131390140442
0.359151462133436,0.293028315924644,-0.00676579013015166,0.170304121998856,-0.00121140203176416,0.117661253186292,-0.00121097528678451,-0.344232598509948,-0.00011161086488938
0.361642230827288,0.293028871823181,-0.00681340250172701,0.170305752459639,-0.00122017581790718,0.117662727453052,-0.0012197404627047,-0.344240116099458,-0.000111060508842811
0.364150273371703,0.293029430731586,-0.00686135841597298,0.170307403631254,-0.00122901785899454,0.117664220280435,-0.00122857372405377,-0.34424773228974,-0.00011047959900011
0.366675709563398,0.293029992569752,-0.0069096604978562,0.17030907574967,-0.00123792877029049,0.117665731875044,-0.00123747568289213,-0.344255448291008,-0.000109867397648525
0.369218660029898,0.293030557253454,-0.00695831139443613,0.170310769052809,-0.00124690917386444,0.117667262445038,-0.0012464469580289,-0.344263265326056,-0.000109223152094245
0.371779246235299,0.29303112469422,-0.00700731377506312,0.170312483780538,-0.00125595969867756,0.117668812200116,-0.00125548817510753,-0.344271184630329,-0.00010854609439008
0.374357590486067,0.293031694799202,-0.00705667033157762,0.170314220174659,-0.00126508098067033,0.11767038135151,-0.00126459996669257,-0.344279207451984,-0.000107835441058177
0.376953815936883,0.29303226747105,-0.0071063837785107,0.170315978478911,-0.00127427366285121,0.117671970111968,-0.00127378297235731,-0.34428733505196,-0.00010709039280897
0.379568046596523,0.293032842607771,-0.0071564568532858,0.170317758938953,-0.00128353839538618,0.117673578695746,-0.00128303783877248,-0.34429556870403,-0.00010631013425566
0.382200407333782,0.293033420102592,-0.00720689231642166,0.170319561802363,-0.00129287583568941,0.117675207318589,-0.00129236521979601,-0.34430390969487,-0.000105493833624307
0.384851023883439,0.29303399984382,-0.00725769295173634,0.170321387318623,-0.00130228664851494,0.117676856197721,-0.00130176577656373,-0.344312359324115,-0.000104640642459533
0.387520022852263,0.293034581714697,-0.00730886156655241,0.170323235739114,-0.00131177150604932,0.117678525551825,-0.00131124017758103,-0.34432091890441,-0.00010374969532588
0.390207531725059,0.29303516559325,-0.00736040099190341,0.170325107317101,-0.00132133108800535,0.117680215601026,-0.00132078909881573,-0.34432958976147,-0.000102820109504714
0.392913678870758,0.29303575135214,-0.00741231408274108,0.170327002307723,-0.00133096608171677,0.117681926566876,-0.00133041322379172,-0.344338373234128,-0.000101850984686569
0.395638593548549,0.293036338858508,-0.00746460371814398,0.170328920967978,-0.00134067718223411,0.117683658672334,-0.00134011324368385,-0.344347270674385,-0.000100841402658897
0.398382405914052,0.293036927973812,-0.00751727280152688,0.170330863556711,-0.0013504650924214,0.117685412141744,-0.00134988985741367,-0.344356283447458,-9.97904269892519e-05
0.401145247025537,0.293037518553669,-0.00757032426085123,0.170332830334598,-0.00136033052305404,0.117687187200813,-0.00135974377174622,-0.344365412931822,-9.86971027041872e-05
0.403927248850181,0.293038110447686,-0.00762376104883658,0.17033482156413,-0.00137027419291767,0.117688984076593,-0.00136967570138793,-0.344374660519254,-9.75604559629861e-05
0.406728544270374,0.29303870349929,-0.00767758614317293,0.170336837509595,-0.00138029682890802,0.117690802997451,-0.00137968636908545,-0.344384027614871,-9.63794937270251e-05
0.409549267090063,0.293039297545552,-0.0077318025467339,0.170338878437061,-0.00139039916613186,0.117692644193052,-0.00138977650572553,-0.344393515637165,-9.51532034244862e-05
0.412389552041149,0.293039892417014,-0.00778641328779081,0.170340944614354,-0.00140058194800893,0.117694507894323,-0.00139994685043586,-0.344403126018038,-9.38805526100595e-05
0.415249534789915,0.293040487937502,-0.00784142142022742,0.170343036311041,-0.00141084592637494,0.117696394333436,-0.00141019815068702,-0.344412860202831,-9.25604886201498e-05
0.418129351943512,0.293041083923939,-0.00789683002375563,0.170345153798405,-0.00142119186158552,0.11769830374377,-0.00142053116239539,-0.344422719650353,-9.11919382230453e-05
0.421029141056481,0.293041680186161,-0.00795264220413162,0.170347297349421,-0.00143162052262126,0.117700236359887,-0.00143094665002703,-0.344432705832901,-8.97738072645482e-05
0.423949040637325,0.293042276526716,-0.00800886109337287,0.170349467238735,-0.00144213268719376,0.117702192417498,-0.00144144538670263,-0.344442820236284,-8.83049803082764e-05
0.426889190155123,0.293042872740669,-0.00806548984997563,0.170351663742638,-0.00145272914185263,0.117704172153432,-0.00145202815430339,-0.344453064359838,-8.67843202718294e-05
0.429849730046193,0.293043468615395,-0.00812253165913311,0.170353887139033,-0.00146341068209358,0.117706175805598,-0.00146269574357798,-0.344463439716441,-8.52106680571535e-05
0.432830801720801,0.293044063930375,-0.00817998973295383,0.170356137707416,-0.00147417811246744,0.117708203612953,-0.00147344895425039,-0.344473947832519,-8.35828421767298e-05
0.435832547569911,0.293044658456985,-0.00823786731068097,0.170358415728836,-0.00148503224669024,0.117710255815463,-0.00148428859512885,-0.344484590248056,-8.18996383744469e-05
0.438855110971994,0.293045251958272,-0.00829616765891147,0.170360721485872,-0.00149597390775421,0.117712332654064,-0.00149521548421561,-0.344495368516594,-8.01598292415051e-05
0.441898636299867,0.293045844188743,-0.00835489407181593,0.170363055262596,-0.00150700392803979,0.117714434370623,-0.00150623044881785,-0.344506284205229,-7.83621638276721e-05
0.444963268927599,0.29304643489413,-0.00841404987135853,0.170365417344538,-0.00151812314942868,0.117716561207892,-0.00151733432565937,-0.344517338894606,-7.65053672470289e-05
0.448049155237445,0.293047023811164,-0.00847363840751723,0.170367808018652,-0.00152933242341769,0.117718713409471,-0.00152852796099333,-0.344528534178908,-7.45881402792192e-05
0.451156442626847,0.29304761066734,-0.00853366305850412,0.170370227573281,-0.00154063261123372,0.117720891219755,-0.00153981221071595,-0.344539871665839,-7.2609158965245e-05
0.454285279515466,0.293048195180673,-0.00859412723098574,0.170372676298112,-0.00155202458394955,0.117723094883892,-0.00155118794048101,-0.344551352976607,-7.05670741986686e-05
0.457435815352278,0.293048777059458,-0.00865503436030344,0.170375154484138,-0.00156350922260064,0.117725324647733,-0.00156265602581541,-0.344562979745895,-6.84605113114717e-05
0.46060820062271,0.293049356002014,-0.00871638791069369,0.170377662423618,-0.00157508741830279,0.117727580757779,-0.00157421735223549,-0.344574753621832,-6.62880696550155e-05
0.463802586855826,0.293049931696432,-0.00877819137550824,0.170380200410031,-0.00158676007237079,0.117729863461132,-0.00158587281536442,-0.34458667626596,-6.40483221759219e-05
0.467019126631568,0.293050503820314,-0.00884044827743383,0.170382768738028,-0.00159852809643779,0.117732173005439,-0.00159762332105024,-0.344598749353193,-6.17398149868609e-05
0.470257973588042,0.293051072040506,-0.00890316216871202,0.170385367703388,-0.00161039241257579,0.117734509638832,-0.00160946978548492,-0.344610974571767,-5.93610669327171e-05
0.473519282428857,0.29305163601283,-0.00896633663135808,0.170387997602966,-0.00162235395341676,0.117736873609876,-0.00162141313532419,-0.344623353623197,-5.69105691510391e-05
0.476803208930514,0.293052195381804,-0.00902997527737974,0.170390658734643,-0.00163441366227469,0.117739265167505,-0.00163345430780824,-0.344635888222211,-5.43867846281854e-05
0.480109909949849,0.293052749780362,-0.00909408174899539,0.170393351397272,-0.00164657249326857,0.117741684560959,-0.00164559425088316,-0.344648580096692,-5.17881477499621e-05
0.483439543431522,0.293053298829566,-0.00915865971885132,0.170396075890624,-0.00165883141144592,0.117744132039722,-0.00165783392332318,-0.344661430987611,-4.91130638477083e-05
0.486792268415562,0.293053842138317,-0.00922371289023853,0.170398832515329,-0.00167119139290742,0.117746607853452,-0.00167017429485375,-0.344674442648944,-4.63599087389549e-05
0.490168245044966,0.29305437930305,-0.00928924499730841,0.170401621572817,-0.00168365342493197,0.117749112251915,-0.00168261634627527,-0.3446876168476,-4.3527028263643e-05
0.493567634573345,0.293054909907437,-0.00935525980528764,0.170404443365258,-0.0016962185061028,0.117751645484914,-0.00169516106958752,-0.344700955363326,-4.06127378151933e-05
0.496990599372628,0.293055433522072,-0.00942176111069199,0.170407298195498,-0.00170888764643412,0.117754207802215,-0.00170780946811494,-0.344714459988614,-3.76153218664271e-05
0.500437302940819,0.29305594970416,-0.00948875274153881,0.170410186366995,-0.0017216618674984,0.117756799453468,-0.00172056255663239,-0.344728132528602,-3.45330334914629e-05
0.503907909909802,0.293056457997194,-0.00955623855755865,0.170413108183747,-0.00173454220255458,0.117759420688136,-0.00173342136149167,-0.344741974800961,-3.13640938818527e-05
0.50740258605321,0.293056957930626,-0.00962422245040486,0.170416063950227,-0.00174752969667662,0.117762071755409,-0.00174638692074859,-0.34475598863578,-2.81066918585982e-05
0.510921498294339,0.293057449019537,-0.00969270834386242,0.170419053971308,-0.00176062540688288,0.117764752904125,-0.00175946028429074,-0.344770175875446,-2.4758983379225e-05
0.514464814714125,0.2930579307643,-0.00976170019405466,0.170422078552189,-0.00177383040226597,0.117767464382681,-0.00177264251396565,-0.344784538374509,-2.13190910402644e-05
0.518032704559168,0.29305840265023,-0.00983120198964841,0.170425137998319,-0.0017871457641232,0.11777020643895,-0.00178593468370961,-0.344799077999543,-1.77851035751408e-05
0.52162533824982,0.293058864147236,-0.00990121775205731,0.170428232615317,-0.00180057258608753,0.117772979320185,-0.00179933787967693,-0.344813796629001,-1.41550753473135e-05
0.525242887388322,0.293059314709465,-0.00997175153564328,0.170431362708892,-0.00181411197425903,0.117775783272932,-0.00181285320036966,-0.344828696153061,-1.04270258392547e-05
0.528885524767003,0.293059753774938,-0.0100428074279157,0.170434528584757,-0.00182776504733675,0.117778618542931,-0.00182648175676772,-0.344843778473457,-6.59893913680654e-06
0.532553424376533,0.293060180765182,-0.0101143895497283,0.170437730548541,-0.00184153293675108,0.11778148537502,-0.00184022467245951,-0.344859045503313,-2.66876340924982e-06
0.536246761414231,0.293060595084852,-0.0101865020554744,0.170440968905707,-0.00185541678679641,0.117784384013032,-0.00185408308377269,-0.34487449916696,1.36558961481847e-06
0.539965712292437,0.293060996121351,-0.0102591491332784,0.170444243961451,-0.00186941775476423,0.117787314699692,-0.00186805813990547,-0.344890141399743,5.50624517596521e-06
0.543710454646936,0.293061383244443,-0.010332335005186,0.170447556020616,-0.00188353701107643,0.117790277676512,-0.00188215100305799,-0.344905974147828,9.75536601630078e-06
0.547481167345445,0.293061755805859,-0.0104060639273507,0.170450905387588,-0.00189777573941893,0.117793273183679,-0.00189636284856411,-0.344921999367987,1.41151529158556e-05
0.551278030496154,0.293062113138895,-0.010480340190218,0.170454292366204,-0.00191213513687553,0.117796301459948,-0.00191069486502319,-0.344938219027385,1.85878452330507e-05
0.55510122545633,0.293062454558005,-0.0105551681187063,0.170457717259643,-0.0019266164140619,0.11779936274252,-0.00192514825443215,-0.34495463510335,2.31757214486233e-05
0.558950934840979,0.293062779358391,-0.0106305520723844,0.170461180370324,-0.00194122079525974,0.117802457266929,-0.0019397242323176,-0.344971249583136,2.78810997136475e-05
0.56282734253157,0.293063086815579,-0.0107064964456463,0.1704646819998,-0.00195594951855101,0.11780558526692,-0.00195442402786788,-0.344988064463673,3.27063384005372e-05
0.566730633684818,0.293063376184997,-0.0107830056678819,0.170468222448642,-0.00197080383595216,0.117808746974322,-0.00196924888406532,-0.345005081751312,3.76538366580748e-05
0.570660994741526,0.293063646701542,-0.0108600842036444,0.170471802016331,-0.00198578501354842,0.117811942618927,-0.00198420005781823,-0.345022303461551,4.27260349694092e-05
0.574618613435493,0.293063897579139,-0.0109377365528139,0.170475421001141,-0.002000894331628,0.117815172428352,-0.00199927882009293,-0.345039731618763,4.79254157132042e-05
0.578603678802477,0.293064128010297,-0.0110159672507568,0.170479079700014,-0.00201613308481612,0.117818436627911,-0.00201448645604546,-0.345057368255894,5.32545037278259e-05
0.582616381189231,0.293064337165661,-0.0110947808684816,0.170482778408444,-0.00203150258220895,0.117821735440477,-0.00202982426515326,-0.34507521541417,5.8715866878542e-05
0.586656912262587,0.293064524193549,-0.0111741820127899,0.170486517420351,-0.00204700414750725,0.11782506908634,-0.00204529356134637,-0.345093275142781,6.43121166272326e-05
0.590725465018618,0.293064688219489,-0.0112541753264231,0.170490297027948,-0.0020626391191498,0.117828437783068,-0.00206089567313844,-0.345111549498553,7.00459086048349e-05
0.594822233791852,0.29306482834575,-0.0113347654882052,0.170494117521616,-0.00207840885044643,0.117831841745355,-0.00207663194375727,-0.345130040545613,7.59199431857871e-05
0.598947414264556,0.293064943650866,-0.0114159572131796,0.170497979189763,-0.00209431470971066,0.117835281184876,-0.00209250373127488,-0.345148750355037,8.19369660652325e-05
0.603101203476082,0.293065033189147,-0.0114977552527419,0.170501882318691,-0.00211035808039189,0.117838756310131,-0.00210851240873706,-0.345167681004493,8.80997688376683e-05
0.607283799832281,0.293065095990196,-0.0115801643947677,0.170505827192455,-0.00212654036120707,0.117842267326287,-0.00212465936429235,-0.345186834577862,9.44111895777033e-05
0.611495403114975,0.293065131058408,-0.0116631894637341,0.170509814092716,-0.00214286296627173,0.117845814435024,-0.00214094600132032,-0.345206213164853,0.000100874113422342
0.615736214491506,0.293065137372472,-0.0117468353208374,0.170513843298597,-0.0021593273252304,0.117849397834362,-0.00215737373855917,-0.345225818860601,0.000107491473154725
0.620006436524339,0.293065113884858,-0.0118311068641033,0.170517915086529,-0.0021759348833863,0.117853017718502,-0.0021739440102324,-0.345245653765259,0.000114266249788816
0.624306273180741,0.293065059521304,-0.0119160090284929,0.170522029730103,-0.00219268710183015,0.117856674277652,-0.00219065826617481,-0.345265719983564,0.000121201473155461
0.628635929842521,0.293064973180299,-0.012001546786002,0.170526187499907,-0.00220958545756829,0.117860367697852,-0.00220751797195732,-0.345286019624402,0.000128300222488567
0.632995613315842,0.29306485373255,-0.0120877251457544,0.170530388663368,-0.00222663144364962,0.117864098160795,-0.00222452460901094,-0.345306554800353,0.000135565627012293
0.637385531841099,0.293064700020454,-0.0121745491540888,0.17053463348459,-0.00224382656929175,0.117867865843651,-0.00224167967474954,-0.34532732762722,0.000143000866528187
0.641805895102865,0.293064510857555,-0.0122620238946394,0.170538922224186,-0.00226117236000592,0.117871670918874,-0.00225898468269145,-0.345348340223551,0.000150609172002242
0.646256914239905,0.293064285028004,-0.0123501544884097,0.170543255139105,-0.00227867035772077,0.11787551355402,-0.00227644116257982,-0.345369594710139,0.000158393826151848
0.650738801855265,0.293064021286005,-0.0124389460938396,0.170547632482464,-0.00229632212090491,0.11787939391155,-0.00229405066050158,-0.345391093209512,0.000166358164031793
0.655251772026422,0.29306371835526,-0.0125284039068653,0.170552054503365,-0.00231412922468818,0.117883312148635,-0.00231181473900505,-0.345412837845409,0.000174505573619838
0.659796040315516,0.293063374928407,-0.0126185331609721,0.170556521446717,-0.00233209326098134,0.117887268416956,-0.00232973497721589,-0.345434830742232,0.000182839496400508
0.664371823779638,0.293062989666453,-0.0127093391272399,0.170561033553055,-0.00235021583859452,0.117891262862502,-0.00234781297095166,-0.345457074024499,0.00019136342794833
0.668979340981204,0.293062561198203,-0.012800827114381,0.170565591058347,-0.00236849858335384,0.117895295625357,-0.00236605033283438,-0.345479569816264,0.000200080918507983
0.673618811998395,0.293062088119675,-0.0128930024687706,0.170570194193807,-0.00238694313821659,0.117899366839494,-0.00238444869240163,-0.345502320240536,0.00020899557357347
0.678290458435663,0.293061568993527,-0.0129858705744683,0.170574843185698,-0.0024055511633845,0.117903476632559,-0.00240300969621548,-0.34552532741867,0.000218111054464301
0.682994503434323,0.293061002348461,-0.0130794368532332,0.17057953825514,-0.00242432433641523,0.117907625125648,-0.00242173500796967,-0.345548593469754,0.000227431078898832
0.687731171683206,0.29306038667863,-0.0131737067645292,0.170584279617901,-0.00244326435233195,0.117911812433089,-0.00244062630859457,-0.345572120509971,0.000236959421564584
0.692500689429393,0.293059720443045,-0.0132686858055231,0.170589067484199,-0.00246237292373089,0.117916038662214,-0.00245968529636008,-0.345595910651946,0.000246699914685025
0.697303284489026,0.293059002064967,-0.013364379511073,0.170593902058489,-0.00248165178088675,0.117920303913125,-0.00247891368697609,-0.345619966004084,0.000256656448582471
0.70213918625818,0.2930582299313,-0.0134607934537091,0.170598783539257,-0.00250110267185598,0.117924608278464,-0.0024983132136909,-0.345644288669879,0.000266832972236536
0.70700862572383,0.293057402391982,-0.0135579332436046,0.170603712118798,-0.00252072736257763,0.117928951843174,-0.00251788562738676,-0.345668880747219,0.000277233493838153
0.71191183547488,0.293056517759367,-0.0136558045285382,0.170608687983005,-0.00254052763697198,0.117933334684255,-0.0025376326966732,-0.345693744327665,0.000287862081338325
0.716849049713269,0.293055574307604,-0.013754412993847,0.170613711311144,-0.00256050529703657,0.117937756870521,-0.00255755620797748,-0.345718881495718,0.000298722862991596
0.721820504265165,0.293054570272014,-0.0138537643623707,0.170618782275626,-0.00258066216293963,0.117942218462348,-0.00257765796563239,-0.345744294328065,0.000309820027893315
0.726826436592224,0.293053503848462,-0.0139538643943847,0.170623901041784,-0.00260100007311085,0.117946719511422,-0.00259793979196097,-0.345769984892815,0.000321157826510821
0.731867085802933,0.293052373192723,-0.0140547188875256,0.170629067767637,-0.0026215208843295,0.11795126006048,-0.00261840352735857,-0.345795955248708,0.000332740571207912
0.736942692664033,0.293051176419853,-0.0141563336767055,0.170634282603659,-0.00264222647180939,0.117955840143052,-0.0026390510303715,-0.345822207444315,0.000344572636761603
0.742053499612018,0.293049911603544,-0.0142587146340164,0.170639545692535,-0.00266311872928107,0.117960459783196,-0.00265988417777261,-0.345848743517214,0.000356658460871878
0.747199750764715,0.293048576775487,-0.0143618676686253,0.170644857168923,-0.00268419956907095,0.117965118995226,-0.00268090486463364,-0.345875565493155,0.000369002544662836
0.752381691932944,0.293047169924727,-0.0144657987266584,0.17065021715921,-0.00270547092217704,0.117969817783443,-0.00270211500439394,-0.345902675385201,0.000381609453175169
0.757599570632259,0.293045688997017,-0.014570513791075,0.17065562578126,-0.00272693473834159,0.11797455614186,-0.00272351652892587,-0.345930075192858,0.000394483815849792
0.762853636094773,0.293044131894169,-0.0146760188815314,0.170661083144166,-0.00274859298612029,0.117979334053919,-0.00274511138859641,-0.34595776690118,0.000407630327001876
0.768144139281058,0.293042496473403,-0.0147823200542339,0.170666589347994,-0.00277044765294797,0.117984151492212,-0.0027669015523251,-0.34598575247986,0.000421053746284275
0.773471332892138,0.293040780546692,-0.0148894234017809,0.170672144483525,-0.00279250074520063,0.117989008418193,-0.00278888900763804,-0.346014033882308,0.000434758899140977
0.778835471381553,0.293038981880112,-0.0149973350529948,0.170677748631996,-0.00281475428825398,0.117993904781885,-0.00281107576071796,-0.3460426130447,0.000448750677248949
0.784236810967519,0.293037098193183,-0.0151060611727427,0.170683401864835,-0.00283721032653789,0.117998840521593,-0.0028334638364502,-0.34607149188502,0.000463034038948318
0.78967560964516,0.293035127158212,-0.0152156079617458,0.170689104243395,-0.00285987092358725,0.118003815563599,-0.00285605527846443,-0.346100672302081,0.000477614009660593
0.795152127198837,0.293033066399636,-0.0153259816563787,0.170694855818687,-0.00288273816208856,0.11800882982187,-0.00287885214917206,-0.346130156174521,0.000492495682294064
0.800666625214554,0.293030913493362,-0.0154371885284567,0.170700656631101,-0.00290581414392257,0.118013883197747,-0.00290185652979932,-0.346159945359795,0.000507684217635293
0.806219367092452,0.29302866596611,-0.0155492348850124,0.170706506710139,-0.00292910099020269,0.118018975579643,-0.00292507052041562,-0.346190041693138,0.000523184844727825
0.811810618059391,0.293026321294751,-0.0156621270680608,0.170712406074133,-0.002952600841309,0.11802410684273,-0.00294849623995738,-0.346220446986515,0.000539002861235371
0.817440645181619,0.293023876905649,-0.0157758714543536,0.170718354729965,-0.00297631585691801,0.118029276848629,-0.00297213582624702,-0.346251163027554,0.0005551436337905
0.823109717377527,0.293021330174004,-0.0158904744551218,0.170724352672787,-0.00300024821602778,0.118034485445089,-0.00299599143600712,-0.346282191578461,0.000571612598327581
0.828818105430497,0.293018678423191,-0.0160059425158068,0.170730399885731,-0.00302440011697842,0.118039732465672,-0.00302006524486951,-0.346313534374916,0.000588415260399766
0.834566082001833,0.293015918924104,-0.0161222821157808,0.170736496339627,-0.00304877377746805,0.11804501772943,-0.00304435944737931,-0.346345193124957,0.000605557195478779
0.840353921643785,0.293013048894503,-0.0162394997680555,0.170742641992708,-0.00307337143456375,0.118050341040578,-0.00306887625699377,-0.346377169507839,0.000623044049237464
0.846181900812664,0.293010065498353,-0.016357602018979,0.170748836790321,-0.00309819534470778,0.118055702188168,-0.00309361790607569,-0.346409465172885,0.000640881537814497
0.852050297882047,0.293006965845178,-0.0164765954479223,0.170755080664633,-0.00312324778371868,0.118061100945756,-0.00311858664588147,-0.346442081738316,0.000659075448060348
0.857959393156072,0.293003746989409,-0.0165964866669536,0.170761373534334,-0.00314853104678738,0.118066537071076,-0.00314378474654367,-0.346475020790064,0.000677631637764103
0.863909468882829,0.293000405929732,-0.0167172823205021,0.170767715304339,-0.00317404744846812,0.118072010305694,-0.00316921449704781,-0.34650828388057,0.000696556035860246
0.86990080926784,0.292996939608448,-0.0168389890850096,0.170774105865485,-0.003199799322664,0.118077520374681,-0.00319487820520345,-0.346541872527568,0.000715854642615199
0.875933700487633,0.292993344910829,-0.0169616136685721,0.170780545094238,-0.00322578902260739,0.118083066986263,-0.00322077819760954,-0.346575788212853,0.000735533529793025
0.882008430703416,0.292989618664476,-0.0170851628105692,0.170787032852379,-0.00325201892083468,0.118088649831488,-0.00324691681961361,-0.346610032381029,0.000755598840798816
0.888125290074835,0.292985757638687,-0.017209643281283,0.17079356898671,-0.00327849140915564,0.118094268583876,-0.00327329643526507,-0.346644606438248,0.000776056790800173
0.894284570773836,0.292981758543827,-0.0173350618815061,0.170800153328739,-0.00330520889861721,0.118099922899072,-0.00329991942726227,-0.346679511750934,0.000796913666825799
0.900486566998624,0.292977618030693,-0.0174614254421386,0.170806785694379,-0.00333217381946145,0.118105612414503,-0.00332678819689343,-0.346714749644488,0.000818175827840412
0.906731574987708,0.292973332689901,-0.0175887408237745,0.170813465883635,-0.00335938862107798,0.118111336749026,-0.00335390516397106,-0.346750321401984,0.000839849704795559
0.913019893034057,0.292968899051261,-0.0177170149162769,0.170820193680301,-0.00338685577195029,0.118117095502573,-0.00338127276676011,-0.346786228262849,0.000861941800655186
0.919351821499347,0.292964313583165,-0.017846254638344,0.170826968851644,-0.00341457775959651,0.118122888255806,-0.00340889346189956,-0.346822471421533,0.000884458690396744
0.925727662828307,0.292959572691982,-0.0179764669370634,0.170833791148095,-0.00344255709050391,0.118128714569756,-0.00343676972431737,-0.346859052026163,0.000907407020985129
0.932147721563161,0.292954672721455,-0.0181076587874574,0.17084066030294,-0.00347079629005755,0.118134573985473,-0.0034649040471388,-0.346895971177184,0.000930793511320804
0.938612304358183,0.292949609952101,-0.0182398371920169,0.170847576032004,-0.00349929790246281,0.118140466023666,-0.00349329894158804,-0.346933229925995,0.000954624952160421
0.945121719994339,0.292944380600628,-0.0183730091802277,0.170854538033345,-0.00352806449066174,0.118146390184348,-0.00352195693688281,-0.346970829273568,0.000978908206009127
0.951676279394036,0.292938980819344,-0.018507181808085,0.170861545986936,-0.00355709863624331,0.118152345946481,-0.00355088058012235,-0.347008770169058,0.00100365020698545
0.958276295635973,0.292933406695588,-0.0186423621575998,0.170868599554355,-0.00358640293934726,0.118158332767611,-0.00358007243616816,-0.347047053508402,0.00102885796065608
0.964922083970099,0.292927654251152,-0.0187785573362959,0.170875698378474,-0.00361598001856188,0.118164350083517,-0.00360953508751791,-0.347085680132915,0.00105453854384147
0.971613961832666,0.292921719441727,-0.018915774476698,0.170882842083149,-0.0036458325108153,0.118170397307847,-0.00363927113417219,-0.347124650827866,0.00108069910439146
0.978352248861393,0.29291559815634,-0.0190540207358109,0.170890030272903,-0.00367596307126043,0.118176473831761,-0.00366928319349407,-0.347163966321058,0.0011073468609297
0.985137266910738,0.292909286216812,-0.0191933032945908,0.170897262532623,-0.00370637437315367,0.118182579023573,-0.00369957390006158,-0.347203627281392,0.00113448910256722
0.991969340067262,0.292902779377219,-0.0193336293574084,0.170904538427244,-0.00373706910772692,0.11818871222839,-0.00373014590551283,-0.347243634317427,0.0011621331885836
0.998848794665118,0.292896073323356,-0.0194750061515035,0.170911857501447,-0.00376804998405343,0.118194872767755,-0.00376100187838391,-0.347283987975938,0.00119028654807649
1.00577595930163,0.292889163672219,-0.0196174409264335,0.170919219279345,-0.00379931972890704,0.118201059939292,-0.00379214450393948,-0.347324688740459,0.00121895667957744
1.01275116485301,0.292882045971489,-0.019760940953513,0.170926623264181,-0.00383088108661493,0.118207273016346,-0.00382357648399596,-0.347365737029836,0.00124815115063506
1.01977474449012,0.292874715699027,-0.0199055135252483,0.170934068938023,-0.00386273681890399,0.118213511247627,-0.00385530053673734,-0.34740713319676,0.00127787759736375
1.02684703369442,0.292867168262379,-0.0200511659547639,0.170941555761463,-0.00389488970474065,0.118219773856858,-0.00388731939652364,-0.347448877526312,0.00130814372395854
1.033968370274,0.292859398998284,-0.0201979055752236,0.17094908317331,-0.00392734254016422,0.11822606004242,-0.00391963581369197,-0.347490970234495,0.00133895730217501
1.04113909437969,0.292851403172202,-0.020345739739246,0.1709566505903,-0.00396009813811378,0.118232368977,-0.00395225255434993,-0.347533411466772,0.00137032617077357
1.0483595485213,0.292843175977844,-0.0204946758183137,0.17096425740679,-0.00399315932824865,0.118238699807242,-0.00398517240016194,-0.347576201296601,0.00140225823492904
1.05563007758401,0.29283471253671,-0.0206447212021781,0.170971902994473,-0.00402652895676239,0.118245051653398,-0.00401839814812781,-0.347619339723967,0.00143476146560351
1.06295102884484,0.292826007897641,-0.0207958832982597,0.170979586702079,-0.00406020988619031,0.118251423608981,-0.00405193261035404,-0.347662826673927,0.00146784389888271
1.07032275198921,0.292817057036383,-0.0209481695310434,0.170987307855092,-0.00409420499521082,0.118257814740423,-0.00408577861381767,-0.347706661995142,0.00150151363527654
1.07774559912768,0.292807854855154,-0.0211015873414706,0.17099506575546,-0.00412851717844027,0.118264224086734,-0.00411993900012267,-0.347750845458427,0.00153577883898168
1.08521992481272,0.292798396182223,-0.0212561441863274,0.171002859681316,-0.00416314934622149,0.118270650659158,-0.00415441662524904,-0.347795376755298,0.00157064773710747
1.0927460860557,0.292788675771505,-0.0214118475376303,0.171010688886696,-0.00419810442440622,0.118277093440846,-0.0041892143592945,-0.347840255496523,0.00160612861886372
1.1003244423439,0.292778688302156,-0.0215687048820085,0.171018552601265,-0.00423338535413122,0.118283551386514,-0.00422433508620882,-0.347885481210687,0.00164222983471138
1.10795535565772,0.292768428378185,-0.0217267237200854,0.171026450030044,-0.00426899509158838,0.118290023422121,-0.00425978170352099,-0.347931053342758,0.00167895979547439
1.11563919048792,0.292757890528079,-0.0218859115658563,0.171034380353144,-0.00430493660778863,0.118296508444537,-0.00429555712205909,-0.347976971252666,0.00171632697141411
1.12337631385307,0.292747069204424,-0.0220462759460672,0.1710423427255,-0.00434121288832007,0.118303005321225,-0.00433166426566299,-0.34802323421389,0.00175433989126492
1.13116709531708,0.292735958783552,-0.0222078243995909,0.171050336276612,-0.00437782693309999,0.11830951288992,-0.00436810607088997,-0.348069841412054,0.00179300714123148
1.13901190700682,0.292724553565189,-0.022370564476804,0.171058360110292,-0.00441478175612131,0.118316029958313,-0.00440488548671334,-0.348116791943545,0.00183233736394756
1.14691112362992,0.292712847772114,-0.0225345037389632,0.171066413304411,-0.00445208038519315,0.118322555303744,-0.00444200547421394,-0.348164084814129,0.00187233925739624
1.15486512249268,0.292700835549828,-0.0226996497575824,0.171074494910655,-0.00448972586167581,0.118329087672896,-0.00447946900626503,-0.348211718937595,0.0019130215737915
1.16287428351806,0.292688510966236,-0.0228660101138112,0.171082603954282,-0.00452772124021045,0.118335625781489,-0.00451727906721011,-0.348259693134408,0.0019543931184213
1.17093898926384,0.292675868011331,-0.0230335923978142,0.17109073943389,-0.0045660695884431,0.11834216831399,-0.00455543865253424,-0.348308006130381,0.00199646274845211
1.1790596249409,0.292662900596893,-0.0232024042081531,0.171098900321187,-0.00460477398674365,0.118348713923315,-0.00459395076852873,-0.348356656555365,0.00203923937169539
1.18723657843162,0.292649602556197,-0.02337245315117,0.171107085560763,-0.00464383752791957,0.118355261230548,-0.00463281843194929,-0.348405642941958,0.00208273194533506
1.19547024030838,0.292635967643727,-0.0235437468403752,0.171115294069875,-0.00468326331692487,0.118361808824657,-0.00467204466966785,-0.348454963724237,0.00212694947461781
1.20376100385228,0.292621989534897,-0.0237162928958367,0.171123524738233,-0.00472305447056387,0.118368355262221,-0.00471163251831825,-0.348504617236507,0.00217190101150511
1.21210926507183,0.292607661825789,-0.0238900989435745,0.171131776427791,-0.00476321411719062,0.118374899067158,-0.00475158502393566,-0.348554601712075,0.00221759565328741
1.22051542272196,0.292592978032889,-0.0240651726149589,0.171140047972552,-0.00480374539640354,0.11838143873046,-0.00479190524159012,-0.348604915282057,0.00226404254116194
1.22897987832301,0.292577931592835,-0.0242415215461132,0.17114833817837,-0.0048446514587359,0.118387972709942,-0.00483259623501427,-0.348655555974196,0.00231125085877246
1.23750303617991,0.292562515862172,-0.0244191533773219,0.17115664582276,-0.00488593546534193,0.118394499429983,-0.00487366107622541,-0.348706521711715,0.00235922983071357
1.24608530340153,0.292546724117117,-0.0245980757524439,0.171164969654723,-0.00492760058767894,0.118401017281285,-0.00491510284514197,-0.348757810312201,0.00240798872099834
1.25472708992008,0.292530549553324,-0.0247782963183323,0.171173308394569,-0.00496965000718573,0.118407524620633,-0.00495692462919481,-0.348809419486512,0.00245753683149058
1.26342880851072,0.292513985285661,-0.0249598227242601,0.17118166073375,-0.00501208691495717,0.118414019770665,-0.0049991295229331,-0.348861346837721,0.00250788350030171
1.27219087481126,0.29249702434799,-0.0251426626213525,0.171190025334697,-0.00505491451141544,0.118420501019647,-0.00504172062762542,-0.348913589860082,0.00255903810015384
1.28101370734203,0.292479659692956,-0.0253268236620267,0.171198400830674,-0.00509813600597796,0.118426966621254,-0.00508470105085599,-0.348966145938045,0.00261101003670866
1.28989772752585,0.292461884191771,-0.0255123134994394,0.171206785825627,-0.00514175461672233,0.11843341479436,-0.00512807390611617,-0.34901901234529,0.00266380874686276
1.29884335970818,0.292443690634019,-0.025699139786941,0.171215178894047,-0.00518577357004835,0.118439843722834,-0.00517184231239173,-0.349072186243804,0.00271744369701143
1.30785103117738,0.292425071727448,-0.0258873101775396,0.17122357858084,-0.00523019610033757,0.118446251555346,-0.00521600939374572,-0.349125664682997,0.00277192438128002
1.31692117218509,0.292406020097774,-0.0260768323233723,0.171231983401206,-0.00527502544961021,0.11845263640518,-0.00526057827889745,-0.349179444598852,0.00282726031972458
1.32605421596686,0.292386528288492,-0.0262677138751856,0.171240391840522,-0.00532026486718018,0.118458996350047,-0.00530555210079758,-0.349233522813114,0.00288346105650303
1.33525059876274,0.292366588760674,-0.0264599624818253,0.171248802354233,-0.00536591760930798,0.118465329431919,-0.0053509339961997,-0.349287896032526,0.00294053615801668
1.34451075983821,0.29234619389279,-0.0266535857897354,0.17125721336776,-0.00541198693885201,0.118471633656862,-0.00539672710522852,-0.349342560848097,0.00299849521102383
1.3538351415051,0.292325335980506,-0.0268485914424663,0.171265623276398,-0.00545847612491839,0.118477906994877,-0.00544293457094498,-0.34939751373442,0.00305734782072659
1.36322418914273,0.292304007236505,-0.0270449870801939,0.171274030445243,-0.00550538844250961,0.118484147379756,-0.00548955953890835,-0.349452751049034,0.003117103608831
1.37267835121923,0.292282199790292,-0.0272427803392478,0.171282433209112,-0.00555272717217217,0.118490352708936,-0.00553660515673584,-0.349508269031825,0.00317777221158286
1.38219807931287,0.292259905688006,-0.0274419788516496,0.171290829872477,-0.00560049559964363,0.118496520843369,-0.00558407457365966,-0.349564063804482,0.00323936327777968
1.39178382813373,0.292237116892226,-0.0276425902446628,0.171299218709406,-0.00564869701549919,0.118502649607398,-0.00563197094008201,-0.349620131369992,0.00330188646675963
1.40143605554534,0.292213825281778,-0.0278446221403517,0.171307597963516,-0.00569733471479794,0.118508736788643,-0.00568029740712808,-0.349676467612188,0.00336535144636957
1.4111552225866,0.292190022651536,-0.0280480821551518,0.171315965847927,-0.00574641199672957,0.118514780137889,-0.00572905712619749,-0.349733068295344,0.00342976789091309
1.42094179349378,0.292165700712224,-0.0282529778994508,0.171324320545229,-0.00579593216426109,0.118520777368991,-0.00577825324851418,-0.349789929063821,0.00349514547907939
1.43079623572268,0.292140851090206,-0.0284593169771804,0.171332660207461,-0.0058458985237844,0.118526726158782,-0.00582788892467538,-0.349847045441767,0.00356149389185553
1.440719019971,0.292115465327278,-0.028667106985418,0.17134098295609,-0.0058963143847646,0.118532624146991,-0.00587796730419936,-0.349904412832863,0.00362882281042179
1.45071062020079,0.292089534880448,-0.0288763555140005,0.171349286882002,-0.00594718305938981,0.11853846893617,-0.005928491535073,-0.349962026520123,0.00369714191403372
1.46077151366109,0.292063051121715,-0.029087070145148,0.171357570045505,-0.00599850786222199,0.11854425809163,-0.0059794647632986,-0.350019881665754,0.00376646087789051
1.47090218091073,0.292036005337835,-0.0292992584530977,0.171365830476336,-0.00605029210984997,0.118549989141381,-0.00603089013244089,-0.350077973311062,0.00383678937099205
1.48110310584131,0.292008388730084,-0.0295129280037495,0.171374066173675,-0.00610253912054422,0.118555659576085,-0.00608277078317407,-0.350136296376419,0.00390813705398654
1.49137477570027,0.291980192414003,-0.0297280863543209,0.171382275106173,-0.00615525221391394,0.118561266849022,-0.00613510985282939,-0.350194845661279,0.00398051357700938
1.50171768111418,0.291951407419145,-0.0299447410530129,0.171390455211981,-0.00620843471056691,0.118566808376049,-0.00618791047494343,-0.350253615844259,0.00405392857751585
1.5121323161122,0.291922024688801,-0.0301628996386852,0.171398604398793,-0.00626208993177212,0.118572281535584,-0.00624117577880733,-0.350312601483268,0.00412839167810894
1.52261917814963,0.291892035079716,-0.0303825696405418,0.171406720543896,-0.00631622119912541,0.118577683668591,-0.00629490888901741,-0.3503717970157,0.00420391248436403
1.53317876813171,0.291861429361801,-0.0306037585778254,0.171414801494222,-0.00637083183421875,0.118583012078569,-0.00634911292502718,-0.35043119675868,0.00428050058265192
1.54381159043753,0.29183019821782,-0.0308264739595221,0.171422845066417,-0.0064259251583132,0.118588264031559,-0.00640379100070128,-0.350490794909371,0.0043581655379627
1.55451815294413,0.291798332243066,-0.0310507232840734,0.17143084904691,-0.00648150449201564,0.11859343675615,-0.00645894622387136,-0.350550585545338,0.0044369168917312
1.56529896705074,0.291765821945032,-0.0312765140390983,0.171438811191994,-0.00653757315496008,0.118598527443497,-0.00651458169589438,-0.350610562624971,0.00451676415966701
1.57615454770323,0.29173265774305,-0.0315038537011221,0.171446729227914,-0.00659413446549328,0.118603533247349,-0.0065707005112136,-0.350670719987966,0.00459771682959031
1.58708541341869,0.291698829967925,-0.0317327497353137,0.17145460085096,-0.00665119174036519,0.11860845128408,-0.00662730575692215,-0.350731051355867,0.00467978435927491
1.5980920863102,0.291664328861549,-0.0319632095952296,0.171462423727565,-0.00670874829442458,0.118613278632729,-0.00668440051232998,-0.350791550332662,0.00476297617430174
1.60917509211179,0.291629144576493,-0.0321952407225644,0.171470195494423,-0.00676680744031988,0.118618012335051,-0.00674198784853399,-0.350852210405448,0.00484730166592276
1.62033496020352,0.291593267175586,-0.0324288505469079,0.171477913758595,-0.00682537248820576,0.118622649395568,-0.00680007082799197,-0.350913024945145,0.0049327701889397
1.63157222363676,0.291556686631466,-0.032664046485507,0.171485576097634,-0.00688444674545532,0.118627186781635,-0.00685865250410007,-0.350973987207269,0.00501939105959681
1.64288741915971,0.291519392826123,-0.0329008359430328,0.171493180059715,-0.00694403351637867,0.11863162142351,-0.00691773592077478,-0.351035090332775,0.00510717355349213
1.65428108724297,0.291481375550405,-0.0331392263113517,0.17150072316377,-0.00700413610194759,0.118635950214424,-0.00697732411203878,-0.351096327348945,0.0051961269035066
1.6657537721054,0.291442624503515,-0.0333792249692999,0.171508202899623,-0.00706475779952702,0.118640170010672,-0.00703742010161177,-0.351157691170341,0.00528626029775597
1.67730602174008,0.291403129292478,-0.033620839282461,0.171515616728145,-0.00712590190261311,0.118644277631696,-0.0070980269025057,-0.351219174599814,0.00537758287756451
1.68893838794052,0.291362879431588,-0.0338640766029451,0.171522962081398,-0.0071875717005787,0.118648269860182,-0.0071591475166253,-0.351280770329573,0.00547010373546455
1.70065142632699,0.291321864341827,-0.0341089442691691,0.171530236362799,-0.00724977047842553,0.11865214344216,-0.0072207849343735,-0.351342470942304,0.00556383191322268
1.71244569637308,0.291280073350266,-0.0343554496056375,0.171537436947277,-0.00731250151654449,0.118655895087111,-0.00728294213426255,-0.35140426891235,0.00565877639989515
1.72432176143241,0.291237495689429,-0.0346035999227225,0.171544561181444,-0.00737576809048315,0.118659521468081,-0.00734562208253036,-0.351466156606952,0.00575494612991356
1.73628018876552,0.291194120496645,-0.0348534025164429,0.171551606383767,-0.00743957347072152,0.118663019221794,-0.00740882773276304,-0.351528126287526,0.00585234998120454
1.74832154956701,0.29114993681336,-0.0351048646682399,0.171558569844741,-0.00750392092245559,0.118666384948778,-0.00747256202552297,-0.351590170111018,0.00595099677334254
1.7604464189928,0.291104933584432,-0.0353579936447505,0.171565448827073,-0.00756881370538937,0.11866961521349,-0.00753682788798316,-0.351652280131292,0.00605089526573999
1.77265537618758,0.29105909965739,-0.0356127966975755,0.17157224056586,-0.00763425507353523,0.118672706544444,-0.00760162823356792,-0.35171444830058,0.00615205415587614
1.78494900431252,0.291012423781673,-0.0358692810630432,0.171578942268787,-0.00770024827502296,0.118675655434353,-0.00766696596159981,-0.35177666647098,0.00625448207756521
1.79732789057308,0.290964894607828,-0.0361274539619654,0.171585551116304,-0.00776679655191757,0.118678458340259,-0.0077328439569532,-0.351838926396005,0.00635818759926735
1.80979262624709,0.290916500686695,-0.036387322599387,0.171592064261832,-0.00783390314004585,0.118681111683684,-0.0077992650897144,-0.351901219732179,0.00646317922244255
1.82234380671297,0.290867230468545,-0.0366488941643263,0.171598478831949,-0.00790157126883238,0.118683611850769,-0.00786623221484882,-0.351963538040682,0.00656946537995101
1.83498203147818,0.2908170723022,-0.0369121758295053,0.171604791926594,-0.00796980416114417,0.118685955192424,-0.00793374817187455,-0.352025872789038,0.00667705443449973
1.84770790420785,0.290766014434117,-0.0371771747510703,0.171611000619263,-0.00803860503314516,0.118688138024482,-0.00800181578454345,-0.352088215352852,0.00678595467713858
1.86052203275364,0.290714045007444,-0.0374438980682985,0.171617101957214,-0.00810797709415962,0.118690156627846,-0.00807043786052881,-0.352150557017585,0.00689617432580644
1.87342502918271,0.29066115206104,-0.0377123529032926,0.171623092961665,-0.00817792354654547,0.118692007248649,-0.00813961719112048,-0.352212888980379,0.00700772152392973
1.88641750980704,0.290607323528467,-0.0379825463606605,0.171628970628,-0.00824844758557682,0.118693686098408,-0.0082093565509269,-0.35227520235191,0.00712060433907399
1.89950009521279,0.290552547236953,-0.0382544855271789,0.171634731925972,-0.00831955239933651,0.118695189354182,-0.00827965869758455,-0.35233748815829,0.00723483076165118
1.91267341029,0.290496810906316,-0.03852817747144,0.171640373799909,-0.00839124116861805,0.118696513158731,-0.00835052637147447,-0.352399737343001,0.00735040870368239
1.92593808426241,0.29044010214786,-0.0388036292434799,0.17164589316891,-0.00846351706683746,0.118697653620674,-0.00842196229544614,-0.352461940768867,0.00746734599761964
1.93929475071751,0.290382408463242,-0.0390808478743867,0.171651286927058,-0.00853638325995499,0.118698606814648,-0.00849396917454859,-0.352524089220053,0.00758565039522577
1.95274404763682,0.290323717243298,-0.0393598403758886,0.171656551943614,-0.00860984290640648,0.11869936878147,-0.00856654969576869,-0.352586173404105,0.00770532956651515
1.96628661742637,0.290264015766847,-0.0396406137399185,0.171661685063219,-0.00868389915704468,0.118699935528289,-0.00863970652777672,-0.35264818395401,0.00782639109875558
1.97992310694735,0.290203291199452,-0.0399231749381556,0.171666683106096,-0.00875855515509032,0.118700303028752,-0.00871344232067912,-0.352710111430289,0.00794884249553376
1.99365416754703,0.290141530592159,-0.0402075309215419,0.171671542868244,-0.00883381403609312,0.118700467223153,-0.00878775970577834,-0.352771946323118,0.0080726911758835
2.00748045508988,0.290078720880198,-0.0404936886197716,0.171676261121629,-0.00890967892790234,0.118700424018592,-0.00886266129533971,-0.352833679054462,0.00819794447347921
2.0214026299889,0.290014848881652,-0.0407816549407536,0.171680834614381,-0.00898615295064742,0.118700169289125,-0.00893814968236541,-0.352895299980246,0.00832460963589499
2.03542135723711,0.289949901296094,-0.0410714367700438,0.171685260070978,-0.00906323921672803,0.118699698875917,-0.00901422744037507,-0.352956799392529,0.00845269382393027
2.0495373064394,0.289883864703196,-0.0413630409702475,0.171689534192432,-0.0091409408308139,0.118699008587388,-0.0090908971231935,-0.353018167521709,0.00858220411100255
2.06375115184445,0.289816725561304,-0.0416564743803896,0.171693653656467,-0.00921926088985412,0.118698094199358,-0.00916816126474466,-0.353079394538734,0.00871314748260851
2.07806357237695,0.289748470205981,-0.0419517438152508,0.171697615117696,-0.00929820248309596,0.118696951455189,-0.0092460223788525,-0.353140470557331,0.0088455308358536
2.09247525167004,0.289679084848521,-0.0422488560646698,0.171701415207794,-0.00937776869211307,0.118695576065924,-0.00932448295904785,-0.353201385636241,0.00897936097905078
2.10698687809795,0.289608555574431,-0.042547817892809,0.171705050535661,-0.00945796259084283,0.118693963710416,-0.00940354547838176,-0.353262129781469,0.00911464463138895
2.12159914480891,0.289536868341884,-0.0428486360373815,0.171708517687583,-0.00953878724563286,0.118692110035464,-0.00948321238924456,-0.353322692948533,0.00925138842267165
2.1363127497582,0.289464008980146,-0.0431513172088411,0.171711813227386,-0.00962024571529652,0.118690010655933,-0.00956348612319094,-0.35338306504472,0.00938959889312621
2.15112839574156,0.289389963187967,-0.0434558680895296,0.171714933696589,-0.0097023410511772,0.118687661154874,-0.00964436909077066,-0.353443235931345,0.00952928249328314
2.1660467904287,0.289314716531947,-0.0437622953327839,0.171717875614537,-0.00978507629722126,0.11868505708364,-0.00972586368136436,-0.353503195426009,0.00967044558392691
2.18106864639712,0.289238254444878,-0.0440706055619988,0.171720635478544,-0.00986845449005931,0.118682193961993,-0.00980797226302472,-0.353562933304846,0.00981309443611705
2.19619468116618,0.289160562224054,-0.0443808053696455,0.171723209764017,-0.00995247865909608,0.118679067278208,-0.0098906971823226,-0.35362243930478,0.00995723523128089
2.21142561723131,0.289081625029555,-0.0446929013162444,0.171725594924573,-0.010037151826608,0.118675672489168,-0.00997404076419744,-0.353681703125755,0.0101028740613763
2.22676218209858,0.289001427882508,-0.0450068999292896,0.171727787392158,-0.0101224770078487,0.118672005020455,-0.0100580053118124,-0.353740714432975,0.0102500169291256
2.24220510831939,0.288919955663322,-0.0453228077021255,0.171729783577141,-0.0102084572111626,0.118668060266431,-0.0101425931064132,-0.353799462859112,0.0103986697483198
2.25775513352553,0.288837193109896,-0.045640631092773,0.171731579868419,-0.0102950954381047,0.118663833590317,-0.0102278064071912,-0.353857938006515,0.0105488383441932
2.27341300046436,0.288753124815809,-0.0459603765227039,0.171733172633494,-0.0103823946835694,0.118659320324257,-0.010313647451149,-0.353916129449393,0.0107005284538665
2.28917945703428,0.288667735228484,-0.0462820503755626,0.171734558218555,-0.0104703579359238,0.118654515769383,-0.0104001184529704,-0.35397402673598,0.0108537457268608
2.30505525632052,0.288581008647333,-0.0466056589958344,0.171735732948544,-0.0105589881771498,0.118649415195865,-0.0104872216048921,-0.35403161939068,0.0110084957256792
2.32104115663104,0.288492929221876,-0.0469312086874575,0.171736693127211,-0.0106482883829912,0.118644013842958,-0.0105749590765783,-0.354088896916189,0.0111647839264562
2.33713792153279,0.28840348094985,-0.0472587057123786,0.171737435037164,-0.010738261523107,0.118638306919036,-0.0106633330149969,-0.354145848795586,0.011322615719675
2.35334631988814,0.288312647675294,-0.0475881562890509,0.171737954939901,-0.0108289105612309,0.11863228960162,-0.0107523455442982,-0.354202464494398,0.011481996410951
2.36966712589169,0.288220413086613,-0.0479195665908726,0.171738249075842,-0.0109202384553354,0.118625957037399,-0.0108419987656942,-0.354258733462637,0.0116429312218807
2.38610111910714,0.288126760714634,-0.048252942744565,0.171738313664339,-0.0110122481578017,0.118619304342238,-0.0109322947573389,-0.354314645136804,0.0118054252909555
2.40264908450462,0.288031673930644,-0.048588290828489,0.17173814490368,-0.0111049426155942,0.118612326601181,-0.0110232355742093,-0.354370188941851,0.0119694836745389
2.41931181249812,0.287935135944411,-0.0489256168708992,0.171737738971083,-0.0111983247704387,0.118605018868439,-0.0111148232479864,-0.354425354293114,0.0121351113479063
2.43609009898327,0.287837129802196,-0.0492649268481335,0.171737092022675,-0.0112923975590056,0.118597376167377,-0.011207059786936,-0.354480130598203,0.0123023132063464
2.45298474537537,0.287737638384755,-0.0496062266827379,0.171736200193459,-0.0113871639130959,0.118589393490483,-0.0112999471757883,-0.354534507258855,0.0124710940663219
2.46999655864764,0.287636644405326,-0.0499495222415253,0.171735059597273,-0.0114826267598316,0.118581065799331,-0.0113934873756167,-0.354588473672737,0.0126414586666902
2.48712635136979,0.287534130407613,-0.0502948193335663,0.171733666326733,-0.0115787890218474,0.118572388024537,-0.0114876823237151,-0.354642019235211,0.0128134116699802
2.50437494174681,0.287430078763759,-0.0506421237081128,0.171732016453163,-0.011675653617487,0.118563355065698,-0.0115825339334727,-0.354695133341049,0.012986957663727
2.52174315365806,0.287324471672316,-0.0509914410524509,0.171730106026514,-0.0117732234609995,0.118553961791329,-0.0116780440942464,-0.354747805386099,0.0131621011618587
2.53923181669665,0.287217291156207,-0.0513427769896846,0.171727931075271,-0.0118715014627394,0.118544203038784,-0.0117742146712302,-0.354800024768903,0.0133388466061384
2.55684176620901,0.287108519060691,-0.0516961370764472,0.171725487606343,-0.0119704905293666,0.118534073614169,-0.0118710475053212,-0.35485178089226,0.0135171983676566
2.57457384333485,0.286998137051319,-0.0520515268005406,0.171722771604946,-0.0120701935640478,0.118523568292248,-0.0119685444129815,-0.354903063164738,0.0136971607483729
2.59242889504728,0.286886126611898,-0.052408951578502,0.171719779034465,-0.0121706134666594,0.118512681816332,-0.0120667071860957,-0.354953861002131,0.0138787379827073
2.61040777419332,0.286772469042451,-0.0527684167530949,0.171716505836312,-0.0122717531339886,0.118501408898162,-0.0121655375918239,-0.355004163828856,0.014061934239176
2.6285113395346,0.286657145457185,-0.0531299275907265,0.171712947929758,-0.0123736154599362,0.118489744217786,-0.0122650373724483,-0.355053961079293,0.0142467536220731
2.64674045578839,0.286540136782457,-0.0534934892787883,0.171709101211767,-0.0124762033357176,0.118477682423417,-0.0123652082452149,-0.355103242199072,0.0144332001731942
2.6650959936689,0.286421423754755,-0.05385910692292,0.171704961556799,-0.0125795196500627,0.118465218131287,-0.0124660519021686,-0.355151996646284,0.014621277873601
2.68357882992886,0.286300986918681,-0.0542267855441963,0.171700524816615,-0.0126835672894147,0.118452345925491,-0.0125675700099807,-0.355200213892649,0.0148109906454251
2.70218984740145,0.286178806624949,-0.054596530076235,0.171695786820058,-0.0127883491381271,0.118439060357818,-0.0126697642097705,-0.355247883424604,0.0150023423537081
2.72092993504239,0.286054863028389,-0.0549683453622259,0.171690743372824,-0.0128938680786572,0.118425355947577,-0.0127726361169174,-0.355294994744336,0.0151953368082775
2.73979998797246,0.285929136085969,-0.05534223615188,0.171685390257216,-0.0130001269917579,0.118411227181405,-0.0128761873208657,-0.355341537370747,0.0153899777656545
2.75880090752022,0.285801605554831,-0.0557182070982984,0.171679723231892,-0.0131071287566659,0.118396668513078,-0.0129804193849203,-0.355387500840349,0.0155862689309936
2.77793360126509,0.285672250990342,-0.0560962627547603,0.171673738031588,-0.0132148762512859,0.1183816743633,-0.0130853338460332,-0.355432874708102,0.0157842139600508
2.79719898308069,0.285541051744168,-0.0564764075714281,0.171667430366834,-0.013323372352371,0.118366239119492,-0.0131909322145795,-0.355477648548168,0.0159838164611782
2.81659797317847,0.285407986962365,-0.0568586458919721,0.171660795923656,-0.0134326199356983,0.118350357135567,-0.0132972159741244,-0.355521811954609,0.0161850799973435
2.83613149815172,0.285273035583493,-0.0572429819501102,0.171653830363263,-0.0135426218762398,0.118334022731696,-0.0134041865811776,-0.355565354542009,0.0163880080881725
2.85580049101974,0.285136176336758,-0.0576294198660656,0.171646529321718,-0.0136533810483273,0.118317230194073,-0.0135118454649386,-0.355608265946029,0.0165926042120109
2.87560589127251,0.284997387740174,-0.0580179636429403,0.171638888409598,-0.0137649003258122,0.11829997377466,-0.013620194027028,-0.355650535823886,0.0167988718080057
2.89554864491548,0.28485664809876,-0.0584086171630037,0.171630903211639,-0.0138771825822183,0.118282247690932,-0.0137292336412082,-0.355692153854767,0.0170068142782014
2.91562970451479,0.284713935502764,-0.0588013841838968,0.17162256928637,-0.0139902306908881,0.118264046125614,-0.0138389656530908,-0.355733109740165,0.0172164349896516
2.93585002924278,0.284569227825918,-0.0591962683347511,0.171613882165727,-0.014104047525122,0.118245363226405,-0.0139493913798306,-0.355773393204146,0.0174277372765407
2.95621058492378,0.284422502723728,-0.0595932731122219,0.171604837354662,-0.0142186359583103,0.118226193105703,-0.0140605121098065,-0.355812993993542,0.0176407244423168
2.97671234408028,0.284273737631807,-0.0599924018764354,0.171595430330733,-0.0143339988640562,0.118206529840314,-0.014172329102288,-0.355851901878075,0.017855399761832
2.99735628597932,0.284122909764232,-0.0603936578468499,0.17158565654368,-0.0144501391162912,0.118186367471162,-0.0142848435870869,-0.3558901066504,0.0180717664834859
3.01814339667932,0.283969996111956,-0.0607970440980299,0.171575511414996,-0.0145670595893816,0.11816570000299,-0.0143980567641948,-0.355927598126084,0.0182898278313757
3.03907466907719,0.283814973441253,-0.0612025635553341,0.171564990337472,-0.0146847631582254,0.118144521404054,-0.0145119698034042,-0.355964366143509,0.0185095870074448
3.06015110295567,0.283657818292216,-0.0616102189905156,0.171554088674741,-0.0148032526983397,0.118122825605813,-0.0146265838439151,-0.356000400563693,0.0187310471936313
3.08137370503119,0.283498506977287,-0.0620200130172356,0.171542801760804,-0.0149225310859384,0.118100606502613,-0.0147418999939235,-0.356035691270056,0.0189542115540136
3.10274348900188,0.283337015579857,-0.0624319480864893,0.171531124899547,-0.0150426011979987,0.118077857951372,-0.0148579193301954,-0.356070228168096,0.0191790832369501
3.12426147559604,0.283173319952897,-0.0628460264819441,0.171519053364237,-0.0151634659123176,0.118054573771247,-0.0149746428976219,-0.356104001185003,0.019405665377212
3.14592869262085,0.283007395717655,-0.0632622503151911,0.17150658239702,-0.0152851281075567,0.118030747743315,-0.015092071708758,-0.356137000269197,0.0196339610981075
3.16774617501149,0.282839218262403,-0.0636806215209079,0.171493707208392,-0.0154075906632753,0.118006373610237,-0.015210206743343,-0.356169215389792,0.0198639735135929
3.18971496488059,0.282668762741243,-0.0641011418519348,0.171480422976673,-0.0155308564599518,0.117981445075926,-0.0153290489478033,-0.356200636535996,0.020095705730372
3.21183611156796,0.282496004072975,-0.0645238128742621,0.171466724847457,-0.0156549283789929,0.117955955805212,-0.0154485992347357,-0.356231253716431,0.0203291608499793
3.23411067169074,0.282320916940022,-0.0649486359619314,0.171452607933061,-0.0157798093027297,0.1179298994235,-0.0155688584823731,-0.35626105695839,0.0205643419708466
3.25653970919388,0.282143475787426,-0.0653756122918479,0.171438067311953,-0.0159055021144007,0.117903269516436,-0.0156898275340299,-0.356290036307015,0.0208012521903491
3.27912429540095,0.281963654821905,-0.0658047428385062,0.17142309802818,-0.0160320096981219,0.117876059629565,-0.0158115071975283,-0.35631818182442,0.0210398946068321
3.30186550906528,0.281781428010985,-0.0662360283686291,0.171407695090781,-0.0161593349388429,0.117848263267989,-0.0159338982446048,-0.356345483588729,0.0212802723216137
3.32476443642155,0.281596769082196,-0.0666694694357184,0.171391853473182,-0.0162874807222885,0.117819873896031,-0.0160570014102964,-0.356371931693059,0.0215223884409628
3.3478221712376,0.281409651522354,-0.0671050663745197,0.171375568112598,-0.0164164499348866,0.117790884936892,-0.0161808173923063,-0.356397516244429,0.021766246078051
3.37103981486675,0.281220048576903,-0.0675428192954007,0.171358833909411,-0.0165462454636809,0.117761289772317,-0.0163053468503497,-0.356422227362602,0.0220118483548762
3.39441847630035,0.281027933249353,-0.0679827280786428,0.171341645726543,-0.0166768701962286,0.11773108174226,-0.0164305904054769,-0.35644605517887,0.0222591984041556
3.41795927222076,0.280833278300786,-0.0684247923686472,0.171323998388826,-0.0168083270204827,0.117700254144547,-0.0165565486393773,-0.356468989834764,0.0225082993711875
3.44166332705473,0.280636056249452,-0.0688690115680558,0.171305886682352,-0.0169406188246592,0.117668800234552,-0.0166832220936605,-0.356491021480704,0.0227591544156801
3.46553177302703,0.280436239370453,-0.0693153848317863,0.171287305353826,-0.0170737484970875,0.117636713224867,-0.0168106112691159,-0.35651214027459,0.0230117667135443
3.48956575021462,0.280233799695509,-0.0697639110609835,0.171268249109904,-0.0172077189260451,0.117603986284986,-0.0169387166249516,-0.356532336380328,0.0232661394586515
3.51376640660105,0.280028709012824,-0.0702145888968864,0.171248712616523,-0.0173425329995758,0.117570612540984,-0.0170675385780098,-0.356551599966293,0.0235222758645521
3.53813489813128,0.279820938867037,-0.0706674167146116,0.171228690498232,-0.0174781936052906,0.11753658507521,-0.0171970775019606,-0.356569921203736,0.0237801791661555
3.56267238876697,0.279610460559278,-0.0711223926168541,0.171208177337502,-0.0176147036301527,0.117501896925985,-0.0173273337264742,-0.356587290265135,0.0240398526213685
3.58738005054197,0.279397245147318,-0.0715795144275055,0.171187167674045,-0.0177520659602437,0.117466541087303,-0.0174583075363691,-0.35660369732248,0.0243012995126919
3.61225906361841,0.279181263445821,-0.0720387796851919,0.171165656004112,-0.0178902834805136,0.117430510508541,-0.017589999170739,-0.356619132545508,0.0245645231487733
3.63731061634298,0.278962486026705,-0.0725001856367291,0.171143636779797,-0.0180293590745122,0.117393798094187,-0.0177224088220565,-0.356633586099883,0.0248295268659149
3.66253590530377,0.278740883219604,-0.0729637292304998,0.171121104408329,-0.018169295624103,0.11735639670356,-0.0178555366352537,-0.356647048145322,0.025096314029535
3.68793613538733,0.278516425112444,-0.0734294071097507,0.171098053251358,-0.0183100960091583,0.117318299150555,-0.0179893827067807,-0.356659508833662,0.0253648880355827
3.71351251983634,0.278289081552133,-0.0738972156058117,0.171074477624238,-0.0184517631072368,0.11727949820339,-0.0181239470836401,-0.356670958306884,0.0256352523119029
3.73926628030746,0.278058822145359,-0.0743671507312381,0.17105037179531,-0.0185942997932415,0.117239986584371,-0.0182592297623998,-0.356681386695082,0.0259074103195523
3.76519864692972,0.27782561625952,-0.0748392081728761,0.17102572998517,-0.0187377089390594,0.117199756969661,-0.0183952306881818,-0.356690784114386,0.0261813655540646
3.7913108583633,0.277589433023758,-0.0753133832848541,0.171000546365944,-0.0188819934131824,0.117158801989068,-0.0185319497536283,-0.356699140664831,0.0264571215466636
3.81760416185865,0.277350241330133,-0.0757896710814991,0.170974815060555,-0.0190271560803081,0.117117114225847,-0.0186693867978454,-0.356706446428188,0.026734681865423
3.84407981331609,0.277108009834912,-0.0762680662301813,0.170948530141982,-0.019173199800922,0.11707468621651,-0.0188075416053228,-0.356712691465742,0.0270140501163727
3.87073907734582,0.276862706959995,-0.0767485630440866,0.170921685632528,-0.01932012743086,0.117031510450657,-0.0189464139048315,-0.356717865816032,0.0272952299445503
3.89758322732826,0.27661430089447,-0.0772311554749193,0.170894275503073,-0.0194679418208508,0.116987579370823,-0.0190860033682987,-0.356721959492545,0.0275782250349969
3.92461354547494,0.276362759596306,-0.0777158371055358,0.170866293672337,-0.0196166458160392,0.116942885372336,-0.0192263096096591,-0.35672496248137,0.0278630391136958
3.95183132288971,0.276108050794182,-0.0782026011425114,0.17083773400613,-0.0197662422554886,0.116897420803197,-0.0193673321836848,-0.356726864738811,0.0281496759484545
3.97923785963041,0.275850141989461,-0.0786914404086413,0.170808590316609,-0.0199167339716636,0.116851177963977,-0.0195090705847914,-0.356727656188961,0.0284381393497277
4.00683446477099,0.275589000458302,-0.0791823473353774,0.170778856361531,-0.020068123789893,0.116804149107736,-0.0196515242458234,-0.356727326721242,0.0287284331713822
4.03462245646401,0.27532459325393,-0.0796753139552026,0.170748525843507,-0.0202204145278111,0.11675632643995,-0.0197946925368159,-0.356725866187902,0.0290205613114012
4.06260316200361,0.27505688720905,-0.0801703318939446,0.170717592409255,-0.0203736089947797,0.116707702118477,-0.019938574763735,-0.356723264401488,0.0293145277125298
4.09077791788892,0.274785848938409,-0.0806673923630312,0.170686049648853,-0.0205277099912893,0.116658268253528,-0.0200831701671967,-0.356719511132272,0.0296103363628573
4.11914806988789,0.274511444841531,-0.0811664861516881,0.170653891094995,-0.0206827203083384,0.116608016907665,-0.0202284779211639,-0.356714596105655,0.0299079912963399
4.14771497310157,0.274233641105593,-0.0816676036190827,0.170621110222243,-0.020838642726794,0.116556940095829,-0.020374497131622,-0.356708508999538,0.0302074965932605
4.17647999202884,0.273952403708481,-0.0821707346864137,0.17058770044629,-0.0209954800167295,0.116505029785378,-0.0205212268352341,-0.356701239441661,0.0305088563806255
4.20544450063156,0.273667698421999,-0.0826758688289522,0.170553655123215,-0.0211532349367422,0.116452277896163,-0.0206686659979745,-0.356692777006912,0.0308120748324988
4.23460988240025,0.273379490815255,-0.0831829950680325,0.170518967548746,-0.0213119102332505,0.116398676300619,-0.0208168135137431,-0.356683111214619,0.031117156170272
4.26397753042013,0.273087746258217,-0.083692101962998,0.170483630957528,-0.0214715086397683,0.116344216823888,-0.0209656682029583,-0.356672231525801,0.0314241046628705
4.29354884743766,0.272792429925443,-0.0842031776031038,0.170447638522383,-0.0216320328761604,0.116288891243963,-0.0211152288111316,-0.356660127340409,0.0317329246268951
4.32332524592758,0.272493506799994,-0.0847162095993778,0.170410983353589,-0.0217934856478748,0.116232691291871,-0.0212654940074215,-0.356646787994532,0.032043620426698
4.35330814816033,0.272190941677522,-0.0852311850764434,0.170373658498153,-0.0219558696451546,0.116175608651866,-0.0214164623831696,-0.356632202757592,0.0323561964743942
4.38349898627002,0.271884699170553,-0.0857480906643079,0.170335656939091,-0.0221191875422287,0.116117634961669,-0.0215681324504177,-0.356616360829505,0.0326706572298072
4.41389920232282,0.271574743712947,-0.0862669124901166,0.170296971594709,-0.0222834419964809,0.11605876181273,-0.0217205026404066,-0.356599251337839,0.0329870072003481
4.44451024838583,0.271261039564558,-0.0867876361698786,0.170257595317901,-0.0224486356475978,0.115998980750515,-0.0218735713020578,-0.356580863334934,0.0333052509408281
4.47533358659646,0.270943550816085,-0.0873102468001656,0.170217520895439,-0.022614771116695,0.115938283274839,-0.0220273367004379,-0.356561185795025,0.0336253930532059
4.50637068923228,0.27062224139412,-0.0878347289497867,0.170176741047273,-0.0227818510054226,0.115876660840216,-0.0221817970152061,-0.356540207611332,0.033947438186266
4.53762303878129,0.2702970750664,-0.088361066651444,0.170135248425846,-0.0229498778950482,0.115814104856252,-0.0223369503390464,-0.356517917593147,0.034271391035232
4.56909212801278,0.269968015447261,-0.0888892433933716,0.170093035615404,-0.0231188543455199,0.115750606688068,-0.0224927946760835,-0.356494304462899,0.0345972563413105
4.60077946004862,0.269635026003298,-0.08941924211096,0.170050095131319,-0.0232887828945069,0.115686157656759,-0.0226493279402841,-0.356469356853214,0.0349250388911691
4.63268654843505,0.269298070059239,-0.0899510451783733,0.17000641941942,-0.0234596660564188,0.115620749039884,-0.0228065479538442,-0.356443063303956,0.0352547435163455
4.66481491721498,0.268957110804026,-0.0904846344001587,0.169962000855329,-0.0236315063214042,0.115554372072001,-0.0229644524455624,-0.356415412259264,0.0355863750925886
4.69716610100076,0.268612111297122,-0.0910199910028557,0.169916831743813,-0.0238043061543272,0.115487017945227,-0.0231230390492004,-0.356386392064575,0.0359199385391324
4.72974164504755,0.268263034475031,-0.0915570956266065,0.169870904318131,-0.023978067993723,0.115418677809849,-0.0232823053018308,-0.356355990963646,0.0362554388178999
4.76254310532705,0.267909843158036,-0.0920959283167738,0.169824210739408,-0.0241527942507325,0.115349342774958,-0.0234422486421739,-0.356324197095556,0.0365928809326405
4.79557204860185,0.267552500057176,-0.0926364685155682,0.169776743096,-0.0243284873080146,0.115279003909137,-0.0236028664089231,-0.356290998491718,0.0369322699279966
4.82883005250031,0.267190967781442,-0.0931786950536922,0.169728493402888,-0.024505149518639,0.11520765224118,-0.0237641558390606,-0.356256383072874,0.0372736108885034
4.86231870559183,0.266825208845203,-0.0937225861420029,0.169679453601064,-0.0246827832049562,0.115135278760851,-0.0239261140661634,-0.356220338646092,0.0376169089375178
4.89603960746281,0.266455185675871,-0.094268119363199,0.169629615556946,-0.0248613906574476,0.11506187441969,-0.0240887381187009,-0.356182852901759,0.0379621692360804
4.92999436879299,0.266080860621805,-0.0948152716635383,0.169578971061786,-0.0250409741335539,0.114987430131854,-0.0242520249183251,-0.356143913410569,0.0383093969817064
4.96418461143244,0.265702195960446,-0.0953640193445883,0.169527511831107,-0.0252215358564831,0.114911936775008,-0.0244159712781536,-0.356103507620518,0.0386585974071083
4.99861196847899,0.265319153906705,-0.0959143380550164,0.169475229504138,-0.0254030780139973,0.11483538519125,-0.0245805739010466,-0.356061622853888,0.0390097757788492
5.03327808435624,0.264931696621589,-0.0964662027824255,0.169422115643273,-0.0255856027571789,0.11475776618809,-0.0247458293778797,-0.356018246304246,0.0393629373959257
5.06818461489212,0.264539786221077,-0.0970195878452391,0.169368161733531,-0.0257691121991758,0.114679070539465,-0.0249117341858112,-0.355973365033432,0.0397180875882825
5.10333322739797,0.264143384785247,-0.0975744668846417,0.169313359182043,-0.0259536084139265,0.114599288986805,-0.0250782846865478,-0.355926965968556,0.0400752317152565
5.13872560074817,0.263742454367656,-0.0981308128565815,0.16925769931754,-0.0261390934348647,0.114518412240138,-0.025245477124607,-0.355879035899003,0.0404343751639509
5.17436342546036,0.263336957004972,-0.0986885980238398,0.169201173389863,-0.0263255692536027,0.114436430979253,-0.0254133076255792,-0.355829561473436,0.0407955233475402
5.21024840377617,0.262926854726868,-0.0992477939481739,0.169143772569484,-0.0265130378185955,0.114353335854893,-0.0255817721943891,-0.355778529196809,0.0411586817035046
5.24638224974252,0.262512109566171,-0.0998083714825386,0.169085487947044,-0.0267015010337845,0.114269117490014,-0.0257508667135587,-0.355725925427385,0.0415238556917944
5.2827666892935,0.262092683569276,-0.100370300763395,0.169026310532907,-0.0268909607572208,0.114183766481076,-0.0259205869414719,-0.355671736373764,0.0418910507929242
5.31940346033281,0.26166853880682,-0.100933551203109,0.168966231256723,-0.0270814187996686,0.114097273399393,-0.0260909285106427,-0.355615948091921,0.0422602725059968
5.35629431281677,0.261239637384627,-0.101498091482454,0.168905240967016,-0.0272728769231896,0.114009628792527,-0.0262618869259878,-0.355558546482246,0.0426315263466569
5.39344100883792,0.260805941454912,-0.102063889543209,0.168843330430785,-0.0274653368397068,0.113920823185734,-0.0264334575631042,-0.355499517286605,0.0430048178449739
5.43084532270915,0.260367413227761,-0.102630912580881,0.168780490333118,-0.0276588002095494,0.113830847083459,-0.0266056356665545,-0.355438846085408,0.0433801525432538
5.4685090410485,0.259924014982877,-0.103199127037539,0.168716711276831,-0.0278532686399782,0.113739690970876,-0.0267784163481594,-0.355376518294686,0.0437575359937813
5.50643396286443,0.259475709081597,-0.103768498594781,0.168651983782115,-0.0280487436836915,0.113647345315494,-0.0269517945852997,-0.355312519163188,0.04413697375649
5.54462189964184,0.259022457979186,-0.104338992166823,0.168586298286212,-0.0282452268373127,0.113553800568794,-0.0271257652192294,-0.355246833769487,0.0445184713965619
5.58307467542852,0.258564224237402,-0.104910571893749,0.168519645143101,-0.0284427195398583,0.113459047167934,-0.0273003229533992,-0.355179447019106,0.0449020344819556
5.6217941269223,0.25810097053733,-0.105483201134891,0.168452014623205,-0.0286412231711877,0.113363075537497,-0.0274754623517952,-0.355110343641657,0.0452876685808633
5.66078210355879,0.257632659692504,-0.10605684246238,0.168383396913118,-0.0288407390504341,0.113265876091293,-0.0276511778372902,-0.355039508187995,0.0456753792590966
5.70004046759971,0.257159254662289,-0.106631457654854,0.168313782115352,-0.0290412684344176,0.113167439234217,-0.0278274636900122,-0.354966925027397,0.0460651720773995
5.73957109422183,0.256680718565556,-0.107207007691344,0.168243160248106,-0.0292428125160396,0.113067755364154,-0.0280043140457297,-0.354892578344755,0.046457052588691
5.77937587160657,0.256197014694617,-0.107783452745338,0.168171521245046,-0.0294453724226595,0.11296681487394,-0.0281817228942558,-0.35481645213779,0.0468510263352349
5.81945670103016,0.25570810652945,-0.10836075217904,0.168098854955117,-0.0296489492144539,0.112864608153376,-0.0283596840778726,-0.354738530214284,0.0472470988457373
5.85981549695445,0.255213957752188,-0.10893886453782,0.168025151142374,-0.0298535438827579,0.112761125591296,-0.0285381912897772,-0.354658796189341,0.047645275632372
5.90045418711838,0.254714532261894,-0.109517747544876,0.167950399485823,-0.0300591573483889,0.112656357577684,-0.0287172380725511,-0.354577233482663,0.0480455621877339
5.94137471263004,0.254209794189606,-0.110097358096116,0.167874589579302,-0.0302657904599542,0.112550294505851,-0.0288968178166536,-0.354493825315856,0.0484479639817181
5.9825790280594,0.253699707913653,-0.110677652255252,0.167797710931369,-0.0304734439921405,0.112442926774659,-0.0290769237589427,-0.354408554709758,0.0488524864583277
6.02406910153166,0.253184238075252,-0.111258585249141,0.167719752965222,-0.0306821186439877,0.112334244790803,-0.0292575489812225,-0.354321404481788,0.0492591350324072
6.06584691482126,0.252663349594367,-0.111840111463365,0.167640705018636,-0.0308918150371457,0.112224238971143,-0.0294386864088208,-0.354232357243334,0.0496679150863033
6.10791446344653,0.252137007685848,-0.112422184438056,0.167560556343925,-0.0311025337141154,0.112112899745091,-0.0296203288091976,-0.354141395397156,0.0500788319664513
6.15027375676503,0.251605177875828,-0.113004756863995,0.167479296107931,-0.0313142751364731,0.112000217557053,-0.0298024687905856,-0.354048501134825,0.0504918909798885
6.19292681806951,0.251067826018398,-0.113587780578971,0.167396913392033,-0.0315270396830802,0.111886182868919,-0.0299850988006659,-0.35395365643419,0.0509070973906923
6.23587568468454,0.250524918312529,-0.114171206564429,0.167313397192182,-0.0317408276482765,0.111770786162608,-0.0301682111252788,-0.353856843056876,0.0513244564163451
6.27912240806387,0.249976421319274,-0.114754984942402,0.167228736418957,-0.0319556392400588,0.11165401794267,-0.0303517978871729,-0.353758042545816,0.051743973224024
6.32266905388835,0.249422301979213,-0.115339064972748,0.167142919897656,-0.0321714745782442,0.111535868738932,-0.0305358510447923,-0.353657236222809,0.0521656529268155
6.36651770216467,0.248862527630158,-0.115923395050694,0.167055936368398,-0.0323883336926194,0.111416329109199,-0.0307203623911061,-0.353554405186123,0.0525895005798555
6.41067044732463,0.248297066025115,-0.116507922704701,0.166967774486267,-0.0326062165210747,0.111295389642013,-0.0309053235524797,-0.353449530308125,0.0530155211763931
6.45512939832527,0.24772588535048,-0.117092594594656,0.166878422821465,-0.0328251229077246,0.111173040959448,-0.0310907259875908,-0.353342592232951,0.05344371964378
6.49989667874954,0.247148954244494,-0.117677356510413,0.166787869859507,-0.0330450526010141,0.111049273719973,-0.0312765609863912,-0.353233571374215,0.0538741008393825
6.54497442690774,0.24656624181592,-0.11826215337067,0.16669610400143,-0.0332660052518117,0.11092407862135,-0.0314628196691168,-0.353122447912753,0.0543066695464185
6.5903647959397,0.24597771766297,-0.118846929222217,0.166603113564039,-0.033487980411489,0.110797446403591,-0.0316494929853469,-0.353009201794409,0.0547414304697169
6.63606995391757,0.245383351892446,-0.119431627239549,0.166508886780175,-0.0337109775299874,0.110669367851957,-0.0318365717131149,-0.352893812727866,0.0551783882314015
6.68209208394941,0.244783115139118,-0.120016189724862,0.166413411799012,-0.033934995953872,0.110539833800008,-0.0320240464580722,-0.352776260182514,0.0556175473664963
6.72843338428345,0.244176978585306,-0.120600558108436,0.16631667668638,-0.0341600349243731,0.1104088351327,-0.0322119076527069,-0.352656523386368,0.0560589123184553
6.77509606841313,0.243564913980682,-0.121184672949423,0.166218669425122,-0.0343860935754157,0.110276362789528,-0.0324001455556186,-0.352534581324024,0.0565024874346127
6.82208236518274,0.242946893662273,-0.121768473937043,0.166119377915472,-0.0346131709316373,0.110142407767712,-0.0325887502508524,-0.352410412734671,0.056948276961557
6.86939451889399,0.242322890574661,-0.122351899892198,0.166018789975469,-0.0348412659063939,0.110006961125431,-0.032777711647292,-0.352283996110143,0.0573962850404259
6.91703478941313,0.241692878290376,-0.122934888769525,0.165916893341397,-0.0350703772997554,0.109870013985096,-0.0329670194781158,-0.352155309693026,0.0578465157021232
6.96500545227891,0.241056831030467,-0.123517377659883,0.165813675668253,-0.0353005037964893,0.109731557536667,-0.033156663300315,-0.352024331474814,0.0582989728624569
7.0133087988113,0.240414723685251,-0.12409930279329,0.165709124530247,-0.0355316439640349,0.109591583041015,-0.0333466324942786,-0.351891039194119,0.0587536603171987
7.06194713622089,0.239766531835226,-0.124680599542331,0.165603227421334,-0.0357637962504667,0.109450081833313,-0.0335369162634442,-0.351755410334933,0.0592105817370638
7.11092278771915,0.239112231772141,-0.125261202426024,0.165495971755774,-0.0359969589824475,0.10930704532648,-0.0337275036340182,-0.351617422124947,0.0596697406626122
7.16023809262934,0.238451800520214,-0.125841045114174,0.165387344868718,-0.0362311303631733,0.109162465014649,-0.0339183834547659,-0.35147705153393,0.060131140499069
7.20989540649828,0.237785215857486,-0.126420060432214,0.16527733401684,-0.0364663084703073,0.109016332476678,-0.0341095443968738,-0.351334275272162,0.0605947845110667
7.25989710120885,0.237112456337306,-0.12699818036655,0.16516592637898,-0.0367024912539063,0.108868639379691,-0.0343009749538861,-0.351189069788932,0.0610606758173063
7.31024556509332,0.236433501309934,-0.127575336070409,0.165053109056837,-0.0369396765343379,0.108719377482661,-0.0344926634417155,-0.351041411271097,0.061528817385138
7.36094320304735,0.235748330944242,-0.128151457870205,0.164938869075681,-0.0371778620001899,0.108568538640006,-0.034684597998732,-0.350891275641705,0.0619992120250626
7.41199243664497,0.235056926249522,-0.128726475272442,0.164823193385105,-0.037417045206171,0.108416114805237,-0.0348767665859292,-0.350738638558683,0.062471862385152
7.46339570425412,0.234359269097368,-0.129300316971138,0.164706068859806,-0.0376572235710048,0.108262098034614,-0.0350691569871715,-0.350583475413597,0.062946770945388
7.51515546115323,0.233655342243635,-0.129872910855806,0.164587482300396,-0.0378983943753163,0.108106480490838,-0.0352617568095225,-0.350425761330476,0.0634239400119222
7.56727417964842,0.232945129350451,-0.130444184019978,0.164467420434256,-0.0381405547595113,0.107949254446769,-0.0354545534836561,-0.350265471164712,0.0639033717112535
7.61975434919166,0.232228615008281,-0.131014062770302,0.164345869916408,-0.0383837017216491,0.107790412289155,-0.0356475342643523,-0.350102579502035,0.0643850679843259
7.67259847649959,0.231505784758019,-0.131582472636193,0.164222817330437,-0.0386278321153097,0.107629946522396,-0.0358406862310794,-0.349937060657555,0.0648690305805442
7.72580908567334,0.2307766251131,-0.132149338380075,0.16409824918943,-0.0388729426474544,0.107467849772311,-0.0360339962886624,-0.349768888674895,0.0653552610517095
7.77938871831903,0.230041123581613,-0.132714584008194,0.163972151936967,-0.0391190298762813,0.107304114789933,-0.0362274511680405,-0.34959803732539,0.0658437607458735
7.83333993366922,0.22929926868841,-0.133278132782035,0.163844511948127,-0.039366090209075,0.107138734455311,-0.0364210374271145,-0.349424480107378,0.0663345308011124
7.8876653087051,0.228551049997185,-0.133839907230325,0.163715315530548,-0.039614119900052,0.106971701781325,-0.0366147414516847,-0.349248190245574,0.0668275721392184
7.94236743827963,0.227796458132514,-0.134399829161646,0.163584548925502,-0.0398631150482017,0.10680300991751,-0.0368085494564813,-0.349069140690522,0.0673228854593128
7.99744893524145,0.227035484801835,-0.134957819677658,0.163452198309024,-0.0401130715951222,0.106632652153889,-0.037002447486288,-0.348887304118147,0.0678204712313763
8.0529124305597,0.22626812281736,-0.135513799186936,0.16331824979306,-0.0403639853228533,0.106460621924807,-0.0371964214171595,-0.34870265292939,0.0683203296897002
8.10876057344967,0.225494366117898,-0.136067687419428,0.163182689426663,-0.0406158518517054,0.106286912812766,-0.0373904569577346,-0.348515159249942,0.0688224608262572
8.16499603149936,0.224714209790565,-0.13661940344154,0.163045503197216,-0.0408686666380853,0.106111518552265,-0.0375845396506454,-0.348324794930064,0.0693268643839917
8.22162149079689,0.223927650092379,-0.137168865671849,0.162906677031696,-0.0411224249723188,0.105934433033632,-0.0377786548740231,-0.348131531544521,0.069833539850031
8.27863965605879,0.223134684471706,-0.137715991897451,0.162766196797971,-0.0413771219764715,0.105755650306851,-0.0379727878431021,-0.3479353403926,0.0703424864488173
8.33605325075921,0.222335311589556,-0.138260699290949,0.162624048306139,-0.0416327526021666,0.105575164585379,-0.038166923611922,-0.347736192498241,0.07085370313516
8.39386501726,0.221529531340693,-0.138802904428075,0.162480217309894,-0.0418893116284009,0.105392970249954,-0.0383610470751289,-0.347534058610273,0.0713671885872106
8.45207771694168,0.220717344874551,-0.139342523305963,0.16233468950794,-0.0421467936593597,0.105209061852388,-0.0385551429698761,-0.347328909202753,0.0718829411993591
8.51069413033537,0.219898754615941,-0.139879471362059,0.162187450545435,-0.0424051931222298,0.105023434119342,-0.0387491958778249,-0.347120714475424,0.0724009590750525
8.56971705725559,0.219073764285515,-0.140413663493683,0.162038486015476,-0.0426645042650122,0.104836081956081,-0.0389431902272459,-0.346909444354278,0.0729212400195378
8.62914931693396,0.218242378919984,-0.140945014078234,0.161887781460616,-0.0429247211543331,0.104647000450204,-0.0391371102952205,-0.346695068492243,0.0734437815325274
8.68899374815392,0.217404604892055,-0.141473436994044,0.161735322374432,-0.043185837673256,0.104456184875356,-0.0393309402099438,-0.346477556269984,0.0739685808007902
8.74925320938629,0.216560449930083,-0.141998845641882,0.161581094203116,-0.0434478475190926,0.104263630694899,-0.0395246639531278,-0.346256876796829,0.0744956346906674
8.80993057892579,0.2157099231374,-0.142521152967097,0.161425082347113,-0.0437107442012145,0.104069333565562,-0.039718265362506,-0.34603299891182,0.0750249397405151
8.87102875502857,0.214853035011318,-0.143040271482409,0.161267272162799,-0.0439745210388657,0.103873289341046,-0.0399117281344386,-0.34580589118489,0.0755564921530731
8.93255065605059,0.213989797461772,-0.143556113291345,0.161107648964195,-0.0442391711589754,0.1036754940756,-0.0401050358266179,-0.345575521918168,0.0760902877877634
8.99449922058705,0.213120223829591,-0.144068590112308,0.16094619802472,-0.0445046874939728,0.10347594402755,-0.0402981718608749,-0.345341859147429,0.0766263221529158
9.05687740761275,0.212244328904364,-0.14457761330329,0.160782904578987,-0.0447710627796028,0.103274635662783,-0.0404911195260848,-0.345104870643669,0.077164590397926
9.11968819662343,0.211362128941903,-0.145083093887205,0.160617753824637,-0.0450382895527438,0.103071565658185,-0.0406838619811722,-0.344864523914821,0.077705087305344
9.18293458777804,0.210473641681251,-0.14558494257786,0.160450730924216,-0.0453063601492281,0.102866730905031,-0.0408763822582151,-0.344620786207623,0.0782478072828953
9.2466196020421,0.20957888636124,-0.146083069806541,0.160281821007086,-0.0455752667016639,0.102660128512313,-0.0410686632656469,-0.344373624509625,0.0787927443554369
9.31074628133199,0.208677883736561,-0.146577385749209,0.160111009171389,-0.0458450011372609,0.10245175581002,-0.0412606877915549,-0.344123005551344,0.0793398921568489
9.3753176886602,0.207770656093338,-0.147067800354318,0.159938280486042,-0.0461155551756584,0.10224161035235,-0.0414524385070757,-0.343868895808573,0.079889243921863
9.44033690828169,0.206857227264171,-0.147554223371214,0.159763619992777,-0.0463869203267575,0.10202968992086,-0.0416438979698853,-0.343611261504852,0.0804407924778304
9.50580704584117,0.205937622642632,-0.148036564379137,0.15958701270823,-0.0466590878885563,0.101815992527553,-0.0418350486277826,-0.343350068614089,0.0809945302364296
9.57173122852146,0.2050118691972,-0.148514732816803,0.159408443626058,-0.0469320489449898,0.101600516417892,-0.0420258728223663,-0.343085282863346,0.0815504491853177
9.63811260519287,0.204079995484602,-0.148988638012551,0.15922789771912,-0.0472057943637738,0.101383260073738,-0.042216352792802,-0.342816869735792,0.0821085408797251
9.70495434656358,0.203142031662546,-0.14945818921506,0.159045359941681,-0.0474803147942539,0.101164222216214,-0.0424064706796791,-0.342544794473828,0.0826687964339973
9.7722596453311,0.202198009501822,-0.149923295624603,0.158860815231673,-0.0477556006652589,0.100943401808494,-0.0425962085289557,-0.342269022082372,0.0832312065130846
9.84003171633479,0.201247962397751,-0.150383866424847,0.158674248512998,-0.0480316421829609,0.100720798058502,-0.0427855482959896,-0.341989517332336,0.0837957613239837
9.90827379670937,0.20029192538096,-0.150839810815171,0.158485644697872,-0.0483084293287398,0.100496410421526,-0.0429744718496524,-0.34170624476427,0.0843624506071311
9.97698914603959,0.199329935127467,-0.151291038043493,0.158294988689221,-0.0485859518570545,0.100270238602751,-0.0431629609765272,-0.341419168692193,0.084931263627753
10.0461810465159,0.198362029968049,-0.151737457439591,0.158102265383117,-0.0488641992933212,0.10004228255969,-0.0433509973851845,-0.341128253207606,0.085502189167173
10.1158528030912,0.197388249896878,-0.152178978448901,0.157907459671268,-0.0491431609317977,0.0998125425045297,-0.0435385627105374,-0.340833462183703,0.0860752155140813
10.1860077436388,0.196408636579401,-0.152615510666779,0.157710556443544,-0.0494228258334757,0.0995810189063701,-0.0437256385182704,-0.340534759279761,0.0866503304557662
10.2566492191112,0.195423233359451,-0.153046963873205,0.157511540590566,-0.0497031828239802,0.0993477124933716,-0.0439122063093417,-0.340232107945741,0.0872275212693134
10.3277806037004,0.194432085265563,-0.153473248067911,0.157310397006326,-0.0499842204914779,0.0991126242547936,-0.0440982475245557,-0.339925471427074,0.0878067747127748
10.3994052949988,0.193435239016478,-0.153894273505923,0.157107110590874,-0.0502659271845932,0.0988757554429309,-0.0442837435492022,-0.339614812769663,0.0883880770163096
10.4715267141616,0.192432743025826,-0.15430995073348,0.15690166625304,-0.0505482910103343,0.0986371075749396,-0.0444686757177598,-0.339300094825079,0.0889714138733018
10.5441483060703,0.191424647405953,-0.154720190624332,0.156694048913214,-0.050831299832028,0.0983966824345539,-0.0446530253186621,-0.338981280255978,0.0895567704314572
10.6172735394972,0.190411003970891,-0.155124904416374,0.156484243506176,-0.051114941267265,0.0981544820736888,-0.04483677359912,-0.33865833154172,0.0901441312838835
10.6909059072708,0.189391866238444,-0.155524003748608,0.156272234983977,-0.051399202685856,0.0979105088139279,-0.0450199017700016,-0.338331210984216,0.0907334804601576
10.7650489264432,0.188367289431381,-0.155917400698409,0.156058008318872,-0.051684071207798,0.0976647652478933,-0.0452023910107616,-0.337999880713985,0.0913248014173825
10.8397061384575,0.187337330477714,-0.156305007819058,0.155841548506307,-0.0519695337012534,0.0974172542404957,-0.0453842224744207,-0.337664302696437,0.0919180770312404
10.9148811093176,0.186302048010052,-0.156686738177547,0.15562284056796,-0.0522555767805409,0.0971679789300628,-0.0455653772925891,-0.337324438738387,0.0925132895870427
10.9905774297578,0.185261502364014,-0.157062505392593,0.155401869554836,-0.0525421868041393,0.096916942729344,-0.0457458365805316,-0.336980250494791,0.0931104207707845
11.0667987154147,0.184215755575683,-0.157432223672868,0.155178620550422,-0.0528293498727048,0.0966641493263899,-0.0459255814422702,-0.336631699475723,0.0937094516602059
11.1435486070002,0.183164871378104,-0.157795807855404,0.154953078673887,-0.0531170518271033,0.0964096026853037,-0.0461045929757203,-0.336278747053578,0.0943103627158651
11.2208307704748,0.182108915196787,-0.158153173444142,0.154725229083357,-0.0534052782464569,0.0961533070468656,-0.0462828522778573,-0.335921354470527,0.0949131337722283
11.2986488972231,0.181047954144238,-0.158504236648618,0.154495056979229,-0.0536940144462065,0.0958952669290256,-0.0464603404499085,-0.335559482846203,0.0955177440287814
11.3770067042298,0.179982057013472,-0.158848914422724,0.15426254760756,-0.0539832454761914,0.0956354871272656,-0.0466370386025678,-0.335193093185636,0.0961241720411676
11.4559079342577,0.178911294270531,-0.159187124503557,0.154027686263506,-0.0542729561187458,0.0953739727148293,-0.0468129278612276,-0.334822146387441,0.0967323957123573
11.535356356026,0.177835738045974,-0.159518785450289,0.153790458294826,-0.0545631308868142,0.0951107290428184,-0.0469879893712245,-0.334446603252251,0.0973423922838542
11.6153557643908,0.17675546212534,-0.159843816683054,0.153550849105447,-0.0548537540220856,0.0948457617401546,-0.0471622043030949,-0.334066424491407,0.0979541383269446
11.6959099805258,0.175670541938589,-0.160162138521811,0.153308844159092,-0.0551448094931484,0.0945790767134065,-0.0473355538578351,-0.333681570735904,0.0985676097339941
11.7770228521052,0.174581054548489,-0.160473672225148,0.153064428982974,-0.0554362809936665,0.0943106801464814,-0.0475080192721631,-0.333292002545598,0.0991827817097989
11.8586982534876,0.17348707863797,-0.160778340029019,0.152817589171546,-0.0557281519405779,0.0940405785001812,-0.0476795818237765,-0.332897680418674,0.0997996287629954
11.9409400859005,0.172388694496426,-0.161076065185343,0.152568310390332,-0.0560204054723165,0.0937687785116221,-0.0478502228366021,-0.332498564801377,0.100418124697538
12.0237522776272,0.171285984004966,-0.161366772000479,0.152316578379807,-0.0563130244470593,0.0934952871935185,-0.0480199236860343,-0.332094616098016,0.101038242604245
12.1071387841942,0.170179030620618,-0.16165038587351,0.152062378959363,-0.0566059914409993,0.0932201118333305,-0.0481886658041555,-0.331685794681228,0.101659954852429
12.1911035885602,0.16906791935947,-0.161926833334319,0.151805698031326,-0.0568992887466455,0.0929432599922765,-0.048356430684936,-0.331272060902525,0.102283233081608
12.2756507013062,0.167952736778771,-0.162196042081422,0.151546521585057,-0.0571928983711524,0.0926647395042103,-0.0485231998894083,-0.330853375103104,0.102908048193305
12.3607841608273,0.16683357095797,-0.16245794101953,0.151284835701117,-0.0574868020346786,0.092384558474363,-0.0486889550508106,-0.330429697624941,0.103534370342956
12.4465080335254,0.165710511478712,-0.162712460296798,0.151020626555506,-0.0577809811687781,0.0921027252779528,-0.048853677879696,-0.330000988822153,0.104162168931918
12.5328264140034,0.164583649403791,-0.162959531341737,0.15075388042397,-0.0580754169148244,0.0918192485586601,-0.0490173501690024,-0.329567209072654,0.104791412599585
12.6197434252612,0.163453077255057,-0.163199086899745,0.150484583686394,-0.0583700901224697,0.0915341372269729,-0.0491799537990793,-0.329128318790075,0.105422069215636
12.7072632188919,0.162318888990294,-0.163431061069243,0.150212722831253,-0.0586649813481405,0.0912474004584006,-0.0493414707426654,-0.328684278435977,0.106054105872398
12.7953899752808,0.161181179979071,-0.163655389337361,0.149938284460156,-0.0589600708535719,0.0909590476915597,-0.0495018830698154,-0.328235048532345,0.106687488877358
12.8841279038047,0.160040046977573,-0.163872008615156,0.149661255292454,-0.0592553386043823,0.0906690886261327,-0.0496611729527687,-0.327780589674364,0.107322183745803
12.9734812430331,0.158895588102421,-0.164080857272327,0.149381622169932,-0.0595507642686903,0.0903775332207014,-0.0498193226707575,-0.327320862543481,0.107958155193628
13.0634542609305,0.157747902803503,-0.164281875171389,0.149099372061583,-0.0598463272157757,0.090084391690457,-0.04997631461475,-0.32685582792076,0.108595367130288
13.1540512550606,0.156597091835806,-0.164475003701278,0.148814492068449,-0.0601420065147875,0.0897896745047903,-0.0501321312921236,-0.32638544670051,0.109233782651929
13.2452765527909,0.155443257230284,-0.164660185810354,0.148526969428562,-0.0604377809334999,0.0894933923847617,-0.0502867553312647,-0.325909679904212,0.109873364034687
13.3371345115004,0.154286502263764,-0.164837366038773,0.148236791521948,-0.0607336289371199,0.0891955563004569,-0.050440169486091,-0.32542848869473,0.11051407272818
13.4296295187868,0.153126931427906,-0.165006490550188,0.147943945875723,-0.0610295286871475,0.0888961774682284,-0.0505923566404923,-0.324941834390804,0.111155869349186
13.5227659926764,0.151964650397241,-0.165167507162761,0.147648420169275,-0.0613254580402923,0.0885952673478272,-0.0507432998126859,-0.324449678481839,0.111798713675526
13.6165483818355,0.150799765996291,-0.165320365379444,0.147350202239522,-0.0616213945474477,0.0882928376394261,-0.0508929821594825,-0.323951982642968,0.112442564640161
13.7109811657822,0.149632386165807,-0.165465016417503,0.147049280086258,-0.061917315452727,0.0879889002805405,-0.0510413869804606,-0.323448708750415,0.113087380325503
13.806068855101,0.148462619928128,-0.165601413237254,0.146745641877587,-0.0622131976925618,0.0876834674428471,-0.0511884977220429,-0.322939818897131,0.113733117957962
13.9018159916578,0.147290577351698,-0.165729510569994,0.146439275955441,-0.0625090178948681,0.0873765515289057,-0.051334297981475,-0.322425275408719,0.11437973390273
13.998227148817,0.146116369514742,-0.16584926494507,0.146130170841181,-0.0628047523782808,0.0870681651687877,-0.0514787715106997,-0.321905040859638,0.11502718365881
14.0953069316601,0.144940108468152,-0.165960634716096,0.145818315241294,-0.0631003771514612,0.0867583212166143,-0.0516219022201263,-0.321379078089694,0.115675421854307
14.1930599772055,0.143761907197582,-0.166063580086255,0.145503698053167,-0.0633958679124793,0.086447032747009,-0.0517636741822907,-0.320847350220796,0.116324402241985
14.2914909546299,0.142581879584788,-0.166158063132688,0.145186308370955,-0.0636912000482749,0.086134313051468,-0.0519040716354039,-0.320309820674004,0.116974077695102
14.3906045654914,0.14140014036824,-0.166244047829928,0.144866135491539,-0.0639863486342002,0.0858201756346529,-0.0520430789867858,-0.319766453186839,0.117624400203531
14.4904055439544,0.140216805103032,-0.166321500072357,0.144543168920563,-0.0642812884336481,0.0855046342106101,-0.0521806808161826,-0.319217211830867,0.118275320870179
14.5908986570152,0.139031990120115,-0.166390387695668,0.14421739837857,-0.0645759938977684,0.085187702698921,-0.0523168618789647,-0.318662061029551,0.118926789907714
14.6920887047298,0.137845812484884,-0.166450680497304,0.143888813807221,-0.0648704391652759,0.0848693952207872,-0.0524516071092037,-0.318100965576367,0.119578756635609
14.7939805204436,0.136658389955149,-0.166502350255855,0.143557405375599,-0.0651645980623549,0.0845497260950562,-0.0525849016226257,-0.31753389065318,0.120231169477513
14.8965789710218,0.135469840938523,-0.166545370749389,0.143223163486611,-0.0654584441026619,0.0842287098341919,-0.0527167307194399,-0.316960801848876,0.120883975958957
14.999888957082,0.13428028444925,-0.1665797177727,0.142886078783465,-0.065751950487432,0.0839063611401933,-0.0528470798870403,-0.316381665178246,0.121537122705415
15.1039154132284,0.133089840064517,-0.166605369153451,0.142546142156246,-0.0660450901056919,0.0835826949004687,-0.0529759348025798,-0.315796447101115,0.122190555440717
15.2086633082875,0.131898627880269,-0.166622304767201,0.142203344748568,-0.0663378355345833,0.0832577261836683,-0.0531032813354148,-0.315205114541719,0.122844218985834
15.3141376455451,0.130706768466577,-0.166630506551286,0.141857677964324,-0.0666301590398014,0.0829314702354808,-0.05322910554942,-0.31460763490831,0.123498057258039
15.4203434629857,0.129514382822576,-0.16662995851756,0.141509133474507,-0.0669220325761516,0.0826039424743986,-0.0533533937051714,-0.314003976112997,0.124152013270459
15.5272858335329,0.128321592331021,-0.166620646763954,0.141157703224128,-0.0672134277882293,0.0822751584874582,-0.0534761322619993,-0.313394106591814,0.124806029132029
15.6349698652918,0.127128518712489,-0.166602559484869,0.14080337943921,-0.0675043160112264,0.0819451340259578,-0.0535973078799075,-0.312777995324999,0.125460046047854
15.7434007017931,0.125935283979261,-0.166575686980362,0.140446154633864,-0.0677946682718689,0.0816138850011603,-0.0537169074213624,-0.312155611857487,0.126114004319988
15.8525835222385,0.124742010388933,-0.166540021664144,0.140086021617452,-0.06808445528949,0.0812814274799847,-0.0538349179529487,-0.311526926319613,0.126767843348649
15.9625235417481,0.123548820397775,-0.166495558070354,0.139722973501816,-0.0683736474772427,0.0809477776806915,-0.053951326746894,-0.310891909448003,0.127421501633874
16.07322601161,0.122355836613886,-0.166442292859117,0.139357003708601,-0.0686622149434566,0.080612951968568,-0.0540661212824621,-0.310250532606654,0.128074916777621
16.1846962195303,0.121163181750181,-0.166380224820876,0.138988105976638,-0.0689501274931427,0.0802769668516171,-0.054179289247216,-0.3096027678082,0.12872802548634
16.2969394898867,0.119970978577242,-0.166309354879488,0.13861627436941,-0.0692373546296516,0.079939838976255,-0.0542908185381508,-0.308948587735346,0.129380763574003
16.4099611839816,0.118779349876083,-0.166229686094083,0.138241503282583,-0.0695238655564885,0.0796015851230242,-0.0544006972626986,-0.308287965762458,0.13003306596563
16.5237667002994,0.117588418390845,-0.166141223659683,0.137863787451613,-0.0698096291792901,0.0792622222023239,-0.0545089137396062,-0.307620875977318,0.130684866701294
16.6383614747635,0.116398306781485,-0.166043974906582,0.137483121959409,-0.0700946141079676,0.0789217672501658,-0.0546154564996873,-0.306947293203004,0.131336098940634
16.7537509809962,0.115209137576479,-0.165937949298475,0.13709950224407,-0.0703787886590203,0.078580237423957,-0.0547203142864503,-0.306267193019921,0.131986694967873
16.8699407305804,0.114021033125579,-0.165823158429358,0.13671292410667,-0.0706621208580249,0.0782376499983175,-0.0548234760566051,-0.305580551787938,0.132636586197361
16.9869362733223,0.112834115552672,-0.165699616019177,0.136323383719115,-0.0709445784423035,0.0778940223609345,-0.0549249309804498,-0.304887346668638,0.133285703179639
17.1047431975172,0.111648506708764,-0.165567337908246,0.13593087763204,-0.0712261288637766,0.0775493720084598,-0.05502466844214,-0.304187555647676,0.133933975608054
17.2233671302159,0.110464328125142,-0.165426342050436,0.135535402782761,-0.0715067392920039,0.0772037165424536,-0.0551226780398438,-0.303481157557204,0.134581332325904
17.3428137374936,0.109281700966738,-0.16527664850514,0.135136956503278,-0.0717863766174186,0.076857073665379,-0.055218949585784,-0.302768132098391,0.135227701334153
17.4630887247206,0.108100745985739,-0.165118279428014,0.134735536528316,-0.0720650074547588,0.0765094611766527,-0.0553134731061721,-0.302048459863986,0.135873009799702
17.5841978368348,0.106921583475482,-0.164951259060517,0.1343311410034,-0.0723425981467001,0.0761608969687538,-0.0554062388410355,-0.301322122360937,0.136517184064231
17.7061468586161,0.105744333224662,-0.164775613718248,0.133923768492972,-0.0726191147676949,0.0758113990233959,-0.055497237243943,-0.300589102033042,0.137160149653627
17.8289416149627,0.104569114471898,-0.164591371778102,0.133513417988532,-0.072894523128021,0.0754609854077665,-0.05558645898163,-0.29984938228362,0.137801831287995
17.9525879711692,0.103396045860688,-0.16439856366424,0.133100088916805,-0.073168788778045,0.075109674270836,-0.055673894933529,-0.299102947498184,0.138442152892261
18.0770918332073,0.102225245394784,-0.164197221832913,0.132683781147924,-0.0734418770127037,0.0747574838397411,-0.0557595361912072,-0.298349783067108,0.139081037607383
18.2024591480069,0.101056830394037,-0.163987380756127,0.132264495003633,-0.0737137528762073,0.0744044324162445,-0.0558433740577175,-0.297589875408264,0.139718407802167
18.3286959037413,0.0998909174507218,-0.163769076904181,0.131842231265493,-0.0739843811669695,0.0740505383732748,-0.0559254000468643,-0.296823211989624,0.140354185085692
18.4558081301122,0.0987276223863998,-0.163542348727101,0.131416991183091,-0.0742537264427667,0.0736958201515496,-0.0560056058823904,-0.296049781351795,0.14098829032037
18.5838018986386,0.0975670602093345,-0.163307236634965,0.13098877648225,-0.0745217530261305,0.0733402962562837,-0.056083983497088,-0.295269573130493,0.141620643635611
18.7126833229461,0.0964093450724992,-0.163063782977163,0.130557589373224,-0.0747884250099777,0.0729839852539849,-0.0561605250318387,-0.294482578078916,0.142251164442138
18.8424585590593,0.095254590232209,-0.1628120320206,0.130123432558883,-0.07505370626348,0.0726269057693413,-0.0562352228345877,-0.293688788090015,0.142879771446929
18.9731338056957,0.0941029080074024,-0.162552029926858,0.129686309242867,-0.0753175604381768,0.072269076482199,-0.0563080694592548,-0.292888196218635,0.143506382668793
19.1047153045619,0.0929544097396076,-0.16228382472836,0.129246223137724,-0.0755799509743349,0.0719105161246358,-0.0563790576645891,-0.292080796703518,0.144130915454604
19.2372093406515,0.0918092057536173,-0.162007466303532,0.128803178473,-0.0758408411075574,0.0715512434781292,-0.0564481804129713,-0.291266584989139,0.144753286496167
19.3706222425457,0.0906674053189041,-0.16172300635101,0.128357180003288,-0.0761001938756438,0.0711912773708223,-0.0565154308691678,-0.290445557747369,0.145373411847742
19.5049603827152,0.0895291166117996,-0.161430498362905,0.127908233016234,-0.0763579721257056,0.0708306366748875,-0.0565808023990421,-0.28961771289893,0.145991206944218
19.6402301778248,0.0883944466784657,-0.161129997597156,0.127456343340475,-0.0766141385215366,0.0704693403039899,-0.0566442885682292,-0.288783049634638,0.146606586619939
19.7764380890397,0.087263501398682,-0.160821561048992,0.127001517353518,-0.0768686555512442,0.0701074072108503,-0.0567058831407759,-0.287941568436409,0.147219465128187
19.9135906223344,0.0861363854504725,-0.160505247421545,0.126543761989541,-0.0771214855351388,0.0697448563849088,-0.0567655800777542,-0.287093271098003,0.147829756161313
20.0516943288031,0.0850132022755968,-0.160181117095617,0.126083084747113,-0.077372590633887,0.0693817068500892,-0.0568233735358514,-0.286238160745492,0.148437372871538
20.1907558049731,0.0838940540459245,-0.159849232098659,0.125619493696826,-0.0776219328569268,0.0690179776626638,-0.056879257865942,-0.285376241857434,0.149042227892388
20.3307816931193,0.082779041630716,-0.15950965607297,0.125152997488822,-0.077869474071148,0.068653687909219,-0.0569332276116477,-0.284507520284728,0.149644233360803
20.4717786815819,0.0816682645648286,-0.159162454243151,0.124683605360224,-0.0781151760098374,0.0682888567047211,-0.0569852775078881,-0.283632003270121,0.15024330093988
20.6137535050858,0.0805618210178658,-0.158807693382852,0.124211327142438,-0.0783590002818899,0.0679235031906811,-0.0570354024794295,-0.282749699467372,0.150839341842276
20.756712945062,0.0794598077642889,-0.15844544178083,0.123736173268339,-0.0786009083812854,0.0675576465334184,-0.0570835976394349,-0.281860618960021,0.151432266854255
20.900663829972,0.0783623201545048,-0.158075769206365,0.123258154779317,-0.0788408616968313,0.0671913059224215,-0.0571298582880211,-0.280964773279763,0.152021986360369
21.0456130356336,0.0772694520869481,-0.15769874687405,0.122777283332186,-0.0790788215221715,0.0668245005688054,-0.0571741799108272,-0.280062175424399,0.152608410368788
21.1915674855492,0.0761812959811689,-0.157314447407998,0.122293571205937,-0.0793147490660594,0.0664572497038625,-0.0572165581775991,-0.279152839875342,0.153191448537251
21.338534151237,0.0750979427519411,-0.156922944805489,0.121807031308327,-0.0795486054628945,0.0660895725777072,-0.0572569889407949,-0.278236782614656,0.153771010199653
21.4865200525637,0.0740194817844021,-0.156524314400105,0.121317677182303,-0.079780351783523,0.0657214884580105,-0.0572954682342158,-0.277314021141608,0.154347004393239
21.6355322580795,0.0729460009102341,-0.156118632824369,0.12082552301224,-0.0800099490462974,0.0653530166288231,-0.0573319922716668,-0.276384574488715,0.154919339886427
21.7855778853565,0.0718775863848982,-0.155705977971925,0.12033058362999,-0.0802373582283968,0.0649841763894849,-0.0573665574456509,-0.275448463237254,0.155487925207213
21.9366641013278,0.0708143228659269,-0.155286428959305,0.119832874520734,-0.0804625402774021,0.0646149870536177,-0.057399160326102,-0.274505709532232,0.156052668672192
22.0887981226306,0.0697562933922854,-0.154860066087297,0.119332411828622,-0.0806854561231267,0.0642454679481984,-0.0574297976591604,-0.273556337096764,0.156613478416147
22.2419872159503,0.0687035793648042,-0.154426970801959,0.118829212362192,-0.0809060666896964,0.0638756384127098,-0.0574584663659936,-0.272600371245881,0.157170262422224
22.396238698368,0.0676562605276915,-0.153987225655313,0.118323293599566,-0.0811243329078781,0.0635055177983664,-0.0574851635416677,-0.2716378388997,0.157722928552663
22.5515599377096,0.0666144149511257,-0.153540914265745,0.1178146736934,-0.0813402157276506,0.0631351254674101,-0.057509886454072,-0.27066876859597,0.158271384580081
22.7079583528983,0.0655781190149338,-0.153088121278146,0.117303371475593,-0.0815536761310164,0.0627644807924749,-0.0575326325429011,-0.269693190501959,0.158815538219297
22.8654414143084,0.0645474473933546,-0.152628932323838,0.116789406461733,-0.0817646751450465,0.0623936031560141,-0.0575533994186964,-0.268711136425659,0.159355297159677
23.0240166441225,0.0635224730408893,-0.152163433980293,0.116272798855276,-0.0819731738551569,0.0620225119497887,-0.0575721848619515,-0.267722639826296,0.159890569097993
23.1836916166905,0.062503267179237,-0.15169171373071,0.115753569551452,-0.0821791334186082,0.0616512265744111,-0.0575889868222836,-0.266727735824118,0.160421261771769
23.3444739588916,0.0614898992853155,-0.151213859923451,0.11523174014088,-0.0823825150782248,0.0612797664389409,-0.0576038034176734,-0.265726461209446,0.16094728299312
23.5063713504986,0.0604824370803628,-0.150729961731392,0.114707332912891,-0.0825832801763267,0.0609081509605291,-0.0576166329337772,-0.264718854450966,0.161468540683032
23.6693915245447,0.059480946520116,-0.150240109111205,0.11418037085854,-0.0827813901688674,0.0605363995641047,-0.0576274738233114,-0.263704955703245,0.16198494290611
23.8335422676926,0.0584854917860651,-0.149744392762612,0.113650877673312,-0.0829768066397712,0.0601645316821011,-0.0576363247055138,-0.262684806813446,0.162496397905731
23.9988314206069,0.0574961352777719,-0.149242904087634,0.113118877759498,-0.0831694913154629,0.0597925667542167,-0.0576431843656817,-0.261658451327233,0.163002814139614
24.1652668783283,0.0565129376062513,-0.148735735149877,0.112584396228244,-0.0833594060795817,0.0594205242272052,-0.0576480517547894,-0.26062593449384,0.163504100315777
24.3328565906507,0.0555359575884054,-0.14822297863387,0.112047458901253,-0.0835465129878714,0.0590484235546916,-0.0576509259891863,-0.259587303270289,0.164000165428856
24.5016085625011,0.0545652522425017,-0.147704727804496,0.111508092312147,-0.0837307742832391,0.0586762841970073,-0.0576518063503765,-0.258542606324746,0.16449091879677
24.6715308543219,0.0536008767846878,-0.147181076466541,0.110966323707464,-0.0839121524109726,0.0583041256210429,-0.057650692284881,-0.257491894038984,0.164976270097704
24.8426315824557,0.0526428846265303,-0.146652118924396,0.110422181047291,-0.0840906100341084,0.0579319673001096,-0.057647583404184,-0.256435218509957,0.165456129407401
25.0149189195333,0.0516913273735686,-0.146117949941919,0.109875693005528,-0.0842661100489399,0.0575598287138083,-0.0576424794847616,-0.255372633550447,0.16593040723672
25.1884010948637,0.0507462548248705,-0.14557866470252,0.109326888969767,-0.0844386156006564,0.0571877293478986,-0.0576353804681962,-0.254304194688796,0.166399014569445
25.3630863948277,0.049807714973578,-0.145034358769458,0.108775799040787,-0.0846080900991024,0.056815688694164,-0.0576262864613737,-0.253229959167681,0.166861862900328
25.538983163273,0.0488757540084296,-0.144485128046405,0.10822245403165,-0.0847744972346476,0.0564437262502694,-0.057615197736765,-0.252149985941941,0.167318864273326
25.7160998019135,0.0479504163162441,-0.143931068738286,0.107666885466397,-0.0849378009941542,0.0560718615196037,-0.0576021147327911,-0.251064335675432,0.167769931320011
25.89444477073,0.0470317444853536,-0.143372277312425,0.10710912557834,-0.085097965677034,0.0557001140111046,-0.0575870380542706,-0.249973070736905,0.168214977298129
26.0740265883745,0.0461197793099674,-0.142808850460028,0.106549207307937,-0.0852549559113797,0.0553285032390604,-0.0575699684729485,-0.248876255194887,0.168653916130283
26.2548538325773,0.0452145597954526,-0.142240885058011,0.105987164300244,-0.085408736670162,0.0549570487228828,-0.0575509069281064,-0.247773954811563,0.169086662442695
26.4369351405564,0.0443161231645153,-0.141668478131214,0.105423030901954,-0.0855592732874784,0.0545857699868482,-0.0575298545272509,-0.246666237035654,0.169513131604044
26.6202792094301,0.043424504864263,-0.141091726815007,0.104856842157992,-0.0857065314748408,0.054214686559801,-0.0575068125468804,-0.245553170994266,0.169933239764326
26.8048947966327,0.0425397385741326,-0.140510728318321,0.104288633807689,-0.0858504773374918,0.0538438179748147,-0.057481782433327,-0.244434827483718,0.170346903893726
26.9907907203326,0.0416618562146653,-0.13992557988712,0.103718442280511,-0.0859910773907339,0.0534731837688076,-0.0574547658036715,-0.243311278959342,0.17075404182146
27.1779758598533,0.040790887957109,-0.139336378768331,0.103146304691348,-0.0861282985762596,0.0531028034821071,-0.0574257644467313,-0.242182599524236,0.171154572274557
27.3664591560979,0.0399268622338301,-0.138743222174261,0.102572258835358,-0.0862621082784694,0.0527326966579593,-0.0573947803241152,-0.241048864916984,0.171548414916557
27.556249611976,0.0390698057495143,-0.138146207247507,0.101996343182368,-0.0863924743407635,0.0523628828419796,-0.0573618155713456,-0.239910152498326,0.171935490386089
27.7473562928336,0.0382197434931376,-0.137545431026387,0.101418596870819,-0.0865193650817931,0.05199338158154,-0.0573268724990435,-0.238766541236776,0.172315720335296
27.9397883268864,0.0373766987506865,-0.136940990410898,0.100839059701264,-0.0866427493116582,0.05162421242509,-0.0572899535941736,-0.237618111693205,0.172689027468076
28.1335549056553,0.0365406931186061,-0.136332982129234,0.100257772129412,-0.0867625963480368,0.0512553949214065,-0.0572510615213462,-0.236464946004356,0.173055335578115
28.3286652844062,0.0357117465179577,-0.135721502704861,0.0996747752587184,-0.0868788760322318,0.0508869486187699,-0.057210199124173,-0.235307127865328,0.173414569586663
28.5251287825912,0.0348898772092622,-0.135106648424173,0.0990901108325218,-0.0869915587451211,0.0505188930640623,-0.0571673694266722,-0.234144742511,0.173766655580032
28.7229547842946,0.0340751018080096,-0.134488515304746,0.098503821225729,-0.0871006154229964,0.0501512478017853,-0.0571225756347195,-0.232977876696419,0.174111520846791
28.9221527386804,0.0332674353008117,-0.133867199064192,0.0979159494360447,-0.0872060175732752,0.0497840323729941,-0.0570758211375424,-0.231806618676149,0.174449093914599
29.1227321604441,0.0324668910621784,-0.133242795089638,0.0973265390747512,-0.0873077372900737,0.0494172663141448,-0.0570271095092507,-0.230631058182582,0.174779304586678
29.324702630267,0.0316734808718935,-0.132615398407832,0.0967356343570379,-0.0874057472696222,0.0490509691558523,-0.056976444510403,-0.229451286403226,0.175102083977854
29.5280737952738,0.0308872149329692,-0.131985103655889,0.096143280091884,-0.0875000208255128,0.0486851604215573,-0.0569238300896003,-0.22826739595697,0.175417364550178
29.7328553694936,0.0301081018901567,-0.131352005052694,0.0955495216714957,-0.0875905319037604,0.0483198596260985,-0.0568692703851073,-0.227079480869343,0.175725080148051
29.9390571343235,0.029336148848992,-0.130716196370957,0.0949544050603034,-0.087677255097665,0.0479550862741892,-0.0568127697264919,-0.225887636546764,0.176025166032847
30.1466889389963,0.0285713613953524,-0.130077770909944,0.0943579767835212,-0.08776016566246,0.0475908598587962,-0.0567543326362822,-0.224691959749815,0.176317558917003
30.3557607010504,0.0278137436155038,-0.129436821468881,0.0937602839152731,-0.0878392395297318,0.0472271998594192,-0.0566939638316334,-0.223492548565524,0.17660219699752
30.566282406804,0.0270632981166151,-0.128793440321046,0.093161374066293,-0.0879144533215954,0.0468641257402695,-0.0566316682260026,-0.222289502378692,0.176879019988872
30.7782641118319,0.0263200260477182,-0.128147719188543,0.0925612953712013,-0.0879857843646135,0.0465016569483467,-0.0565674509308232,-0.221082921842271,0.177147969155273
30.9917159414457,0.0255839271210909,-0.127499749217779,0.0919600964753658,-0.0880532107034433,0.0461398129114124,-0.0565013172571772,-0.219872908846804,0.177408987342277
31.2066480911777,0.0248549996340412,-0.126849620955641,0.0913578265213542,-0.0881167111141974,0.0457786130358608,-0.0564332727174585,-0.218659566488952,0.177662019007683
31.4230708272674,0.024133240491071,-0.126197424326372,0.0907545351349831,-0.0881762651175047,0.0454180767044848,-0.0563633230270228,-0.217442999039125,0.177907010251704
31.6409944871527,0.0234186452263959,-0.125543248609165,0.0901502724109733,-0.0882318529912584,0.0450582232741382,-0.0562914741058193,-0.216223311908227,0.178143908846387
31.8604294799627,0.022711208026802,-0.124887182416459,0.089545088898219,-0.0882834557830361,0.0446990720732934,-0.0562177320799982,-0.215000611613555,0.178372664264242
32.0813862870155,0.0220109217548155,-0.124229313672952,0.0889390355846793,-0.0883310553221811,0.044340642399495,-0.0561421032834903,-0.213775005743841,0.178593227706053
32.3038754623189,0.0213177779721647,-0.123569729595336,0.0883321638819011,-0.0883746342315284,0.0439829535167101,-0.0560645942595528,-0.212546602923503,0.178805552127849
32.5279076330741,0.0206317669635137,-0.122908516672733,0.0877245256091844,-0.0884141759387673,0.0436260246525757,-0.0559852117622761,-0.211315512776083,0.179009592267001
32.7534935001834,0.0199528777604456,-0.122245760647866,0.0871161729773986,-0.0884496646874235,0.0432698749955439,-0.0559039627580478,-0.210081845886933,0.179205304667427
32.9806438387618,0.019281098165675,-0.121581546498929,0.0865071585724618,-0.0884810855474525,0.0429145236919266,-0.0558208544269672,-0.208845713765151,0.179392647703867
33.2093694986511,0.0186164147774691,-0.120915958422186,0.0858975353384933,-0.08850842442543,0.0425599898428402,-0.0557358941642071,-0.207607228804809,0.179571581605219
33.4396814049384,0.0179588130142571,-0.120249079815279,0.0852873565606517,-0.0885316680743299,0.0422062925010533,-0.0556490895813172,-0.206366504245488,0.179742068476892
33.6715905584778,0.017308277139407,-0.119580993261244,0.0846766758476699,-0.0885508041028771,0.0418534506677378,-0.0555604485074641,-0.205123654132152,0.179904072322176
33.9051080364161,0.0166647902861511,-0.118911780513245,0.084065547114101,-0.0885658209844662,0.0415014832891264,-0.0554699789906043,-0.203878793274405,0.180057559062588
34.1402449927217,0.0160283344826398,-0.118241522480009,0.083454024562285,-0.0885767080656354,0.0411504092530774,-0.055377689298584,-0.202632037205129,0.18020249655718
34.3770126587175,0.0153988906771049,-0.11757029921197,0.0828421626640539,-0.088583455574085,0.040800247385552,-0.0552835879201636,-0.201383502138569,0.18033885462079
34.6154223436172,0.0147764387631129,-0.116898189888102,0.0822300161421841,-0.0885860546262332,0.040451016447003,-0.0551876835659596,-0.200133304927873,0.180466605041221
34.8554854350656,0.0141609576048898,-0.11622527280346,0.0816176399516142,-0.0885844972342991,0.0401027351286811,-0.0550899851693021,-0.198881563022125,0.180585721595311
35.0972133996824,0.0135524250626996,-0.115551625357402,0.08100508926044,-0.0885787763129044,0.0397554220488597,-0.0549905018870026,-0.197628394422914,0.180696180063904
35.3406177836102,0.0129508180182579,-0.1148773240425,0.0803924194307021,-0.0885688856851878,0.0394090957489822,-0.0548892431000287,-0.196373917640454,0.180797958245687
35.5857102130658,0.0123561124001629,-0.114202444434126,0.0797796859989817,-0.0885548200884225,0.0390637746897358,-0.0547862184140805,-0.195118251649309,0.18089103596988
35.8325023948954,0.0117682832093268,-0.113527061180714,0.0791669446568187,-0.0885365751791326,0.0387194772470535,-0.0546814376600675,-0.193861515843739,0.180975395107782
36.081006117134,0.011187304544391,-0.112851247994686,0.0785542512309684,-0.0885141475376999,0.0383762217080504,-0.0545749108944803,-0.192603829992723,0.181051019583131
36.3312332495683,0.0106131496271071,-0.112175077644039,0.0779416616635126,-0.0884875346724575,0.0380340262668959,-0.0544666483996541,-0.191345314194674,0.1811178953813
36.5831957443038,0.0100457908276694,-0.111498621944583,0.0773292319918401,-0.0884567350232637,0.0376929090206278,-0.0543566606839221,-0.190086088831896,0.181176010557292
36.8369056363357,0.00948519968998156,-0.110821951752819,0.0767170183285138,-0.0884217479645531,0.0373528879649109,-0.0542449584816539,-0.188826274524812,0.181225355242548
37.0923750441235,0.0089313469568426,-0.11014513695946,0.0761050768410403,-0.088382573807859,0.0370139809897451,-0.0541315527531784,-0.187565992086008,0.181265921650535
37.3496161701702,0.00838420259503734,-0.109468246483572,0.0754934637315583,-0.0883392138038065,0.0366762058751277,-0.0540164546845858,-0.186305362474121,0.181297704081138
37.6086413016048,0.00784373582031607,-0.10879134826734,0.0748822352164621,-0.0882916701435711,0.0363395802866736,-0.0538996756874085,-0.185044506747614,0.181320698923827
37.8694628107695,0.00730991512224947,-0.108114509271437,0.074271447505978,-0.0882399459598024,0.0360041217711982,-0.0537812273981778,-0.183783546018473,0.181334904659604
38.1320931558105,0.00678270828894509,-0.107437795471004,0.0736611567837089,-0.0881840453270103,0.0356698477522687,-0.0536611216778546,-0.182522601405864,0.181340321861737
38.3965448812729,0.00626208243161141,-0.106761271852205,0.0730514191861643,-0.0881239732614136,0.0353367755257268,-0.0535393706111312,-0.18126179398979,0.18133695319526
38.6628306187004,0.00574800400895701,-0.10608500240938,0.0724422907822938,-0.08805973572025,0.0350049222551895,-0.0534159865056046,-0.180001244764784,0.181324803415263
38.9309630872381,0.00524043885141149,-0.105409050142758,0.0718338275530383,-0.0879913396005483,0.0346743049675314,-0.053290981890818,-0.178741074593669,0.181303879363957
39.2009550942403,0.00473935218515649,-0.104733477056733,0.0712260853709183,-0.0879187927373634,0.0343449405483542,-0.0531643695171703,-0.177481404161439,0.18127418996652
39.4728195358824,0.00424470865595456,-0.104058344158694,0.0706191199796742,-0.087842103901476,0.0340168457374491,-0.0530361623546924,-0.176222353929276,0.181235746225739
39.7465693977764,0.00375647235276454,-0.10338371145839,0.0700129869739761,-0.0877612827965584,0.0336900371242548,-0.0529063735916893,-0.174964044088765,0.181188561215441
40.0222177555915,0.00327460683113249,-0.102709637967827,0.0694077417792198,-0.0876763400558097,0.0333645311433193,-0.0527750166332476,-0.173706594516321,0.181132650072723
40.2997777756789,0.00279907513634724,-0.102036181701682,0.0688034396314238,-0.0875872872380633,0.0330403440697681,-0.0526421050996084,-0.172450124727876,0.181068029988999
40.5792627157,0.00232983982635067,-0.101363399678224,0.0682001355572465,-0.0874941368233713,0.0327174920147848,-0.0525076528244045,-0.171194753833869,0.180994720199862
40.8606859252603,0.00186686299439271,-0.100691347920726,0.0675978843541367,-0.0873969022080685,0.0323959909211094,-0.0523716738527633,-0.169940600494551,0.180912741973777
41.1440608465467,0.00141010629142143,-0.100020081459373,0.0669967405706351,-0.0872955976993232,0.0320758565585592,-0.0522341824392745,-0.168687782875672,0.180822118599617
41.4294010149697,0.000959530948199746,-0.0993496543336253,0.0663967584868419,-0.0871902385091788,0.0317571045195766,-0.0520951930458237,-0.167436418604561,0.180722875373055
41.7167200598098,0.000515097797139296,-0.0986801195950597,0.0657979920950665,-0.0870808407480931,0.0314397502148106,-0.0519547203392929,-0.166186624726636,0.180615039581829
42.0060317048688,7.67672938441384e-05,-0.0980115293106469,0.0652004950806731,-0.0869674214179808,0.0311238088687342,-0.0518127791891275,-0.164938517662392,0.180498640489886
42.2973497691249,-0.000355500461644283,-0.097343934566473,0.0646043208031392,-0.0868499984047682,0.0308092955153056,-0.0516693846647733,-0.163692213164888,0.180373709320442
42.5906881673929,-0.000781745703908055,-0.0966773854718852,0.0640095222773399,-0.0867285904704663,0.0304962249936763,-0.0515245520329816,-0.162447826277761,0.180240279237952
42.8860609109892,-0.00120200898152662,-0.0960119311640494,0.0634161521550726,-0.0866032172447705,0.0301846119439504,-0.0513782967549874,-0.161205471293816,0.180098385329025
43.1834821084004,-0.00161633113677029,-0.0953476198129112,0.0628242627068377,-0.0864738992161967,0.029874470803002,-0.0512306344835593,-0.159965261714203,0.179948064582299
43.4829659659579,-0.00202475328561987,-0.0946844986265452,0.062233905803886,-0.0863406577227614,0.0295658158003525,-0.0510815810599252,-0.158727310208231,0.179789355867299
43.7845267885158,-0.00242731679811785,-0.0940226138568824,0.061645132900549,-0.0862035149422167,0.0292586609541151,-0.0509311525105748,-0.157491728573824,0.179622299912299
44.0881789801347,-0.00282406327905737,-0.0933620108058026,0.0610579950168626,-0.0860624938818494,0.0289530200670086,-0.0507793650439414,-0.156258627698674,0.179446939281206
44.3939370447695,-0.00321503454901378,-0.0927027338315805,0.0604725427214991,-0.0859176183678547,0.0286489067224463,-0.0506262350469652,-0.155028117522101,0.1792633183495
44.701815586962,-0.00360027262572336,-0.092044826355673,0.0598888261150165,-0.0857689130342958,0.0283463342807032,-0.0504717790815416,-0.153800306997647,0.179071483279251
45.0118293125388,-0.00397981970581438,-0.0913883308698356,0.0593068948134393,-0.0856164033116595,0.0280453158751671,-0.0503160138808556,-0.152575304056437,0.17887148199323
45.3239930293136,-0.00435371814689383,-0.0907332889435561,0.0587267979321813,-0.0854601154150215,0.027745864408675,-0.0501589563456069,-0.151353215571333,0.178663364148155
45.6383216477945,-0.00472201044999419,-0.0900797412317941,0.0581485840703204,-0.0853000763318302,0.027447992549942,-0.0500006235401274,-0.150134147321891,0.178447181107086
45.954830181896,-0.0050847392423833,-0.089427727483013,0.0575723012952356,-0.085136313809324,0.0271517127300825,-0.0498410326883958,-0.148918203960156,0.178222985911011
46.2735337496566,-0.00544194726074053,-0.0887772865474941,0.0569979971276178,-0.0849688563415938,0.026857037139231,-0.0496802011699504,-0.147705488977317,0.177990833249632
46.5944475739604,-0.00579367733470205,-0.0881284563859198,0.0564257185268609,-0.084797733156302,0.0265639777232635,-0.0495181465157064,-0.146496104671229,0.177750779431399
46.9175869832646,-0.00613997237077744,-0.0874812740782156,0.0558555118768447,-0.0846229742010736,0.026272546180623,-0.0493548864036778,-0.145290152114841,0.177502882352814
47.2429674123316,-0.00648087533664008,-0.0868357758326369,0.0552874229721153,-0.084444610129571,0.0259827539592531,-0.0491904386546115,-0.144087731125527,0.177247201467031
47.5706044029659,-0.00681642924579274,-0.0861919969950916,0.0547214970044731,-0.0842626722872659,0.0256946122536421,-0.049024821227534,-0.142888940235354,0.17698379775179
47.9005136047569,-0.00714667714261007,-0.0855499720586849,0.0541577785499746,-0.0840771926969237,0.0254081320019804,-0.0488580522152162,-0.141693876662294,0.176712733676711
48.2327107758263,-0.00747166208775907,-0.0849097346734764,0.0535963115563535,-0.0838882040438123,0.0251233238834332,-0.0486901498395606,-0.140502636282399,0.176434073169985
48.5672117835806,-0.00779142714399863,-0.0842713176564365,0.0530371393308702,-0.0836957396606504,0.0248401983155323,-0.0485211324469132,-0.139315313602949,0.176147881584481
48.904032605469,-0.00810601536235831,-0.0836347530015933,0.052480304528593,-0.0834998335123098,0.024558765451688,-0.0483510185033068,-0.138132001736584,0.175854225663325
49.243189329747,-0.00841546976869724,-0.0830000718903559,0.0519258491411165,-0.0833005201802849,0.0242790351788235,-0.0481798265896372,-0.136952792376441,0.175553173504953
49.5846981562442,-0.00871983335064259,-0.0823673047020054,0.0513738144857225,-0.0830978348469448,0.0240010171151343,-0.0480075753967781,-0.135777775772293,0.175244794527696
49.9285753971387,-0.00901914904490791,-0.0817364810243426,0.0508242411949882,-0.082891813279582,0.0237247206079734,-0.0478342837206392,-0.134607040707706,0.174929159433915
50.2748374777359,-0.00931345972499042,-0.0811076296644796,0.0502771692068424,-0.0826824918142721,0.0234501547318649,-0.0476599704571707,-0.133440674478227,0.174606340173727
50.6235009372529,-0.00960280818924675,-0.0804807786597675,0.0497326377550764,-0.0824699073395597,0.023177328286646,-0.0474846545973193,-0.132278762870593,0.174276409908345
50.974582429609,-0.00988723714934599,-0.0798559552888475,0.0491906853603094,-0.0822540972799835,0.0229062497957402,-0.04730835522194,-0.131121390142986,0.173939442973077
51.3280987242209,-0.0101667892190991,-0.0792331860828161,0.0486513498214111,-0.0820350995794575,0.0226369275045616,-0.0471310914966677,-0.129968639006323,0.17359551484001
51.6840667068035,-0.0104415069036625,-0.0786124968364951,0.0481146682073849,-0.0818129526845203,0.0223693693790516,-0.0469528826667543,-0.128820590606593,0.173244702080406
52.0425033801768,-0.0107114325891151,-0.0779939126197935,0.0475806768497088,-0.0815876955274688,0.0221035831043484,-0.0467737480518734,-0.127677324508241,0.172887082326855
52.4034258650778,-0.010976608532406,-0.077377457789155,0.0470494113351384,-0.0813593675093893,0.0218395760835906,-0.0465937070408997,-0.126538918678595,0.172522734235212
52.7668514009784,-0.0112370768516711,-0.0767631559990787,0.0465209064989696,-0.0811280084831015,0.0215773554368535,-0.0464127790866653,-0.125405449473343,0.172151737446344
53.1327973469088,-0.0114928795169162,-0.0761510302137045,0.0459951964187614,-0.0808936587360286,0.0213169280002209,-0.0462309837006985,-0.124276991623056,0.171774172547725
53.5012811822866,-0.0117440583410645,-0.0755411027184547,0.0454723144085177,-0.080656358973008,0.0210583003249899,-0.0460483404479492,-0.123153618220749,0.171390121034918
53.8723205077517,-0.011990654971364,-0.0749333951317198,0.0449522930133261,-0.0804161502990558,0.0208014786770097,-0.0458648689415052,-0.122035400710493,0.170999665272957
54.2459330460073,-0.0122327108811547,-0.0743279284165835,0.0444351640044531,-0.0801730742021005,0.0205464690361546,-0.0456805888373034,-0.120922408877046,0.170602888457675
54.6221366426659,-0.0124702673619897,-0.0737247228925737,0.043920958374892,-0.0799271725356972,0.0202932770959292,-0.0454955198288409,-0.11981471083653,0.170199874577005
55.0009492671021,-0.0127033655161089,-0.0731237982474344,0.0434097063353609,-0.0796784875017373,0.0200419082632066,-0.0453096816418891,-0.118712373028123,0.169790708372279
55.3823890133107,-0.0129320462492602,-0.0725251735489078,0.042901437310749,-0.0794270616331662,0.0197923676580984,-0.0451230940292162,-0.117615460206765,0.169375475299565
55.7664741007712,-0.013156350263866,-0.071928867256519,0.0423961799370051,-0.0791729377767218,0.0195446601139552,-0.0449357767653208,-0.116524035436883,0.168954261491056
56.1532228753178,-0.0133763180525303,-0.0713348972333553,0.0418939620584667,-0.0789161590757068,0.0192987901774967,-0.0447477496411826,-0.1154381600871,0.16852715371656
56.5426538100157,-0.0135919898918828,-0.0707432807578313,0.0413948107256236,-0.0786567689528074,0.0190547621090704,-0.044559032459031,-0.114357893825947,0.168094239345095
56.9347855060436,-0.0138034058367559,-0.0701540345354334,0.0408987521933122,-0.0783948110929696,0.0188125798830378,-0.0443696450271396,-0.113283294618544,0.167655606306641
57.3296366935823,-0.0140106057146899,-0.0695671747104346,0.040405811919334,-0.0781303294263462,0.0185722471882857,-0.044179607154646,-0.11221441872425,0.167211343054057
57.7272262327089,-0.0142136291207631,-0.0689827168775727,0.0399160145634954,-0.0778633681113252,0.0183337674288619,-0.0439889386464046,-0.111151320695271,0.166761538525199
58.1275731142982,-0.0144125154127408,-0.0684006760936858,0.0394293839870594,-0.0775939715176517,0.0180971437247333,-0.0437976592978726,-0.110094053376197,0.166306282105264
58.5306964609293,-0.0146073037065405,-0.0678210668892952,0.0389459432526057,-0.077322184209653,0.0178623789126644,-0.0436057888900357,-0.109042667904482,0.16584566358938
58.9366155277994,-0.0147980328720062,-0.0672439032801326,0.0384657146242927,-0.0770480509295798,0.0176294755472147,-0.0434133471843742,-0.107997213711825,0.165379773145476
59.3453497036433,-0.0149847415289896,-0.0666691987786012,0.0379887195685117,-0.0767716165810707,0.0173984359018519,-0.0432203539178748,-0.10695773852645,0.164908701277437
59.7569185116595,-0.0151674680437309,-0.066096966405167,0.037514978754931,-0.076492926212754,0.0171692619701806,-0.0430268287980908,-0.105924288376271,0.164432538788599
60.1713416104428,-0.0153462505255356,-0.065527218699672,0.0370445120579176,-0.0762120250019925,0.0169419554672823,-0.042832791498253,-0.104896907592916,0.163951376745567
60.5886387949234,-0.0155211268237424,-0.064959967732565,0.0365773385583332,-0.0759289582387835,0.0167165178311656,-0.0426382616524352,-0.103875638816605,0.16346530644241
61.0088299973121,-0.0156921345249749,-0.0643952251160421,0.0361134765456937,-0.0756437713098219,0.0164929502243239,-0.042443258850777,-0.102860523001855,0.162974419365235
61.4319352880526,-0.0158593109506746,-0.0638330020150922,0.0356529435206857,-0.075356509682735,0.0162712535353977,-0.0422478026347665,-0.101851599423994,0.162478807157171
61.8579748767801,-0.0160226931549079,-0.0632733091584428,0.035195756198032,-0.0750672188904978,0.0160514283809396,-0.0420519124925855,-0.100848905686476,0.161978561583769
62.2869691132868,-0.0161823179224426,-0.0627161568493979,0.0347419305096963,-0.0747759445160364,0.015833475107279,-0.04185560785452,-0.0998524777289658,0.161473774498853
62.7189384884933,-0.0163382217670872,-0.0621615549765665,0.0342914816084205,-0.074482732177027,0.0156173937924839,-0.041658908088438,-0.0988623498361791,0.160964537810825
63.1539036354283,-0.0164904409302895,-0.0616095130244728,0.0338444238715842,-0.074187627510898,0.0154031842484164,-0.0414618324953376,-0.0978785546474616,0.16045094344945
63.5918853302131,-0.0166390113799867,-0.0610600400840467,0.0334007709053787,-0.0738906761600422,0.0151908460228807,-0.0412644003049669,-0.0969011231670816,0.159933083333133
64.032904493055,-0.0167839688097023,-0.0605131448629872,0.032960535549286,-0.0735919237572449,0.014980378401859,-0.0410666306715177,-0.0959300847752195,0.159411049336704
64.4769821892457,-0.0169253486378848,-0.0599688356959961,0.032523729880854,-0.0732914159113351,0.0147717804118333,-0.0408685426693957,-0.0949654672396315,0.158884933259725
64.9241396301678,-0.0170631860074805,-0.0594271205548763,0.0320903652207585,-0.0729891981930643,0.0145650508221905,-0.0406701552890687,-0.0940072967279691,0.158354826795333
65.3743981743082,-0.0171975157857368,-0.0588880070584916,0.0316604521381436,-0.0726853161212198,0.0143601881477064,-0.0404714874329934,-0.0930555978207304,0.157820821499636
65.827779328278,-0.0173283725642283,-0.0583515024825833,0.0312340004562297,-0.0723798151489759,0.014157190651108,-0.0402725579116246,-0.0921103935248249,0.157283008761659
66.2843047478397,-0.0174557906591006,-0.0578176137694399,0.0308110192581815,-0.0720727406504893,0.013956056345708,-0.0400733854395057,-0.0911717052877294,0.156741479773877
66.7439962389419,-0.0175798041115267,-0.0572863475374168,0.0303915168932251,-0.0717641379077418,0.0137567829981121,-0.0398739886314443,-0.090239553012213,0.156196325503319
67.2068757587607,-0.017700446688368,-0.0567577100903016,0.0299755009830064,-0.0714540520976348,0.0135593681309922,-0.0396743859987719,-0.0893139550716109,0.155647636663268
67.6729654167483,-0.0178177518830362,-0.0562317074265227,0.0295629784281795,-0.0711425282793398,0.0133638090259263,-0.0394745959456905,-0.0883949283256246,0.155095503685564
68.1422874756894,-0.0179317529165484,-0.0557083452481976,0.0291539554152177,-0.0708296113819067,0.0131701027262985,-0.039274636765706,-0.0874824881366282,0.154540016693515
68.6148643527643,-0.0180424827387704,-0.0551876289700171,0.0287484374234363,-0.0705153461921342,0.0129782460402592,-0.0390745266381498,-0.0865766483864569,0.153981265475419
69.0907186206199,-0.0181499740298418,-0.0546695637279644,0.0283464292322186,-0.0701997773427051,0.0127882355437399,-0.0388742836247896,-0.0856774214936597,0.153419339458721
69.5698730084476,-0.0182542592017772,-0.054154154387865,0.027947934928435,-0.0698829493005869,0.0126000675835219,-0.0386739256665286,-0.0847848184311917,0.15285432768479
70.0523504030693,-0.0183553704002364,-0.0536414055537653,0.0275529579140473,-0.069564906355702,0.0124137382803534,-0.0384734705801962,-0.0838988487445256,0.15228631878433
70.5381738500302,-0.0184533395064599,-0.0531313215761379,0.0271615009138879,-0.0692456926098678,0.0122292435321146,-0.0382729360554275,-0.0830195205701627,0.151715400953435
71.0273665547,-0.0185481981393607,-0.0526239065599108,0.0267735659836046,-0.0689253519660082,0.0120465790170259,-0.0380723396516353,-0.08214684065452,0.151141661930285
71.5199518833807,-0.018639977657769,-0.0521191643723193,0.0263891545177632,-0.068603928117638,0.0118657401968973,-0.0378716987950712,-0.0812808143731733,0.150565188972482
72.0159533644237,-0.0187287091628219,-0.0516170986505779,0.0260082672580978,-0.0682814645386201,0.0116867223204155,-0.0376710307759793,-0.0804214457504358,0.149986068835046
72.5153946893524,-0.0188144235004936,-0.051117712809371,0.0256309043019003,-0.0679580044731976,0.0115095204264669,-0.0374703527458403,-0.0795687374792522,0.149404387749044
73.0182997139948,-0.018897151264259,-0.0506210100481612,0.0252570651105411,-0.0676335909262986,0.0113341293474916,-0.0372696817147066,-0.0787226909413849,0.148820231400887
73.5246924596224,-0.0189769227978851,-0.0501269933583124,0.0248867485181108,-0.0673082666541162,0.0111605437128687,-0.037069034548629,-0.0778833062278766,0.148233684912267
74.0345971140979,-0.0190537681983446,-0.049635665530028,0.0245199527401757,-0.0669820741549608,0.0109887579523266,-0.0368684279671727,-0.0770505821597646,0.147644832820749
74.5480380330304,-0.0191277173188453,-0.0491470291591025,0.0241566753826392,-0.0666550556603863,0.0108187662993791,-0.036667878541025,-0.0762245163090312,0.147053759061012
75.0650397409388,-0.0191987997719692,-0.048661086653485,0.0237969134506986,-0.0663272531265882,0.0106505627947815,-0.0364674026896921,-0.0754051050197679,0.146460546946746
75.585626932423,-0.0192670449329168,-0.0481778402396545,0.0234406633578918,-0.0659987082260725,0.0104841412900068,-0.0362670166792851,-0.0745923434295353,0.145865279153185
76.1098244733437,-0.0193324819428482,-0.0476972919688064,0.0230879209352249,-0.0656694623395944,0.0103194954507377,-0.0360667366203956,-0.0737862254909008,0.145268037700294
76.6376574020103,-0.0193951397123182,-0.0472194437228482,0.0227386814403721,-0.0653395565483654,0.0101566187603723,-0.0358665784660585,-0.0729867439931331,0.144668903936598
77.1691509303763,-0.019455046924797,-0.0467442972202066,0.0223929395669421,-0.0650090316265266,0.00999550452354146,-0.0356665580098031,-0.0721938905840382,0.144067958523644
77.7043304452438,-0.0195122320402726,-0.046271854021443,0.0220506894538024,-0.0646779280338863,0.00983614586963578,-0.03546669088379,-0.0714076557919168,0.143465281421102
78.2432215094763,-0.0195667232989273,-0.0458021155346789,0.0217119246944539,-0.0643462859089204,0.00967853575633836,-0.0352669925570343,-0.0706280290476263,0.142860951872499
78.7858498632195,-0.0196185487248851,-0.045335083020831,0.0213766383464503,-0.0640141450620323,0.00952266697316285,-0.0350674783337137,-0.0698549987067312,0.142255048391576
79.3322414251308,-0.0196677361300221,-0.0448707575986552,0.0210448229408537,-0.0636815449690706,0.00936853214499355,-0.0348681633515601,-0.0690885520717232,0.141647648749262
79.8824222936175,-0.019714313117835,-0.0444091402496015,0.0207164704917206,-0.0633485247651016,0.00921612373562591,-0.0346690625803344,-0.0683286754142964,0.141038829961272
80.436418748083,-0.0197583070873628,-0.043950231822478,0.0203915725056122,-0.0630151232384338,0.0090654340513051,-0.034470190820383,-0.0675753539976604,0.140428668276308
80.9942572501823,-0.0197997452371555,-0.0434940330379265,0.0200701199911211,-0.0626813788248912,0.00891645524426088,-0.0342715627012748,-0.0668285720988762,0.139817239164865
81.555964445086,-0.019838654569284,-0.043040544492709,0.0197521034684102,-0.0623473296023329,0.00876917931623677,-0.0340731926805182,-0.0660883130311993,0.13920461730863
82.121567162753,-0.0198750618933873,-0.0425897666638065,0.0194375129787563,-0.0620130132854152,0.00862359812201163,-0.0338750950423555,-0.0653545591664156,0.138590876590475
82.6910924192116,-0.0199089938307492,-0.0421416999123312,0.0191263380940936,-0.0616784672205926,0.008479703372912,-0.0336772838966354,-0.0646272919571551,0.137976090085028
83.2645674178507,-0.0199404768184019,-0.0416963444872519,0.0188185679265512,-0.061343728381356,0.00833748664031329,-0.0334797731777604,-0.0639064919591703,0.13736033004982
83.8420195507184,-0.0199695371132493,-0.0412537005289356,0.0185141911379791,-0.0610088333637013,0.0081969393591284,-0.033282576643709,-0.0631921388535638,0.136743667916997
84.423476399831,-0.0199962007962052,-0.0408137680725046,0.0182131959494577,-0.0606738183818284,0.00805805283128206,-0.0330857078751312,-0.0624842114689546,0.136126174285588
85.0089657384898,-0.0200204937763417,-0.0403765470510125,0.0179155701507864,-0.0603387192640638,0.00792081822916934,-0.0328891802745152,-0.0617826878035675,0.135507918914327
85.5985155326084,-0.020042441795043,-0.0399420372984382,0.0176213011099451,-0.0600035714490048,0.00778522659909713,-0.0326930070654249,-0.0610875450472354,0.134888970715012
86.1921539420481,-0.020062070430158,-0.0395102385525021,0.0173303757825255,-0.0596684099818811,0.00765126886470689,-0.0324972012918062,-0.0603987596033014,0.134269397746396
86.7899093219629,-0.0200794051001492,-0.0390811504573039,0.017042780721127,-0.0593332695111289,0.00751893583037762,-0.0323017758173606,-0.0597163071104092,0.133649267208601
87.3918102241541,-0.0200944710682299,-0.0386547725657857,0.0167585020847134,-0.0589981842851747,0.00738821818460777,-0.0321067433249851,-0.0590401624641709,0.133028645438048
87.9978853984339,-0.0201072934464888,-0.0382311043420207,0.016477525647926,-0.0586631881494239,0.00725910650337481,-0.0319121163162768,-0.0583702998387019,0.132407597902885
88.6081637939989,-0.0201178971999929,-0.0378101451633314,0.0161998368103498,-0.0583283145434507,0.00713159125347149,-0.0317179071111,-0.0577066927080116,0.131786189198913
89.2226745608124,-0.0201263071508683,-0.0373918943222371,0.0159254206057284,-0.0579935964983848,0.00700566279581769,-0.031524127847216,-0.0570493138672408,0.131164483045998
89.8414470509972,-0.0201325479823503,-0.0369763510282356,0.0156542617111253,-0.0576590666344907,0.00688131138874685,-0.0313307904799719,-0.0563981354537358,0.130542542284953
90.4645108202374,-0.0201366442428022,-0.0365635144094193,0.0153863444560275,-0.0573247571589354,0.00675852719126621,-0.0311379067820494,-0.0557531289679504,0.129920428874888
91.0918956291901,-0.0201386203496947,-0.0361533835139295,0.0151216528313878,-0.056990699863741,0.0066373002662898,-0.0309454883432697,-0.0551142652941676,0.129298203891012
91.7236314449071,-0.0201385005935446,-0.0357459573112511,0.0148601704986052,-0.0566569261239172,0.00651762058384365,-0.0307535465704547,-0.0544815147210312,0.128675927522882
92.3597484422661,-0.0201363091418066,-0.0353412346933498,0.0146018807984373,-0.0563234668957696,0.0063994780242422,-0.0305620926873428,-0.0538548469618811,0.128053659073085
93.0002770054119,-0.0201320700427146,-0.0349392144756556,0.014346766759845,-0.0559903527153801,0.00628286238123553,-0.0303711377345572,-0.0532342311748837,0.127431456956339
93.645247729208,-0.0201258072290692,-0.0345398953978948,0.0140948111087662,-0.0556576136972551,0.00616776336512654,-0.0301806925696254,-0.0526196359829507,0.126809378699018
94.2946914206979,-0.0201175445219659,-0.0341432761247738,0.0138459962768152,-0.0553252795331367,0.00605417060585776,-0.0299907678670492,-0.0520110294934394,0.126187480939067
94.9486391005764,-0.0201073056344612,-0.0337493552465178,0.0136003044099075,-0.0549933794909737,0.00594207365606705,-0.029801374118423,-0.0514083793176286,0.125565819426322
95.6071220046713,-0.0200951141751732,-0.0333581312792665,0.0133577173768066,-0.054661942414048,0.00583146199411193,-0.0296125216325993,-0.0508116525899625,0.124944449023201
96.2701715854358,-0.0200809936518112,-0.0329696026653321,0.013118216777592,-0.0543309967202519,0.00572232502706204,-0.0294242205359,-0.0502208159870597,0.124323423705776
96.9378195134503,-0.0200649674746332,-0.0325837677733211,0.0128817839520466,-0.0540005704015126,0.00561465209365939,-0.0292364807723717,-0.049635835746479,0.1237027965652
97.6100976789355,-0.020047058959825,-0.0322006248981242,0.0126483999879611,-0.0536706910233608,0.00550843246724613,-0.0290493121040853,-0.0490566776852397,0.123082619809489
98.2870381932754,-0.0200272913328005,-0.0318201722607777,0.0124180457293556,-0.053341385724637,0.00540365535865954,-0.0288627241114755,-0.0484833072180892,0.122462944765644
98.9686733905512,-0.0200056877314174,-0.0314424080081996,0.0121907017846158,-0.0530126812173352,0.00530030991909399,-0.0286767261937222,-0.047915689375516,0.121843821882099
99.6550358290861,-0.0199822712091069,-0.0310673302128044,0.0119663485345438,-0.0526846037865763,0.00519838524292988,-0.0284913275691706,-0.0473537888215029,0.121225300731497
100.346158292999,-0.019957064737913,-0.0306949368720009,0.0117449661403214,-0.0523571792907112,0.00509787037052913,-0.0283065372757887,-0.0467975698710166,0.120607430013768
101.042073793774,-0.0199300912114395,-0.0303252259075751,0.0115265345513863,-0.0520304331615461,0.00499875429099734,-0.0281223641716625,-0.046246996507231,0.119990257559514
101.742815571832,-0.0199013734477018,-0.0299581951649645,0.0113110335132197,-0.0517043904046903,0.00490102594491265,-0.0279388169355253,-0.0457020323984813,0.119373830333677
102.448417098122,-0.0198709341918798,-0.0295938424124252,0.0110984425750445,-0.051379075600019,0.0048046742270209,-0.0277559040673229,-0.0451626409149453,0.118758194439493
103.15891207572,-0.0198387961189707,-0.0292321653400976,0.0108887410974345,-0.0510545129022512,0.00470968798889748,-0.0275736338888103,-0.0446287851450501,0.118143395122712
103.874334441436,-0.0198049818363383,-0.0288731615589745,0.0106819082598329,-0.0507307260416362,0.00461605604157577,-0.0273920145441817,-0.0441004279116023,0.117529476776077
104.594718367439,-0.0197695138861569,-0.028516828599775,0.0104779230679813,-0.0504077383247477,0.00452376715814213,-0.0272110540007309,-0.0435775317876394,0.116916482944061
105.320098262886,-0.0197324147477476,-0.0281631639117286,0.0102767643612578,-0.0500855726353805,0.00443281007629779,-0.0270307600495414,-0.0430600591120005,0.116304456327833
106.050508775566,-0.0196937068398044,-0.027812164861275,0.010078410819924,-0.0497642514355478,0.0043431735008875,-0.0268511403062057,-0.0425479720046163,0.115693438790467
106.785984793556,-0.0196534125225091,-0.0274638287306812,0.0098828409722822,-0.049443796766575,0.00425484610639523,-0.0266722022115728,-0.0420412323815152,0.115083471362366
107.526561446888,-0.0196115540995329,-0.0271181527165838,0.00969003320174096,-0.0491242302502878,0.00416781653940713,-0.0264939530325215,-0.0415398019695468,0.1144745942469
108.272274109224,-0.0195681538199219,-0.0267751339284572,0.00949996575379067,-0.048805573090291,0.00408207342104175,-0.0263163998627608,-0.041043642320821,0.113866846826251
109.023158399549,-0.0195232338798672,-0.0264347693870148,0.0093126167428883,-0.048487846073335,0.00399760534934801,-0.026139549623655,-0.0405527148268625,0.113260267667447
109.779250183872,-0.0194768164243557,-0.0260970560225466,0.00912796415925205,-0.0481710695707684,0.00391440090167084,-0.0259634090650729,-0.0400669807324807,0.112654894528588
110.540585576935,-0.0194289235487027,-0.0257619906731973,0.00894598587556593,-0.0478552635400714,0.00383244863698495,-0.0257879847662601,-0.039586401149355,0.112050764365244
111.307200943943,-0.0193795772999632,-0.0254295700831901,0.00876665965359469,-0.0475404475264712,0.00375173709819693,-0.025613283136735,-0.0391109370693357,0.111447913337024
112.079132902301,-0.0193287996782227,-0.0250997909010007,0.00858996315070952,-0.0472266406646322,0.00367225481441588,-0.025439310417205,-0.0386405493774615,0.110846376814307
112.856418323356,-0.0192766126377647,-0.0247726496774851,0.00841587392632482,-0.0469138616804226,0.00359399030319293,-0.0252660726805054,-0.0381751988646932,0.110246189385122
113.639094334169,-0.0192230380881166,-0.024448142863967,0.00824436944824663,-0.0466021288927527,0.00351693207272989,-0.0250935758325574,-0.0377148462403656,0.109647384862168
114.427198319278,-0.0191680978949708,-0.0241262668102884,0.00807542709893312,-0.0462914602154824,0.0034410686240573,-0.0249218256133462,-0.0372594521443577,0.109049996289983
115.220767922492,-0.0191118138809835,-0.0238070177628284,0.00790902418166779,-0.0459818731593979,0.00336638845318229,-0.0247508275979186,-0.0368089771589835,0.108454055952223
116.019841048683,-0.0190542078264479,-0.0234903918624945,0.00774513792664576,-0.045673384834252,0.00329288005320643,-0.0245805871973982,-0.0363633818206033,0.107859595379078
116.824455865599,-0.0189953014698447,-0.0231763851426915,0.00758374549697399,-0.0453660119508693,0.00322053191641384,-0.0244111096600191,-0.0359226266309583,0.107266645354788
117.634650805689,-0.0189351165082672,-0.0228649935272714,0.00742482399458578,-0.0450597708233115,0.00314933253633012,-0.0242424000721764,-0.0354866720682297,0.106675235925272
118.450464567934,-0.0188736745977233,-0.02255621282847,0.00726835046607039,-0.0447546773711029,0.00307927040975208,-0.0240744633594936,-0.0350554785978239,0.106085396405851
119.271936119701,-0.0188109973533135,-0.0222500387448344,0.00711430190841832,-0.0444507471215127,0.00301033403874882,-0.0239073042879062,-0.0346290066828862,0.105497155389065
120.099104698599,-0.0187471063492864,-0.0219464668591451,0.0069626552746829,-0.0441479952118931,0.0029425119326343,-0.0237409274647611,-0.0342072167945448,0.104910540752573
120.932009814357,-0.0186820231189705,-0.021645492636338,0.0068133874795589,-0.0438464363920715,0.00287579260991189,-0.023575337339931,-0.0337900694218873,0.104325579667127
121.77069125071,-0.0186157691545856,-0.0213471114214309,0.00666647540487888,-0.0435460850267944,0.00281016460019097,-0.023410538206944,-0.0333775250816724,0.103742298604628
122.615189067297,-0.0185483659069323,-0.0210513184374574,0.00652189590502779,-0.0432469550982219,0.00274561644607605,-0.0232465342041273,-0.0329695443277784,0.103160723346227
123.46554360158,-0.0184798347849627,-0.0207581087834144,0.00637962581227667,-0.0429490602084716,0.00268213670502865,-0.0230833293157652,-0.0325660877603925,0.102580878990507
124.321795470765,-0.0184101971552315,-0.0204674774322263,0.00623964194203606,-0.0426524135822096,0.0026197139512021,-0.0229209273732704,-0.0321671160349417,0.1020027899617
125.183985573745,-0.0183394743412305,-0.0201794192287306,0.00610192109802976,-0.0423570280692871,0.00255833677724982,-0.022759332056369,-0.0317725898707699,0.101426480017957
126.052155093052,-0.0182676876226074,-0.019893928887688,0.00596644007738963,-0.0420629161474229,0.00249799379610694,-0.0225985468942984,-0.0313824700595624,0.100851972259657
126.926345496825,-0.0181948582342698,-0.0196110009918239,0.00583317567567214,-0.0417700899249276,0.00243867364274589,-0.0224385752670176,-0.0309967174735221,0.100279289137753
127.806598540793,-0.0181210073653771,-0.019330629989901,0.00570210469179721,-0.0414785611434713,0.00238036497590599,-0.0222794204064302,-0.0306152930732993,0.0997084524621468
128.692956270265,-0.0180461561582218,-0.0190528101948316,0.00557320393291005,-0.0411883411808911,0.0023230564797973,-0.0221210853976195,-0.0302381579156788,0.0991394834100818
129.585461022141,-0.0179703257070023,-0.0187775357818299,0.00544645021916657,-0.0408994410540387,0.00226673686577904,-0.0219635731800951,-0.0298652731610276,0.0985724025345642
130.484155426934,-0.0178935370564887,-0.0185048007866101,0.00532182038844305,-0.0406118714216662,0.00221139487401265,-0.0218068865490519,-0.0294966000805056,0.098007229772791
131.389082410804,-0.0178158112005849,-0.0182345991036328,0.00519929130097054,-0.0403256425873497,0.00215701927508987,-0.0216510281566392,-0.0291321000630432,0.0974439844545904
132.300285197614,-0.0177371690807886,-0.017966924484405,0.00507883984389461,-0.040040764502449,0.00210359887163578,-0.0214960005132426,-0.0287717346220892,0.0968826853108652
133.217807310988,-0.0176576315845515,-0.0177017705358351,0.00496044293576105,-0.0397572467691027,0.00205112249988729,-0.0213418059887751,-0.0284154654021317,0.0963233504820363
134.141692576393,-0.0175772195435432,-0.0174391307186481,0.00484407753092796,-0.0394750986432572,0.00199957903124689,-0.0211884468139805,-0.0280632541849963,0.0957659975264819
135.071985123233,-0.017495953731821,-0.0171789983458633,0.00472972062390479,-0.0391943290377305,0.00194895737381214,-0.0210359250817463,-0.027715062895924,0.0952106434289674
136.008729386957,-0.0174138548639077,-0.0169213665813381,0.00461734925361881,-0.0389149465253064,0.00189924647388076,-0.0208842427484274,-0.0273708536094335,0.0946573046090624
136.951970111177,-0.0173309435927812,-0.0166662284383812,0.00450694050760947,-0.0386369593418626,0.00185043531743162,-0.0207334016351801,-0.0270305885549703,0.0941059969295414
137.901752349813,-0.0172472405077796,-0.016413576778438,0.00439847152615104,-0.0383603753895277,0.0018025129315817,-0.0205834034293059,-0.0266942301223464,0.0935567357047629
138.858121469236,-0.0171627661324226,-0.0161634043098509,0.00429191950630409,-0.0380852022398694,0.001755468386019,-0.0204342496856054,-0.0263617408669754,0.0930095357090247
139.821123150444,-0.0170775409221542,-0.0159157035866977,0.00418726170589602,-0.037811447137111,0.00170929079441169,-0.0202859418277416,-0.0260330835149044,0.092464411184891
140.790803391236,-0.0169915852620105,-0.0156704670077101,0.00408447544743117,-0.037539117001377,0.00166396931579339,-0.0201384811496128,-0.0257082209676479,0.0919213758514884
141.767208508414,-0.0169049194642133,-0.0154276868152758,0.00398353812193068,-0.0372682184319651,0.00161949315592466,-0.0199918688167355,-0.025387116306827,0.0913804429127666
142.750385139995,-0.0168175637656962,-0.0151873550945259,0.00388442719270272,-0.0369987577106466,0.00157585156863092,-0.0198461058676357,-0.0250697327986176,0.0908416250657227
143.740380247435,-0.0167295383255637,-0.0149494637725095,0.00378712019904306,-0.0367307408049914,0.0015330338571166,-0.0197011932152498,-0.0247560338980101,0.0903049345085833
144.737241117876,-0.0166408632224898,-0.014714004617459,0.0036915947598664,-0.0364641733717191,0.0014910293752556,-0.0195571316483342,-0.0244459832528864,0.0897703829489437
145.741015366405,-0.0165515584520567,-0.0144809692381461,0.00359782857726883,-0.0361990607600744,0.00144982752885825,-0.0194139218328838,-0.0241395447079153,0.0892379816118608
146.751750938323,-0.0164616439240402,-0.0142503490833327,0.0035057994400215,-0.0359354080152264,0.00140941777691448,-0.019271564313559,-0.0238366823082729,0.0887077412478965
147.769496111443,-0.0163711394596428,-0.0140221354413161,0.00341548522699571,-0.0356732198816912,0.00136978963281342,-0.0191300595151216,-0.0235373603031878,0.0881796721411101
148.794299498388,-0.0162800647886805,-0.0137963194395718,0.00332686391051981,-0.0354125008067765,0.00133093266553932,-0.018989407743878,-0.023241543149319,0.0876537841169964
149.826210048919,-0.0161884395467261,-0.0135728920444948,0.00323991355966784,-0.0351532549440486,0.00129283650084372,-0.0188496091891317,-0.0229491955139666,0.0871300865503675
150.865277052271,-0.0160962832722128,-0.0133518440612396,0.00315461234348023,-0.0348954861568195,0.0012554908223939,-0.0187106639246426,-0.0226602822781207,0.0866085883731771
151.911550139505,-0.0160036154035022,-0.0131331661336622,0.00307093853411665,-0.0346391980216554,0.00121888537289749,-0.0185725719100953,-0.0223747685393516,0.0860892980822828
152.965079285884,-0.0159104552759206,-0.0129168487443632,0.00298887050994119,-0.0343843938319035,0.00118300995520333,-0.0184353329925737,-0.0220926196145455,0.0855722237471481
154.025914813254,-0.0158168221187674,-0.0127028822148339,0.00290838675853985,-0.0341310766012386,0.00114785443337827,-0.0182989469080437,-0.0218138010424874,0.0850573730174781
155.094107392451,-0.0157227350523001,-0.0124912567057053,0.00282946587967061,-0.0338792490672274,0.00111340873376007,-0.0181634132828431,-0.0215382785862972,0.084544753130791
156.169708045722,-0.0156282130846986,-0.0122819622171014,0.00275208658814605,-0.0336289136949106,0.00107966284598621,-0.018028731635178,-0.0212660182357208,0.0840343709199209
157.25276814916,-0.0155332751090141,-0.0120749885890969,0.00267622771664862,-0.0333800726804004,0.00104660682399857,-0.0178949013766264,-0.0209969862092801,0.0835262328204524
158.34333943516,-0.015437939900106,-0.0118703255022791,0.00260186821847866,-0.0331327279544959,0.00101423078702382,-0.0177619218136482,-0.0207311489562852,0.0830203448780838
159.441473994887,-0.0153422261115701,-0.0116679624784147,0.00252898717023519,-0.0328868811863114,0.000982524920529602,-0.0176297921491008,-0.0204684731587129,0.0825167127559193
160.547224280766,-0.0152461522726632,-0.0114678888812215,0.00245756377442955,-0.032642533786921,0.000951479477156136,-0.017498511483762,-0.0202089257329545,0.0820153417416878
161.66064310899,-0.0151497367852272,-0.0112700939172441,0.00238757736203189,-0.0323996869130152,0.000921084777623476,-0.0173680788178575,-0.0199524738314349,0.0815162367548871
162.781783662036,-0.0150529979206167,-0.0110745666368347,0.00231900739495056,-0.0321583414705711,0.000891331211614056,-0.0172384930525946,-0.0196990848441091,0.0810194023538535
163.910699491214,-0.014955953816634,-0.0108812959352363,0.00225183346844456,-0.0319184981185345,0.000862209238630588,-0.0171097529917005,-0.019448726399837,0.0805248427427545
165.047444519217,-0.0148586224744756,-0.0106902705537706,0.00218603531346889,-0.0316801572725126,0.000833709388829134,-0.0169818573429664,-0.0192013663676408,0.080032561778505
166.192073042701,-0.0147610217556928,-0.0105014790811271,0.0021215927989529,-0.0314433191084778,0.000805822263827295,-0.0168548047197954,-0.0189569728578476,0.0795425629776045
167.344639734876,-0.0146631693791724,-0.0103149099547549,0.00205848593401186,-0.0312079835664799,0.000778538537487414,-0.016728593642755,-0.0187155142231214,0.079054849522897
168.505199648122,-0.0145650829181381,-0.010130551462354,0.00199669487009146,-0.0309741503543679,0.000751848956674692,-0.0166032225411339,-0.0184769590593865,0.0785694242702501
169.673808216612,-0.014466779797179,-0.00994839174346716,0.00193619990304557,-0.0307418189515185,0.000725744341990127,-0.0164786897545024,-0.018241276206646,0.0780862897551552
170.850521258965,-0.0143682772893072,-0.00976841879116922,0.00187698147514721,-0.0305109886125725,0.000700215588478216,-0.0163549935342754,-0.0180084347496982,0.0776054481992466
172.03539498091,-0.0142695925130482,-0.00959062045385395,0.00181902017703272,-0.0302816583711756,0.000675253666309293,-0.0162321320452797,-0.0177784040187544,0.07712690151674
173.228485977972,-0.0141707424295677,-0.0094149844371159,0.00176229674957935,-0.0300538270437259,0.000650849621436466,-0.0161101033673229,-0.0175511535899598,0.0766506513207899
174.429851238172,-0.0140717438398383,-0.0092414983057263,0.00170679208571614,-0.0298274932331238,0.00062699457622707,-0.0159889054967651,-0.0173266532858223,0.0761766989297646
175.639548144754,-0.0139726133818486,-0.00907014948570105,0.00165248723216841,-0.0296026553325263,0.000603679730068544,-0.0158685363480924,-0.0171048731755505,0.0757050453734404
176.857634478922,-0.0138733675278593,-0.008900925266459,0.00159936339113581,-0.0293793115291022,0.000580896359948732,-0.0157489937554916,-0.016885783575304,0.0752356913991131
178.084168422602,-0.0137740225817073,-0.00873381280306861,0.00154740192190406,-0.0291574598077898,0.000558635821010495,-0.0156302754744266,-0.0166693550483595,0.0747686374776276
179.319208561219,-0.0136745946761632,-0.00856879911858106,0.00149658434239054,-0.0289370979550532,0.000536889547080626,-0.0155123791832154,-0.0164555584051951,0.074303883809325
180.562813886497,-0.0135750997703428,-0.00840587110644751,0.00144689233062388,-0.0287182235626395,0.000515649051173035,-0.0153953024846069,-0.0162443647034944,0.0738414303299081
181.815043799277,-0.013475553647177,-0.00824501553301845,0.00139830772615769,-0.0285008340313327,0.000494905925966154,-0.0152790429073583,-0.0160357452480752,0.0733812767162239
183.075958112354,-0.0133759719109427,-0.00808621904012278,0.00135081253141863,-0.0282849265747054,0.000474651844254573,-0.0151635979078117,-0.0158296715907435,0.0729234223919646
184.345617053333,-0.0132763699848558,-0.00792946814772421,0.00130438891298895,-0.0280704982228666,0.000454878559374893,-0.0150489648714696,-0.0156261155300755,0.0724678665332864
185.624081267505,-0.0131767631087308,-0.0077747492566526,0.0012590192028239,-0.0278575458262048,0.000435577905605795,-0.0149351411145692,-0.0154250491111322,0.0720146080743464
186.911411820748,-0.0130771663367084,-0.00762204865140765,0.00121468589940394,-0.0276460660591248,0.000416741798542333,-0.0148221238856553,-0.0152264446251053,0.0715636457127583
188.207670202438,-0.012977594535053,-0.00747135250303219,0.00117137166882241,-0.0274360554237774,0.000398362235444516,-0.0147099103671499,-0.0150302746089009,0.0711149779149664
189.512918328392,-0.012878062380023,-0.00732264687205281,0.00112905934580854,-0.0272275102537819,0.000380431295560163,-0.0145984976769203,-0.0148365118446599,0.0706686029215388
190.827218543819,-0.0127785843558159,-0.00717591771148451,0.00108773193468643,-0.0270204267179386,0.000362941140422132,-0.0144878828698433,-0.0146451293592199,0.0702245187523802
192.150633626303,-0.0126791747525898,-0.00703115086989716,0.00104737261027013,-0.0268148008239315,0.000345884014119957,-0.0143780629393657,-0.014456100423519,0.0697827232118642
193.483226788801,-0.0125798476645631,-0.00688833209454048,0.00100796471869525,-0.0266106284220203,0.000329252243545967,-0.0142690348190616,-0.0142693985519455,0.0693432138938857
194.82506168266,-0.0124806169881944,-0.00674744703452487,0.000969491778187527,-0.0264079052087195,0.000313038238616004,-0.0141607953841838,-0.0140849975016331,0.0689059881868344
196.176202400658,-0.0123814964204449,-0.00660848124405526,0.000931937479768571,-0.0262066267304645,0.0002972344924648,-0.0140533414532119,-0.0139028712717071,0.0684710432784888
197.536713480066,-0.0122824994571221,-0.00647142018571463,0.000895285687899506,-0.0260067883872633,0.000281833581616168,-0.0139466697893932,-0.0137229941024808,0.0680383761608326
198.906659905733,-0.0121836393913104,-0.00633624923379463,0.000859520441062655,-0.0258083854363331,0.000266828166128096,-0.0138407771022791,-0.0135453404746048,0.0676079836347927
200.286107113184,-0.0120849293118855,-0.00620295367767008,0.000824625952281998,-0.0256114129957199,0.000252210989712933,-0.013735660049254,-0.0133698851081725,0.0671798623149006
201.675120991751,-0.011986382102117,-0.00607151872521427,0.000790586609582753,-0.0254158660479014,0.000237974879832762,-0.0136313152370585,-0.013196602961782,0.0667540086338763
203.073767887718,-0.0118880104383586,-0.00594192950625205,0.000757386976390663,-0.0252217394433706,0.000224112747770177,-0.0135277392233042,-0.0130254692315573,0.0663304188471374
204.482114607491,-0.0117898267888265,-0.00581417107604764,0.000725011791871589,-0.0250290279042004,0.000210617588674624,-0.0134249285179813,-0.0128564593501298,0.0659090890372317
205.900228420788,-0.0116918434124684,-0.00568822841882406,0.000693445971211914,-0.0248377260275873,0.000197482481584501,-0.0133228795849581,-0.0126895489855833,0.0654900151181962
207.32817706385,-0.0115940723579222,-0.00556408645131113,0.000662674605840435,-0.0246478282893741,0.000184700589425229,-0.0132215888434712,-0.0125247140403621,0.0650731928398413
208.766028742684,-0.0114965254625655,-0.00544173002631885,0.00063268296359233,-0.0244593290475495,0.000172265158983511,-0.0131210526696073,-0.0123619306501463,0.0646586177919623
210.213852136311,-0.0113992143516565,-0.00532114393633326,0.00060345648881592,-0.0242722225457242,0.000160169520858023,-0.0130212673977752,-0.0122011751826936,0.0642462854084783
211.671716400053,-0.0113021504375663,-0.00520231291713142,0.000574980802422837,-0.0240865029165831,0.000148407089386771,-0.0129222293221671,-0.0120424242366514,0.0638361909714992
213.139691168835,-0.0112053449191033,-0.00508522165141286,0.000547241701882381,-0.023902164185311,0.000136971362551377,-0.0128239346982109,-0.0118856546403385,0.0634283296153213
214.617846560511,-0.0111088087809285,-0.00496985477244403,0.000520225161160747,-0.0237192002729931,0.000125855921858582,-0.0127263797440099,-0.0117308434505003,0.0630226963303539
216.10625317921,-0.0110125527930641,-0.00485619686771304,0.000493917330605931,-0.0235376049999871,0.000115054432199225,-0.0126295606417726,-0.0115779679510367,0.0626192859669751
217.604982118714,-0.0109165875104922,-0.0047442324825916,0.000468304536779036,-0.023357372089268,0.000104560641685021,-0.0125334735392302,-0.0114270056517057,0.0622180932393193
219.114104965849,-0.0108209232728465,-0.00463394612400109,0.000443373282232859,-0.023178495169743,9.43683814634277e-05,-0.0124381145510417,-0.0112779342868038,0.0618191127289978
220.633693803907,-0.0107255702041934,-0.00452532226408009,0.000419110245238518,-0.023000967779537,8.44715655109296e-05,-0.0123434797601873,-0.0111307318138233,0.061422338888751
222.163821216089,-0.010630538212906,-0.00441834534385022,0.000395502279461007,-0.0228247833692468,7.48641904050743e-05,-0.0122495652193479,-0.01098537641209,0.061027766046035
223.704560288971,-0.0105358369916259,-0.00431299977687752,0.000372536413584549,-0.0226499353051641,6.55403350755994e-05,-0.0121563669522721,-0.0108418464813805,0.060635388406543
225.255984615994,-0.0104414760173165,-0.00420926995292672,0.000350199850888601,-0.0224764168724658,5.64941605349972e-05,-0.012063880955129,-0.0107001206405214,0.0602452000576621
226.818168300982,-0.010347464551404,-0.00410714024160536,0.000328479968775489,-0.0223042212783709,4.77199095888982e-05,-0.0119721031978476,-0.0105601777259719,0.059857194971866
228.391185961678,-0.010253811640007,-0.00400659499599537,0.000307364318250511,-0.0221333416552637,3.92119065266245e-05,-0.0118810296254408,-0.0104219967903893,0.0594713670100452
229.975112733314,-0.0101605261142529,-0.00390761855626906,0.000286840623355548,-0.0219637710637824,3.09645567923187e-05,-0.011790656159316,-0.0102855571011809,0.0590877099247749
231.570024272191,-0.0100676165906807,-0.00381019525328739,0.000266896780557061,-0.0217955024958716,2.29723466370136e-05,-0.0117009786985694,-0.0101508381390408,0.0587062173635224
233.175996759301,-0.00997509147172902,-0.00371430941217755,0.000247520858089513,-0.0216285288777993,1.522984275207e-05,-0.0116119931212655,-0.0100178195964752,0.0583268828717931
234.793106903962,-0.00988295894630744,-0.00361994535588766,0.000228701095255178,-0.0214628430731371,7.73169188437116e-06,-0.0115236952857013,-0.00988648137631509,0.0579496998962184
236.421431947482,-0.00979122699045159,-0.00352708740871596,0.000210425901681356,-0.0212984378857025,4.72620433696449e-07,-0.0114360810316536,-0.00975680359021846,0.0575746617875835
238.061049666849,-0.00969990336805902,-0.00343571989981231,0.000192683856535999,-0.021135306062464,-6.55256596730595e-06,-0.011349146181611,-0.00962876655716254,0.0572017618037986
239.712038378445,-0.00960899563170547,-0.00334582716664963,0.000175463707702807,-0.0209734402964064,-1.3348982890107e-05,-0.0112628865419886,-0.00950235080192726,0.0568309931128128
241.374476941791,-0.00951851112353981,-0.003257393558463,0.00015875437091681,-0.0208128332293588,-1.99216675638265e-05,-0.0111772979043262,-0.00937753705357058,0.0564623487954718
243.048444763306,-0.00942845697625632,-0.00317040343965437,0.000142544928861501,-0.0206534774547808,-2.62755793448528e-05,-0.0110923760464698,-0.00925430624389649,0.0560958218483207
244.734021800108,-0.00933884011414261,-0.0030848411931608,0.000126824630228585,-0.0204953655205104,-3.24156002021053e-05,-0.011008116733735,-0.00913263950591674,0.0557314051863523
246.431288563827,-0.00924966725420168,-0.00300069122378409,0.000111582888741407,-0.0203384899314704,-3.8346535217495e-05,-0.0109245157200542,-0.00901251817230686,0.0553690916457015
248.140326124455,-0.0091609449073465,-0.00291793796148003,9.68092821431372e-05,-0.020182843152334,-4.40731131011185e-05,-0.0108415687491044,-0.00889392377385732,0.0550088739862878
249.861216114214,-0.00907267937966544,-0.00283656586460533,8.24935511507959e-05,-0.0200284176101488,-4.95999867207372e-05,-0.0107592715554188,-0.00877683803792051,0.0546507448944055
251.594040731461,-0.00898487677375665,-0.00275655942312043,6.86255983762172e-05,-0.0198752056969194,-5.49317336450718e-05,-0.010677619865479,-0.00866124288685428,0.0542946969852623
253.338882744608,-0.00889754299012985,-0.00267790316174655,5.51954872150167e-05,-0.0197231997721476,-6.0072856700443e-05,-0.0105966093987901,-0.00854712043646277,0.053940722805469
255.09582549608,-0.00881068372867351,-0.00260058164307524,4.21934407046909e-05,-0.0195723921653301,-6.50277845403041e-05,-0.010516235868936,-0.0084344529944349,0.0535888148354787
256.864952906292,-0.00872430449018577,-0.00252457947062906,2.96098403529048e-05,-0.0194227751784138,-6.98008722271883e-05,-0.010436494984618,-0.00832322305878157,0.0532389654919776
258.646349477661,-0.00863841057796699,-0.00244988129187169,1.74352249371181e-05,-0.0192743410882078,-7.43964018265876e-05,-0.010357382450673,-0.00821341331627175,0.0528911671302287
260.440100298641,-0.00855300709947221,-0.00237647180116625,5.66028927657426e-06,-0.0191270821487524,-7.88185830123255e-05,-0.0102788939690737,-0.0081050066408683,0.0525454120463675
262.246291047787,-0.00846809896802151,-0.0023043357426804,-5.72411702216748e-06,-0.0189809905936448,-8.3071553682913e-05,-0.0102010252399105,-0.00799798609216395,0.0522016924796522
264.065007997846,-0.00838369090456629,-0.0022334579132371,-1.67269908451489e-05,-0.0188360586383208,-8.71593805884441e-05,-0.010123771962353,-0.00789233491381796,0.0518600006146682
265.896338019882,-0.00829978743950951,-0.0021638231651097,-2.73571768752132e-05,-0.0186922784822934,-9.10860599675461e-05,-0.0100471298355939,-0.00778803653199407,0.0515203285834878
267.740368587419,-0.00821639291457797,-0.00209541640876044,-3.76233689194645e-05,-0.0185496423113472,-9.48555181939231e-05,-0.00997109455977288,-0.00768507455380001,0.0511826684677867
269.597187780627,-0.00813351148474448,-0.0020282226155212,-4.7534111258856e-05,-0.0184081422996891,-9.84716124320102e-05,-0.00989566183688195,-0.00758343276572931,0.0508470123009162
271.466884290521,-0.00805114712019799,-0.00196222682021572,-5.70978000188683e-05,-0.0182677706120551,-0.000101938131301297,-0.00982082737165099,-0.00748309513210557,0.050513352069934
273.349547423206,-0.00796930360835971,-0.00189741412372226,-6.63226845601887e-05,-0.0181285194057729,-0.000105258795548825,-0.00974658687241464,-0.00738404579352978,0.0501816797175928
275.245267104134,-0.00788798455594304,-0.00183376969547611,-7.52168688883319e-05,-0.0179903808327809,-0.000108437258729424,-0.00967293605195975,-0.00728626906533109,0.0498519871442882
277.154133882404,-0.00780719339105535,-0.00177127877591103,-8.37883130811665e-05,-0.0178533470416031,-0.000111477107893214,-0.00959987062835357,-0.00718974943602126,0.0495242662099663
279.07623893509,-0.00772693336533975,-0.00170992667883919,-9.20448347332741e-05,-0.0177174101792803,-0.000114381864279922,-0.00952738632575292,-0.00709447156575337,0.0491985087359918
281.011674071587,-0.00764720755615442,-0.00164969879376887,-9.99941104161324e-05,-0.0175825623932571,-0.00011715498401956,-0.00945547887519402,-0.00700042028478499,0.0488747065069771
282.960531738006,-0.00756801886878793,-0.00159058058815958,-0.000107643677153104,-0.0174487958332258,-0.000119799858839034,-0.00938414401536332,-0.0069075805919461,0.0485528512725736
284.922905021585,-0.00748937003870816,-0.001532557609614,-0.000115000933908174,-0.0173161026529263,-0.000122319816774207,-0.00931337749334918,-0.00681593765311231,0.0482329347492256
286.898887655133,-0.00741126363384311,-0.00147561548800657,-0.000122073143087512,-0.0171844750119029,-0.000124718122887015,-0.00924317506537452,-0.00672547679968334,0.0479149486218868
288.888574021513,-0.00733370205689135,-0.00141973993754835,-0.000128867432052791,-0.0170539050772178,-0.000126997979987188,-0.00917353249751062,-0.00663618352706736,0.0475988845457013
290.892059158146,-0.0072566875476604,-0.00136491675878784,-0.000135390794645356,-0.0169243850251217,-0.000129162529358146,-0.00910444556637195,-0.00654804349317124,0.0472847341476492
292.909438761552,-0.00718022218543075,-0.00131113184054784,-0.000141650092720237,-0.0167959070426813,-0.000131214851486652,-0.00903591005979226,-0.00646104251689709,0.0469724890281567
294.940809191919,-0.00710430789134396,-0.00125837116179799,-0.000147652057689098,-0.0166684633293647,-0.000133157966795821,-0.00896792177748201,-0.00637516657664527,0.0466621407626728
296.986267477709,-0.00702894643081256,-0.00120662079346312,-0.000153403292071152,-0.0165420460985842,-0.000134994836381053,-0.00890047653166725,-0.00629040180882407,0.0463536809032119
299.045911320291,-0.00695413941595015,-0.0011558669001674,-0.000158910271051179,-0.0164166475791974,-0.00013672836274851,-0.00883357014771006,-0.00620673450636644,0.0460471009798636
301.119839098607,-0.00687988830801953,-0.00110609574191434,-0.000164179344043691,-0.0162922600169663,-0.000138361390555729,-0.00876719846471061,-0.00612415111725372,0.0457423925022703
303.208149873869,-0.00680619441989732,-0.00105729367570285,-0.000169216736262411,-0.0161688756759753,-0.000139896707353989,-0.00870135733609118,-0.00604263824304675,0.045439546961073
305.310943394298,-0.006733058918553,-0.00100944715707942,-0.00017402855029418,-0.0160464868400085,-0.000141337044332058,-0.00863604263016203,-0.00596218263742454,0.0451385558293252
307.428320099879,-0.00666048282754069,-0.000962542741626832,-0.000178620767676435,-0.0159250858138853,-0.000142685077060925,-0.00857125023066953,-0.00588277120473052,0.0448394105638778
309.560381127168,-0.00658846702950189,-0.000916567086389625,-0.000182999250477457,-0.0158046649247571,-0.000143943426239185,-0.00850697603732647,-0.00580439099852671,0.0445421026067321
311.707228314113,-0.00651701226867744,-0.000871506951236591,-0.00018716974287854,-0.0156852165233631,-0.000145114658438688,-0.0084432159663249,-0.00572702922015583,0.0442466233863647
313.868964204927,-0.00644611915342703,-0.000827349200160837,-0.00019113787275733,-0.0155667329852473,-0.000146201286850126,-0.00837996595083166,-0.00565067321731154,0.0439529643190227
316.045692054981,-0.0063757881587545,-0.000784080802517757,-0.000194909153271512,-0.0154492067119358,-0.000147205772028205,-0.00831722194146664,-0.00557531048261696,0.0436611168099909
318.237515835737,-0.0063060196288374,-0.000741688834201414,-0.000198488984442134,-0.0153326301320764,-0.000148130522636068,-0.00825497990676413,-0.00550092865221157,0.0433710722548308
320.444540239715,-0.00623681377955922,-0.000700160478759889,-0.000201882654735801,-0.015216995702539,-0.000148977896188652,-0.00819323583361741,-0.0054275155043466,0.0430828220405925
322.666870685493,-0.00616817070104258,-0.000659483028450136,-0.000205095342645018,-0.0151022959094794,-0.000149750199794655,-0.00813198572770672,-0.005355058957989,0.0427963575469994
324.904613322743,-0.00610009036018207,-0.000619643885232963,-0.000208132118266015,-0.014988523269365,-0.000150449690896819,-0.00807122561391091,-0.00528354707143414,0.0425116701476071
327.1578750373,-0.00603257260317504,-0.000580630561708766,-0.000210997944873336,-0.0148756703299645,-0.000151078578010198,-0.00801095153670288,-0.00521296804092731,0.0422287512109357
329.426763456268,-0.0059656171580491,-0.000542430681994717,-0.000213697680490559,-0.0147637296713007,-0.00015163902145817,-0.00795115956052915,-0.00514331019929407,0.0419475921015774
331.711386953162,-0.00589922363718474,-0.000505031982544099,-0.000216236079456491,-0.0146526939065682,-0.000152133134105858,-0.00789184577017372,-0.00507456201457952,0.0416681841812785
334.011854653082,-0.0058333915398318,-0.00046842231290852,-0.000218617793986219,-0.0145425556830155,-0.000152562982090727,-0.00783300627110642,-0.00500671208869673,0.041390518809998
336.328276437929,-0.00576812025461843,-0.000432589636443822,-0.000220847375726431,-0.0144333076827926,-0.000152930585550072,-0.00777463718981602,-0.00493974915608405,0.0411145873469404
338.660762951648,-0.00570340906205132,-0.000397522030960417,-0.000222929277304397,-0.0143249426237647,-0.000153237919345143,-0.00771673467412838,-0.00487366208237176,0.0408403811515671
341.009425605519,-0.00563925713700574,-0.000363207689318936,-0.000224867853870073,-0.0142174532602915,-0.000153486913781669,-0.00765929489350978,-0.00480843986305783,0.0405678915845829
343.374376583475,-0.00557566355120451,-0.000329634919972002,-0.000226667364630772,-0.0141108323839746,-0.000153679455326528,-0.00760231403935572,-0.00474407162219291,0.0402971100089011
345.75572884746,-0.00551262727568441,-0.000296792147453026,-0.00022833197437788,-0.0140050728243716,-0.000153817387320356,-0.00754578832526551,-0.00468054661107463,0.0400280277905852
348.153596142828,-0.00545014718324908,-0.00026466791281289,-0.000229865755005119,-0.0139001674496781,-0.000153902510685837,-0.00748971398730271,-0.00461785420695129,0.0397606362997696
350.568093003772,-0.00538822205090732,-0.000233250874005455,-0.00023127268701786,-0.0137961091673793,-0.000153936584631506,-0.00743408728424192,-0.00455598391173481,0.0394949269115586
352.999334758797,-0.00532685056229566,-0.000202529806222813,-0.000232556661033038,-0.0136928909248697,-0.000153921327350822,-0.00737890449780194,-0.00449492535072311,0.0392308910069041
355.44743753623,-0.00526603131008423,-0.000172493602181221,-0.000233721479269201,-0.0135905057100433,-0.00015385841671634,-0.00732416193286568,-0.00443466827133194,0.0389685199734629
357.912518269762,-0.00520576279836504,-0.000143131272358711,-0.000234770857026284,-0.0134889465518537,-0.000153749490968784,-0.00726985591768707,-0.00437520254183608,0.038707805206434
360.39469470404,-0.00514604344502156,-0.000114431945185301,-0.000235708424154685,-0.0133882065208454,-0.000153596149400841,-0.00721598280408519,-0.00431651815012003,0.038448738109375
362.894085400285,-0.00508687158407896,-8.63848671868398e-05,-0.000236537726513259,-0.0132882787296562,-0.000153399953035515,-0.00716253896762585,-0.00425860520243815,0.0381913100950002
365.410809741959,-0.00502824546803389,-5.89794030834475e-05,-0.000237262227415858,-0.0131891563334922,-0.000153162425298866,-0.00710952080779102,-0.00420145392218428,0.037935512585959
367.944987940466,-0.00497016327016328,-3.22050358435894e-05,-0.000237885309066053,-0.0130908325305749,-0.000152885052686989,-0.00705692474813612,-0.00414505464867078,0.0376813370155947
370.496741040893,-0.00491262308681111,-6.0513666947609e-06,-0.000238410273979714,-0.0129933005625616,-0.00015256928542708,-0.00700474723643573,-0.00408939783591717,0.0374287748286865
373.066190927794,-0.00485562293965265,1.94918849081658e-05,-0.000238840346395114,-0.01289655371494,-0.000152216538132457,-0.0069529847448177,-0.00403447405144812,0.0371778174821722
375.653460331008,-0.00479916077793528,4.44348813559261e-05,-0.000239178673670273,-0.0128005853173969,-0.000151828190451394,-0.00690163376988611,-0.00398027397510097,0.0369284564458529
378.258672831527,-0.00474323448069545,6.87876669981497e-05,-0.000239428327667229,-0.0127053887441614,-0.000151405587709661,-0.00685069083283321,-0.00392678839784276,0.0366806832030816
380.881952867393,-0.00468784185895095,9.25601682959056e-05,-0.000239592306123,-0.0126109574143243,-0.000150950041546636,-0.00680015247954075,-0.00387400822059662,0.0364344892514328
383.523425739646,-0.00463298065786803,0.000115762194012491,-0.000239673534006955,-0.0125172847921333,-0.000150462830544895,-0.00675001528067074,-0.00382192445307772,0.0361898661033573
386.183217618305,-0.00457864855890282,0.000138403435441411,-0.00023967486486438,-0.0124243643872647,-0.000149945200853165,-0.00670027583174609,-0.00377052821263858,0.0359468052868188
388.861455548399,-0.00452484318191645,0.000160493466670554,-0.000239599082145999,-0.0123321897550726,-0.000149398366802565,-0.0066509307532213,-0.00371981072312381,0.035705298345915
391.558267456034,-0.00447156208726353,0.000182041744881471,-0.000239448900523262,-0.0122407544968155,-0.000148823511516022,-0.00660197669054343,-0.00366976331373427,0.0354653368414833
394.273782154498,-0.00441880277785344,0.000203057610682793,-0.000239226967189194,-0.0121500522598618,-0.000148221787510808,-0.00655341031420367,-0.00362037741790067,0.0352269123516897
397.008129350424,-0.00436656270118401,0.00022355028847673,-0.00023893586314465,-0.0120600767378734,-0.000147594317294098,-0.00650522831977968,-0.00357164457216637,0.0349900164726039
399.761439649975,-0.00431483925134733,0.000243528886857645,-0.000238578104469785,-0.0119708216709697,-0.000146942193951509,-0.00645742742796903,-0.0035235564150797,0.0347546408187576
402.533844565089,-0.00426362977100723,0.000263002399041665,-0.000238156143580623,-0.0118822808458705,-0.000146266481728533,-0.00641000438461387,-0.0034761046860955,0.0345207770236897
405.325476519761,-0.00421293155334812,0.000281979703326368,-0.000237672370470571,-0.0117944480960205,-0.000145568216604824,-0.00636295596071723,-0.00342928122448591,0.0342884167404762
408.136468856361,-0.00416274184399501,0.000300469563579495,-0.000237129113936775,-0.0117073173016942,-0.000144848406861292,-0.00631627895245106,-0.00338307796826052,0.0340575516422455
410.966955842014,-0.00411305784290433,0.000318480629755728,-0.000236528642791183,-0.0116208823900823,-0.000144108033639943,-0.00626997018115624,-0.0033374869530957,0.0338281734226809
413.817072675003,-0.00406387670622543,0.000336021438440535,-0.000235873167056267,-0.0115351373353608,-0.000143348051496461,-0.00622402649333496,-0.0032925003112731,0.0336002737965084
416.686955491232,-0.00401519554813241,0.000353100413420117,-0.000235164839145271,-0.0114500761587423,-0.000142569388945455,-0.00617844476063549,-0.00324811027062732,0.0333738444999714
419.576741370729,-0.00396701144262638,0.000369725866276478,-0.00023440575502695,-0.0113656929285105,-0.000141772948998388,-0.00613322187982973,-0.00320430915350283,0.0331488772912926
422.486568344193,-0.00391932142530767,0.000385905997006678,-0.000233597955374741,-0.0112819817600385,-0.000140959609694141,-0.00608835477278368,-0.00316108937571977,0.0329253639511219
425.416575399583,-0.00387212249511811,0.000401648894665325,-0.000232743426700295,-0.0111989368157909,-0.000140130224622204,-0.00604384038642108,-0.00311844344554906,0.0327032962829732
428.366902488763,-0.00382541161605325,0.000416962538029347,-0.000231844102471366,-0.0111165523053112,-0.000139285623438481,-0.00599967569268042,-0.00307636396269631,0.0324826661136468
431.337690534184,-0.00377918571884437,0.000431854796284172,-0.000230901864214002,-0.0110348224851937,-0.000138426612373709,-0.00595585768846565,-0.0030348436172949,0.0322634652936417
434.329081435613,-0.00373344170261029,0.000446333429730365,-0.000229918542599053,-0.0109537416590413,-0.000137553974734478,-0.0059123833955906,-0.00299387518890788,0.0320456856975537
437.341218076915,-0.00368817643647898,0.000460406090509852,-0.00022889591851297,-0.0108733041774093,-0.000136668471396868,-0.00586924986071751,-0.00295345154553887,0.0318293192244635
440.374244332875,-0.00364338676117891,0.000474080323350836,-0.000227835724112905,-0.0107935044377358,-0.000135770841292698,-0.00582645415528977,-0.00291356564265179,0.0316143577983124
443.428305076071,-0.00359906949060019,0.00048736356633055,-0.000226739643866136,-0.0107143368842593,-0.000134861801888405,-0.00578399337545916,-0.00287421052219942,0.0314007933682666
446.503546183793,-0.00355522141332559,0.000500263151654989,-0.00022560931557383,-0.0106357960079233,-0.000133942049656575,-0.00574186464200768,-0.00283537931166076,0.0311886179090706
449.600114545014,-0.00351183929413142,0.000512786306454767,-0.000224446331379174,-0.010557876346269,-0.000133012260540124,-0.00570006510026424,-0.00279706522308714,0.0309778234213898
452.718158067401,-0.00346891987545836,0.00052494015359631,-0.000223252238759932,-0.0104805724833168,-0.000132073090409177,-0.00565859192001647,-0.00275926155215701,0.0307684019321419
455.857825684385,-0.00342645987885243,0.000536731712507528,-0.000222028541505451,-0.0104038790494356,-0.000131125175510658,-0.00561744229541767,-0.00272196167723942,0.0305603454948183
459.01926736227,-0.00338445600637612,0.000548167900017217,-0.000220776700678194,-0.0103277907212025,-0.000130169132910617,-0.00557661344488926,-0.0026851590584661,0.0303536461897948
462.202634107401,-0.00334290494198981,0.000559255531207378,-0.000219498135559849,-0.0102523022212506,-0.000129205560929339,-0.00553610261101876,-0.00264884723681215,0.0301482961246324
465.408077973374,-0.0033018033529037,0.00057000132027771,-0.000218194224582094,-0.0101774083181084,-0.000128235039569268,-0.00549590706045366,-0.00261301983318514,0.0299442874343679
468.635752068297,-0.0032611478909004,0.000580411881421515,-0.000216866306242087,-0.0101031038260284,-0.000127258130935776,-0.00545602408379119,-0.00257767054752286,0.0297416122817952
471.885810562108,-0.00322093519362826,0.000590493729712289,-0.000215515680002769,-0.0100293836048069,-0.000126275379650833,-0.00541645099546424,-0.00254279315789939,0.0295402628577363
475.158408693936,-0.0031811618858658,0.000600253282000287,-0.000214143607178071,-0.00995624255959518,-0.000125287313259609,-0.00537718513362359,-0.00250838151963956,0.0293402313813038
478.453702779515,-0.00314182458075726,0.000609696857818345,-0.000212751311803116,-0.00988367564070179,-0.000124294442630076,-0.00533822386001667,-0.00247442956444181,0.0291415101001536
481.771850218653,-0.00310291988101968,0.000618830680296292,-0.000211339981489518,-0.00981167784338701,-0.000123297262345628,-0.00529956455986288,-0.00244093129950931,0.0289440912907284
485.113009502749,-0.00306444438012156,0.000627660877083271,-0.000209910768265887,-0.00974024420764948,-0.000122296251090812,-0.00526120464172578,-0.00240788080668935,0.028747967258493
488.477340222363,-0.00302639466343349,0.000636193481277319,-0.000208464789403651,-0.00966936981800547,-0.000121291872030186,-0.00522314153738218,-0.00237527224162087,0.0285531303381605
491.865003074839,-0.0029887673093509,0.000644434432361572,-0.000207003128228307,-0.00959904980326102,-0.000120284573180384,-0.0051853727016884,-0.00234309983289021,0.0283595728939098
495.276159871982,-0.00295155889038925,0.000652389577146469,-0.000205526834916224,-0.00952927933627742,-0.000119274787775446,-0.00514789561244374,-0.00231135788119495,0.028167287319595
498.710973547785,-0.00291476597425194,0.000660064670717348,-0.000204036927277123,-0.0094600536337303,-0.000118262934625457,-0.00511070777025135,-0.00228004075851575,0.027976266038947
502.169608166212,-0.00287838512487114,0.00066746537738686,-0.000202534391522363,-0.00939136795586258,-0.000117249418468581,-0.00507380669837672,-0.0022491429072963,0.0277865015057658
505.652228929035,-0.00284241290342195,0.000674597271651595,-0.000201020183019167,-0.00932321760623163,-0.000116234630316528,-0.00503718994260371,-0.00221865883963108,0.0275979862041064
509.159002183727,-0.00280684586931009,0.000681465839152405,-0.000199495227030912,-0.00925559793145111,-0.000115218947793546,-0.00500085507108858,-0.00218858313646118,0.0274107126484558
512.690095431402,-0.00277168058113347,0.000688076477637842,-0.000197960419443642,-0.00918850432092745,-0.000114202735468983,-0.0049647996742118,-0.00215891044677789,0.0272246733839033
516.245677334823,-0.00273691359761794,0.000694434497930209,-0.000196416627478931,-0.00912193220659151,-0.000113186345183498,-0.00492902136442804,-0.00212963548683409,0.0270398609863027
519.825917726449,-0.00270254147852759,0.000700545124893697,-0.000194864690393244,-0.00905587706262571,-0.000112170116368994,-0.00489351777611434,-0.00210075303936343,0.0268562680624272
523.430987616559,-0.00266856078554978,0.000706413498404129,-0.000193305420163945,-0.00899033440518667,-0.000111154376362329,-0.00485828656541658,-0.00207225795280725,0.0266738872501181
527.061059201407,-0.00263496808315545,0.000712044674319811,-0.000191739602162106,-0.00892529979212393,-0.000110139440712893,-0.00482332541009441,-0.00204414514054904,0.0264927112184252
530.716305871459,-0.0026017599394348,0.000717443625453035,-0.00019016799581226,-0.00886076882269472,-0.000109125613484112,-0.00478863200936473,-0.00201640958015668,0.0263127326677412
534.396902219665,-0.00256893292690888,0.000722615242541782,-0.000188591335239257,-0.00879673713727528,-0.000108113187548964,-0.00475420408374385,-0.00198904631263203,0.0261339443299288
538.103024049808,-0.00253648362331735,0.000727564335221181,-0.000187010329902384,-0.00873320041706879,-0.000107102444879563,-0.00472003937488841,-0.00196205044166825,0.0259563389684419
541.834848384891,-0.00250440861238272,0.00073229563299431,-0.000185425665216892,-0.0086701543838102,-0.000106093656830909,-0.00468613564543517,-0.00193541713291438,0.0257799093784398
545.592553475602,-0.00247270448455147,0.000736813786201929,-0.000183838003163108,-0.0086075947994683,-0.000105087084418855,-0.00465249067883981,-0.0019091416132474,0.0256046483868949
549.376318808822,-0.00244136783771243,0.000741123366990741,-0.000182247982883274,-0.00854551746594506,-0.000104082978592393,-0.0046191022792148,-0.00188321917005175,0.0254305488526948
553.1863251162,-0.00241039527789269,0.000745228870279817,-0.00018065622126629,-0.00848391822477263,-0.000103081580500309,-0.00458596827116644,-0.00185764515050591,0.025257603666738
557.022754382788,-0.00237978341993146,0.000749134714724803,-0.000179063313520509,-0.00842279295680803,-0.000102083121752311,-0.00455308649963117,-0.00183241496087648,0.0250858057520234
560.885789855729,-0.00234952888813222,0.000752845243679568,-0.000177469833734759,-0.008362137581926,-0.000101087824674676,-0.00452045482971127,-0.00180752406581931,0.0249151480637344
564.775616053012,-0.00231962831689352,0.000756364726154945,-0.000175876335427749,-0.00830194805870989,-0.000100095902560527,-0.00448807114650995,-0.00178296798768782,0.0247456235893168
568.692418772287,-0.00229007835131879,0.000759697357774238,-0.000174283352086023,-0.00824222038414103,-9.91075599147915e-05,-0.00445593335496605,-0.00175874230584843,0.024577225348552
572.636385099737,-0.0022608756478055,0.000762847261725186,-0.000172691397690632,-0.00818295059328664,-9.81229926939321e-05,-0.00442403937968825,-0.00173484265600304,0.0244099463936232
576.607703419018,-0.00223201687461411,0.000765818489708076,-0.000171100967232687,-0.0081241347589865,-9.71423885405227e-05,-0.0043923871647891,-0.00171126472951844,0.0242437798091779
580.606563420252,-0.00220349871241702,0.00076861502287972,-0.000169512537217947,-0.00806576899153852,-9.61659270127516e-05,-0.00436097467371871,-0.00168800427276279,0.024078718712384
584.633156109091,-0.00217531785482807,0.000771240772793018,-0.000167926566160628,-0.00800784943838346,-9.51937798089229e-05,-0.00432979988909833,-0.00166505708644887,0.023914756252981
588.687673815838,-0.00214747100891276,0.00077369958233184,-0.000166343495066581,-0.00795037228378882,-9.4226110987043e-05,-0.00429886081255384,-0.00164241902498425,0.0237518856133267
592.77031020464,-0.00211995489567976,0.000775995226640966,-0.000164763747906005,-0.00789333374853223,-9.32630771795604e-05,-0.00426815546454922,-0.00162008599582819,0.023590100008438
596.881260282727,-0.0020927662505538,0.000778131414050862,-0.000163187732075872,-0.00783673008958431,-9.23048278033424e-05,-0.00423768188422007,-0.00159805395885537,0.0234293926860279
601.020720409738,-0.0020659018238306,0.000780111786997032,-0.000161615838852214,-0.00778055759979131,-9.13515052649632e-05,-0.00420743812920723,-0.00157631892572618,0.0232697569265369
605.188888307094,-0.00203935838111391,0.00078193992293375,-0.000160048443832438,-0.00772481260755752,-9.04032451613815e-05,-0.00417742227549061,-0.00155487695926378,0.0231111860431604
609.385963067442,-0.00201313270373527,0.000783619335241951,-0.000158485907367839,-0.00766949147652774,-8.94601764760816e-05,-0.00414763241722317,-0.00153372417283768,0.0229536733818713
613.612145164168,-0.00198722158915661,0.000785153474131074,-0.000156928574986465,-0.00761459060526983,-8.85224217707568e-05,-0.0041180666665653,-0.00151285672975383,0.0227972123214383
617.867636460969,-0.00196162185135624,0.000786545727534686,-0.000155376777806503,-0.00756010642695741,-8.75900973726104e-05,-0.00408872315351943,-0.00149227084265124,0.0226417962734393
622.152640221499,-0.00193633032119842,0.000787799421999686,-0.000153830832940333,-0.00750603540905305,-8.6663313557347e-05,-0.00405960002576513,-0.00147196277290505,0.0224874186822719
626.467361119072,-0.00191134384678694,0.000788917823568941,-0.000152291043889425,-0.00745237405299188,-8.57421747279322e-05,-0.0040306954484946,-0.00145192883003589,0.022334073025158
630.812005246445,-0.00188665929380305,0.000789904138657174,-0.000150757700930228,-0.00739911889386568,-8.48267795891931e-05,-0.00400200760424867,-0.00143216537112571,0.0221817528121462
635.186780125658,-0.00186227354582806,0.000790761514919958,-0.000149231081491214,-0.00734626650010784,-8.3917221318332e-05,-0.00397353469275332,-0.00141266880023977,0.0220304515861083
639.591894717946,-0.00183818350465094,0.000791493042115688,-0.00014771145052122,-0.00729381347317894,-8.30135877314311e-05,-0.00394527493075682,-0.00139343556785491,0.021880162922734
644.027559433723,-0.00181438609056127,0.000792101752960372,-0.000146199060849264,-0.00724175644725331,-8.21159614460147e-05,-0.00391722655186747,-0.00137446217029402,0.0217308804305199
648.493986142629,-0.00179087824262782,0.000792590623975134,-0.000144694153535973,-0.00719009208890657,-8.12244200397458e-05,-0.00388938780639201,-0.00135574514916658,0.0215825977507562
652.991388183652,-0.00176765691896323,0.000792962576326309,-0.000143196958216771,-0.00713881709680416,-8.0339036205325e-05,-0.0038617569611747,-0.00133728109081536,0.0214353085575091
657.519980375318,-0.00174471909697492,0.000793220476658015,-0.000141707693437005,-0.00708792820139112,-7.94598779016642e-05,-0.00383433229943726,-0.00131906662576908,0.0212890065575998
662.07997902595,-0.00172206177360269,0.000793367137917108,-0.000140226566979119,-0.00703742216458305,-7.85870085014051e-05,-0.00380711212061938,-0.00130109842820107,0.0211436854905803
666.671601944003,-0.00169968196554326,0.000793405320170413,-0.000138753776182062,-0.00698729577945842,-7.77204869348502e-05,-0.00378009474022028,-0.00128337321539389,0.0209993391287053
671.295068448464,-0.00167757670946211,0.000793337731414167,-0.000137289508253047,-0.0069375458699522,-7.68603678303759e-05,-0.0037532784896409,-0.00126588774720978,0.0208559612769017
675.950599379332,-0.00165574306219286,0.000793167028375577,-0.000135833940571829,-0.00688816929055104,-7.60067016513952e-05,-0.00372666171602708,-0.00124863882556696,0.0207135457727336
680.638417108163,-0.0016341781009246,0.000792895817306419,-0.000134387240987625,-0.00683916292598994,-7.51595348299381e-05,-0.00370024278211362,-0.00123162329392174,0.0205720864863659
685.358745548692,-0.00161287892337734,0.000792526654768625,-0.000132949568108837,-0.00679052369095043,-7.43189098969135e-05,-0.00367402006606922,-0.00121483803675629,0.0204315773205231
690.11181016753,-0.00159184264796599,0.000792062048411795,-0.000131521071585702,-0.00674224852976059,-7.34848656091193e-05,-0.00364799196134245,-0.00119827997907219,0.020292012210446
694.897837994932,-0.00157106641395313,0.000791504457742576,-0.000130101892386019,-0.00669433441609657,-7.26574370730678e-05,-0.00362215687650859,-0.0011819460858895,0.020153385123846
699.717057635642,-0.00155054738159077,0.000790856294885856,-0.000128692163064083,-0.006646778352686,-7.18366558656857e-05,-0.00359651323511758,-0.0011658333617515,0.0200156900608552
704.569699279812,-0.00153028273225158,0.000790119925337756,-0.000127292008022968,-0.00659957737101318,-7.10225501519542e-05,-0.00357105947554289,-0.00114993885023492,0.019878921053975
709.455994713995,-0.00151026966854965,0.000789297668710356,-0.000125901543770281,-0.00655272853102615,-7.02151447995532e-05,-0.0035457940508315,-0.00113425963346567,0.0197430721680216
714.376177332221,-0.00149050541445123,0.000788391799468141,-0.000124520879167532,-0.00650622892084565,-6.94144614905669e-05,-0.00352071542855489,-0.00111879283164,0.0196081375000683
719.33048214714,-0.00147098721537561,0.000787404547656145,-0.000123150115673242,-0.006460075656476,-6.86205188303146e-05,-0.00349582209066115,-0.00110353560255107,0.019474111179386
724.31914580125,-0.00145171233828645,0.000786338099619759,-0.000121789347579921,-0.00641426588151807,-6.78333324533662e-05,-0.00347111253332813,-0.00108848514112081,0.0193409873673814
729.342406578201,-0.00143267807177388,0.000785194598716206,-0.000120438662245035,-0.00636879676688417,-6.70529151267985e-05,-0.00344658526681774,-0.00107363867893713,0.0192087602575314
734.400504414174,-0.00141388172612748,0.000783976146017658,-0.000119098140316101,-0.00632366551051509,-6.62792768507549e-05,-0.00342223881533133,-0.00105899348379632,0.0190774240753169
739.493680909344,-0.00139532063340061,0.000782684801006006,-0.000117767855950015,-0.00627886933709918,-6.55124249563611e-05,-0.00339807171686624,-0.00104454685925071,0.018946973078153
744.622179339418,-0.00137699214746608,0.000781322582259262,-0.000116447877026752,-0.0062344054977936,-6.47523642010562e-05,-0.0033740825230735,-0.0010302961441614,0.0188174015553176
749.786244667259,-0.00135889364406365,0.000779891468129615,-0.000115138265357543,-0.00619027126994769,-6.39990968613945e-05,-0.0033502697991166,-0.00101623871225617,0.0186887038278777
754.98612355458,-0.00134102252083948,0.000778393397413146,-0.000113839076887652,-0.00614646395682861,-6.32526228233702e-05,-0.00332663212353158,-0.0010023719716924,0.0185608742486131
760.222064373731,-0.00132337619737774,0.00077683027001119,-0.000112550361893874,-0.00610298088734903,-6.2512939670323e-05,-0.00330316808808813,-0.000988693364624972,0.0184339072019391
765.494317219563,-0.00130595211522472,0.000775203947583404,-0.000111272165176858,-0.00605981941579721,-6.17800427684724e-05,-0.00327987629765199,-0.000975200366779205,0.0183077971038261
770.803133921369,-0.00128874773790555,0.000773516254192519,-0.000110004526248373,-0.00601697692156926,-6.1053925350138e-05,-0.00325675537004849,-0.000961890487028653,0.018182538401718
776.148768054917,-0.00127176055093387,0.000771768976940814,-0.000108747479513626,-0.00597445080890363,-6.03345785946936e-05,-0.00323380393592728,-0.00094876126697778,0.0180581255744482
781.531474954562,-0.00125498806181458,0.000769963866598348,-0.000107501054448743,-0.00593223850661801,-5.9621991707306e-05,-0.00321102063862831,-0.00093581028054946,0.0179345531321539
786.951511725437,-0.00123842780003993,0.00076810263822296,-0.000106265275773518,-0.00589033746784837,-5.89161519955103e-05,-0.00318840413404895,-0.000923035133577256,0.0178118156161891
792.40913725574,-0.00122207731707916,0.00076618697177208,-0.000105040163619526,-0.00584874516979042,-5.82170449436674e-05,-0.00316595309051239,-0.000910433463402426,0.0176899075990351
797.904612229097,-0.00120593418636188,0.000764218512706384,-0.000103825733693725,-0.00580745911344341,-5.75246542853534e-05,-0.00314366618863719,-0.000898002938475614,0.01756882368421
803.438199137013,-0.00118999600325541,0.000762198872585329,-0.000102621997437626,-0.00576647682335613,-5.68389620737291e-05,-0.00312154212120807,-0.000885741257963183,0.0174485585061759
809.01016229141,-0.00117426038503632,0.000760129629654608,-0.000101428962182139,-0.00572579584737543,-5.61599487499314e-05,-0.00309957959304798,-0.000873646151358138,0.0173291067302449
814.620767837254,-0.0011587249708562,0.000758012329425566,-0.000100246631298205,-0.00568541375639695,-5.54875932095391e-05,-0.00307777732089124,-0.000861715378095609,0.0172104630524839
820.270283765263,-0.00114338742170216,0.000755848485246632,-9.90750043432842e-05,-0.00564532814411829,-5.482187286715e-05,-0.0030561340332581,-0.000849946727172831,0.0170926221996173
825.958979924714,-0.00112824542035188,0.000753639578866796,-9.79140772038205e-05,-0.00560553662679447,-5.41627637191197e-05,-0.00303464847033034,-0.000838338016773588,0.0169755789289286
831.687128036326,-0.00111329667132367,0.000751387060991195,-9.67638422337617e-05,-0.0055660368429958,-5.35102404045011e-05,-0.00301331938382819,-0.000826887093897074,0.0168593280281601
837.455001705243,-0.00109853890082164,0.000749092351828855,-9.56242883892279e-05,-0.00552682645336814,-5.28642762642285e-05,-0.00299214553688846,-0.000815591833991137,0.0167438643154126
843.262876434102,-0.00108396985667608,0.000746756841632644,-9.44954013594204e-05,-0.00548790314039539,-5.22248433985869e-05,-0.00297112570394383,-0.000804450140589836,0.0166291826390417
849.111029636188,-0.00106958730827935,0.00074438189123148,-9.33771636938582e-05,-0.00544926460816454,-5.15919127230088e-05,-0.00295025867060344,-0.000793459944955303,0.0165152778775551
854.999740648693,-0.00105538904651729,0.000741968832554875,-9.22695549260263e-05,-0.00541090858213291,-5.09654540222368e-05,-0.00292954323353463,-0.000782619205723839,0.0164021449395069
860.92929074605,-0.00104137288369653,0.000739518969149837,-9.11725516935235e-05,-0.00537283280889781,-5.03454360028913e-05,-0.00290897820034592,-0.000771925908556214,0.0162897787633915
866.899963153375,-0.00102753665346763,0.000737033576690235,-9.0086127854789e-05,-0.00533503505596861,-4.97318263444829e-05,-0.00288856238947116,-0.000761378065792126,0.0161781743175367
872.91204305999,-0.00101387821074435,0.000734513903478642,-8.90102546024935e-05,-0.00529751311154106,-4.91245917489061e-05,-0.00286829463005494,-0.000750973716108782,0.0160673265999948
878.965817633049,-0.00100039543161921,0.000731961170940757,-8.79449005736713e-05,-0.00526026478427399,-4.85236979884521e-05,-0.00284817376183915,-0.000740710924183546,0.0159572306384332
885.061576031251,-0.000987086213275407,0.000729376574112442,-8.68900319566711e-05,-0.0052232879030684,-4.79291099523752e-05,-0.00282819863505076,-0.000730587780360626,0.0158478814900243
891.199609418655,-0.000973948473895242,0.000726761282119457,-8.58456125950072e-05,-0.00518658031684882,-4.73407916920511e-05,-0.00280836811029074,-0.000720602400321749,0.0157392742413336
897.380210978585,-0.000960980152565315,0.000724116438649954,-8.48116040881798e-05,-0.00515013989434696,-4.67587064647591e-05,-0.00278868105842428,-0.000710752924760796,0.0156314040082074
903.603675927636,-0.000948179209178495,0.000721443162419785,-8.37879658895434e-05,-0.00511396452388777,-4.6182816776124e-05,-0.00276913636047202,-0.000701037519062335,0.0155242659356598
909.870301529772,-0.00093554362433286,0.000718742547630717,-8.27746554012912e-05,-0.00507805211317774,-4.56130844212501e-05,-0.00274973290750261,-0.00069145437298403,0.0154178551977579
916.18038711053,-0.000923071399227741,0.000716015664421596,-8.17716280666311e-05,-0.00504240058909548,-4.50494705245816e-05,-0.00273046960052631,-0.000682001700342881,0.0153121669975075
922.534234071309,-0.000910760555556985,0.000713263559312548,-8.07788374592179e-05,-0.00500700789748459,-4.4491935578519e-05,-0.00271134535038985,-0.000672677738705252,0.0152071965667366
928.932145903777,-0.000898609135399575,0.00071048725564228,-7.97962353699122e-05,-0.00497187200294885,-4.39404394808246e-05,-0.00269235907767238,-0.000663480749080641,0.0151029391659794
935.374428204358,-0.000886615201107717,0.000707687753998551,-7.88237718909328e-05,-0.0049369908886496,-4.33949415708483e-05,-0.00267350971258256,-0.000654409015619174,0.0149993900843586
941.861388688833,-0.00087477683519253,0.000704866032641888,-7.7861395497466e-05,-0.00490236255610536,-4.28554006646013e-05,-0.00265479619485683,-0.000645460845312759,0.0148965446394674
948.39333720704,-0.000863092140207435,0.000702023047922615,-7.69090531267968e-05,-0.00486798502499378,-4.23217750887106e-05,-0.0026362174736588,-0.000636634567699876,0.0147943981772511
954.970585757668,-0.000851559238629383,0.000699159734691275,-7.59666902550247e-05,-0.00483385633295565,-4.17940227132792e-05,-0.0026177725074797,-0.000627928534573957,0.0146929460718874
961.593448503166,-0.00084017627273801,0.000696277006702503,-7.50342509714234e-05,-0.00479997453540127,-4.1272100983684e-05,-0.00259946026404007,-0.000619341119695329,0.0145921837256668
968.262241784745,-0.000828941404492835,0.000693375757012438,-7.41116780505071e-05,-0.00476633770531886,-4.07559669513364e-05,-0.00258127972019239,-0.000610870718506665,0.0144921065688717
974.977284137491,-0.00081785281540861,0.000690456858369747,-7.31989130218588e-05,-0.0047329439330853,-4.0245577303433e-05,-0.00256322986182499,-0.000602515747851917,0.0143927100596556
981.738896305574,-0.000806908706428919,0.000687521163600312,-7.22958962377808e-05,-0.00469979132627887,-3.9740888391725e-05,-0.00254530968376687,-0.000594274645698693,0.0142939896839217
988.547401257578,-0.000796107297798129,0.000684569505985694,-7.14025669388204e-05,-0.00466687800949423,-3.92418562603275e-05,-0.00252751818969376,-0.000586145870864038,0.0141959409552001
995.403124201917,-0.000785446828931782,0.0006816026996354,-7.05188633172288e-05,-0.0046342021241595,-3.87484366725998e-05,-0.00250985439203514,-0.000578127902743578,0.0140985594145261
1002.30639260238,-0.000774925558285535,0.000678621539853076,-6.96447225784037e-05,-0.00460176182835545,-3.82605851371161e-05,-0.00249231731188237,-0.000570219241044002,0.0140018406303167
1009.25753619375,-0.000764541763222728,0.000675626803496654,-6.87800810003715e-05,-0.00456955529663676,-3.77782569327545e-05,-0.00247490597889789,-0.00056241840551883,0.0139057801982471
1016.2568869976,-0.000754293739880666,0.000672619249332563,-6.79248739913557e-05,-0.00453758071985537,-3.73014071329255e-05,-0.0024576194312254,-0.000554723935707446,0.0138103737411274
1023.30477933808,-0.000744179803035731,0.000669599618384058,-6.70790361454879e-05,-0.0045058363049859,-3.68299906289651e-05,-0.00244045671540118,-0.000547134390677358,0.0137156169087779
1030.40154985798,-0.000734198285967344,0.000666568634273743,-6.62425012967026e-05,-0.00447432027495309,-3.6363962152712e-05,-0.00242341688626628,-0.000539648348769626,0.0136215053779051
1037.5475375347,-0.000724347540320952,0.000663527003560376,-6.54152025708722e-05,-0.00444303086846127,-3.5903276298296e-05,-0.00240649900687996,-0.000532264407347469,0.0135280348519765
1044.74308369654,-0.000714625935970012,0.000660475416070002,-6.45970724362215e-05,-0.00441196633982582,-3.54478875431528e-05,-0.00238970214843387,-0.000524981182547961,0.0134352010610955
1051.98853203895,-0.000705031860877146,0.00065741454522152,-6.3788042752073e-05,-0.00438112495880663,-3.49977502682915e-05,-0.00237302539016743,-0.000517797309036838,0.0133429997618764
1059.28422864097,-0.000695563720954466,0.000654345048346728,-6.29880448159629e-05,-0.00435050501044351,-3.45528187778329e-05,-0.00235646781928413,-0.000510711439766325,0.0132514267373185
1066.63052198171,-0.000686219939923203,0.000651267567004943,-6.21970094091781e-05,-0.00432010479489363,-3.41130473178387e-05,-0.00234002853086878,-0.000503722245736002,0.0131604777966801
1074.02776295709,-0.000676998959172643,0.000648182727292247,-6.14148668407472e-05,-0.00428992262727069,-3.36783900944518e-05,-0.00232370662780578,-0.000496828415756627,0.0130701487753528
1081.4763048965,-0.00066789923761852,0.00064509114014545,-6.06415469899396e-05,-0.00425995683748626,-3.32488012913674e-05,-0.00230750122069831,-0.000490028656216933,0.0129804355347351
1088.97650357974,-0.000658919251560835,0.000641993401640826,-5.98769793472993e-05,-0.00423020577009283,-3.28242350866514e-05,-0.00229141142778853,-0.000483321690853304,0.0128913339621062
1096.52871725401,-0.00065005749454127,0.000638890093287711,-5.91210930542671e-05,-0.00420066778412877,-3.24046456689274e-05,-0.00227543637487862,-0.000476706260522371,0.0128028399704989
1104.13330665098,-0.000641312477200149,0.000635781782317009,-5.83738169414186e-05,-0.00417134125296521,-3.19899872529468e-05,-0.00225957519525288,-0.000470181122976419,0.0127149494985738
1111.79063500406,-0.000632682727133119,0.000632669021964714,-5.76350795653642e-05,-0.00414222456415468,-3.15802140945633e-05,-0.00224382702960064,-0.00046374505264164,0.0126276585104918
1119.50106806575,-0.000624166788747493,0.000629552351750471,-5.69048092443423e-05,-0.00411331611928159,-3.11752805051242e-05,-0.00222819102594011,-0.000457396840399146,0.0125409629957876
1127.26497412507,-0.000615763223118422,0.000626432297751295,-5.6182934092546e-05,-0.00408461433381456,-3.07751408652998e-05,-0.00221266633954323,-0.000451135293368754,0.0124548589692428
1135.0827240252,-0.000607470607844848,0.000623309372870477,-5.54693820532148e-05,-0.00405611763696042,-3.03797496383625e-05,-0.00219725213286122,-0.000444959234695473,0.012369342470759
1142.95469118117,-0.000599287536905386,0.00062018407710177,-5.47640809305312e-05,-0.0040278244715201,-2.99890613829357e-05,-0.00218194757545123,-0.000438867503338698,0.0122844095652305
1150.8812515977,-0.000591212620514094,0.000617056897788916,-5.4066958420348e-05,-0.00399973329374614,-2.96030307652242e-05,-0.00216675184390366,-0.000432858953864045,0.0122000563424175
1158.86278388715,-0.000583244484976263,0.000613928309880582,-5.33779421397875e-05,-0.00397184257320204,-2.92216125707437e-05,-0.00215166412177054,-0.000426932456237832,0.0121162789168195
1166.89966928762,-0.0005753817725442,0.000610798776180768,-5.26969596557382e-05,-0.00394415079262314,-2.88447617155626e-05,-0.00213668359949455,-0.000421086895624136,0.0120330734275474
1174.99229168114,-0.000567623141273119,0.000607668747594766,-5.20239385122836e-05,-0.00391665644777947,-2.84724332570713e-05,-0.00212180947433912,-0.000415321172184446,0.0119504360381975
1183.14103761204,-0.000559967264877117,0.000604538663370723,-5.13588062570919e-05,-0.00388935804733989,-2.81045824042913e-05,-0.00210704095031915,-0.000409634200879816,0.0118683629367241
1191.34629630538,-0.000552412832585339,0.000601408951336882,-5.07014904667987e-05,-0.00386225411273826,-2.77411645277412e-05,-0.00209237723813269,-0.000404024911275566,0.0117868503353127
1199.60845968555,-0.000544958548998314,0.000598280028134559,-5.00519187714071e-05,-0.00383534317804091,-2.73821351688673e-05,-0.00207781755509339,-0.000398492247348429,0.0117058944702535
1207.92792239501,-0.000537603133944564,0.000595152299446937,-4.94100188777402e-05,-0.00380862378981597,-2.70274500490583e-05,-0.00206336112506376,-0.000393035167296174,0.0116254916018143
1216.3050818131,-0.000530345322337456,0.000592026160223709,-4.87757185919653e-05,-0.00378209450700411,-2.66770650782505e-05,-0.00204900717838921,-0.000387652643349623,0.0115456380141145
1224.74033807505,-0.000523183864032399,0.000588901994901678,-4.81489458412258e-05,-0.00375575390079097,-2.63309363631403e-05,-0.00203475495183294,-0.00038234366158709,0.0114663300149984
1233.23409409112,-0.000516117523684364,0.000585780177621326,-4.75296286943981e-05,-0.00372960055448108,-2.59890202150134e-05,-0.0020206036885115,-0.000377107221751159,0.0113875639359088
1241.78675556577,-0.000509145080605809,0.000582661072439465,-4.69176953820066e-05,-0.00370363306337335,-2.56512731572036e-05,-0.00200655263783124,-0.000371942337067821,0.0113093361317611
1250.39873101711,-0.000502265328624999,0.000579545033537985,-4.63130743153157e-05,-0.00367785003463804,-2.53176519321917e-05,-0.00199260105542542,-0.000366848034067897,0.011231642980817
1259.07043179635,-0.000495477075944794,0.0005764324054288,-4.57156941046285e-05,-0.00365225008719528,-2.49881135083565e-05,-0.00197874820309216,-0.000361823352410769,0.0111544808845592
1267.80227210752,-0.000488779145001892,0.000573323523155018,-4.51254835768102e-05,-0.00362683185159499,-2.46626150863878e-05,-0.00196499334873302,-0.000356867344710339,0.0110778462675653
1276.5946690272,-0.000482170372326585,0.000570218712488419,-4.45423717920644e-05,-0.00360159396989837,-2.43411141053721e-05,-0.00195133576629243,-0.000351979076363237,0.0110017355773825
1285.44804252445,-0.000475649608403064,0.000567118290123291,-4.3966288059982e-05,-0.00357653509556076,-2.40235682485621e-05,-0.00193777473569778,-0.000347157625379224,0.0109261452844025
1294.36281548089,-0.000469215717530247,0.000564022563866676,-4.33971619548841e-05,-0.00355165389331589,-2.37099354488379e-05,-0.0019243095428002,-0.000342402082213764,0.0108510718817365
1303.33941371088,-0.000462867577683228,0.000560931832825099,-4.28349233304831e-05,-0.00352694903906171,-2.34001738938733e-05,-0.00191093947931614,-0.000337711549602754,0.0107765118850901
1312.37826598188,-0.000456604080375307,0.000557846387587816,-4.22795023338787e-05,-0.00350241921974735,-2.30942420310109e-05,-0.00189766384276955,-0.000333085142399373,0.0107024618326393
1321.47980403488,-0.000450424130520672,0.000554766510406661,-4.17308294189139e-05,-0.00347806313326173,-2.27920985718619e-05,-0.00188448193643478,-0.000328521987413034,0.0106289182849057
1330.6444626051,-0.000444326646297712,0.000551692475372523,-4.11888353589055e-05,-0.00345387948832331,-2.24937024966338e-05,-0.00187139306928018,-0.000324021223250397,0.0105558778246329
1339.87267944269,-0.00043831055901303,0.000548624548588538,-4.06534512587731e-05,-0.00342986700437133,-2.21990130581987e-05,-0.00185839655591239,-0.000319582000158449,0.0104833370566623
1349.16489533366,-0.000432374812966125,0.000545562988340008,-4.01246085665813e-05,-0.00340602441145825,-2.19079897859081e-05,-0.0018454917165212,-0.000315203479869588,0.01041129260781
1358.52155412096,-0.000426518365314813,0.000542508045261147,-3.96022390845165e-05,-0.0033823504501436,-2.16205924891641e-05,-0.00183267787682516,-0.000310884835448721,0.0103397411267435
1367.94310272563,-0.000420740185941354,0.000539459962498673,-3.90862749793135e-05,-0.00335884387138906,-2.13367812607535e-05,-0.00181995436801782,-0.000306625251142326,0.0102686792838588
1377.42999116818,-0.000415039257319352,0.000536418975872318,-3.85766487921517e-05,-0.00333550343645484,-2.10565164799551e-05,-0.00180732052671454,-0.000302423922229473,0.0101981037711576
1386.98267259009,-0.000409414574381401,0.000533385314032288,-3.8073293448034e-05,-0.00331232791679729,-2.07797588154243e-05,-0.00179477569490002,-0.000298280054874764,0.0101280113021253
1396.60160327544,-0.000403865144387531,0.000530359198613751,-3.75761422646703e-05,-0.00328931609396781,-2.05064692278656e-05,-0.00178231921987641,-0.000294192865983187,0.010058398611609
1406.2872426727,-0.000398389986794427,0.000527340844388373,-3.70851289608742e-05,-0.00326646675951288,-2.02366089724987e-05,-0.00176995045421202,-0.000290161583056838,0.00998926245569562
1416.04005341668,-0.000392988133125491,0.00052433045941298,-3.66001876644968e-05,-0.00324377871487543,-1.99701396013249e-05,-0.00175766875569064,-0.000286185444053513,0.00992059961159104
1425.86050135065,-0.000387658626841685,0.000521328245175367,-3.61212529199044e-05,-0.00322125077129724,-1.97070229652013e-05,-0.00174547348726152,-0.000282263697247124,0.00985240687749868
1435.74905554856,-0.000382400523213256,0.000518334396737334,-3.56482596950217e-05,-0.00319888174972275,-1.94472212157299e-05,-0.00173336401698983,-0.000278395601089937,0.00978468107249923
1445.70618833745,-0.000377212889192265,0.000515349102874959,-3.51811433879491e-05,-0.00317667048070377,-1.91906968069661e-05,-0.00172133971800779,-0.000274580424076591,0.00971741903643021
1455.73237532004,-0.000372094803286015,0.000512372546216195,-3.47198398331733e-05,-0.00315461580430553,-1.89374124969552e-05,-0.00170939996846638,-0.000270817444609897,0.00965061762976625
1465.8280953974,-0.00036704535543131,0.0005094049033758,-3.42642853073796e-05,-0.00313271657001377,-1.8687331349101e-05,-0.00169754415148751,-0.000267105950868365,0.0095842737334994
1475.99383079187,-0.000362063646869629,0.000506446345087681,-3.38144165348836e-05,-0.00311097163664297,-1.84404167333747e-05,-0.00168577165511691,-0.000263445240675481,0.00951838424902015
1486.23006707006,-0.000357148790023154,0.000503497036334659,-3.33701706926905e-05,-0.0030893798722457,-1.81966323273662e-05,-0.00167408187227742,-0.000259834621370662,0.00945294609799857
1496.53729316606,-0.000352299908371726,0.000500557136475739,-3.29314854151999e-05,-0.00306794015402304,-1.79559421171881e-05,-0.00166247420072293,-0.000256273409681916,0.00938795622226603
1506.9160014048,-0.000347516136330676,0.000497626799370893,-3.24982987985619e-05,-0.00304665136823603,-1.77183103982336e-05,-0.00165094804299282,-0.000252760931600143,0.00932341158369712
1517.36668752555,-0.000342796619129596,0.000494706173503429,-3.20705494047018e-05,-0.00302551241011829,-1.74837017757961e-05,-0.00163950280636692,-0.000249296522255098,0.00925930916409222
1527.88985070559,-0.000338140512691996,0.000491795402099964,-3.16481762650214e-05,-0.00300452218378957,-1.72520811655545e-05,-0.00162813790282104,-0.000245879525792959,0.00919564596506019
1538.4859935841,-0.000333546983515923,0.000488894623248063,-3.12311188837899e-05,-0.0029836796021704,-1.70234137939301e-05,-0.00161685274898293,-0.000242509295255503,0.00913241900790172
1549.15562228612,-0.000329015208555468,0.000486003970011565,-3.08193172412331e-05,-0.00296298358689772,-1.67976651983185e-05,-0.00160564676608886,-0.000239185192460862,0.00906962533349288
1559.89924644673,-0.00032454437510325,0.000483123570543661,-3.04127117963343e-05,-0.00294243306824155,-1.65748012272032e-05,-0.00159451937994064,-0.00023590658788584,0.00900726200216933
1570.71737923542,-0.000320133680673803,0.000480253548197741,-3.00112434893535e-05,-0.0029220269850226,-1.63547880401526e-05,-0.00158347002086311,-0.000232672860549769,0.00894532609361067
1581.61053738059,-0.000315782332887934,0.000477394021636061,-2.96148537440787e-05,-0.00290176428453091,-1.61375921077086e-05,-0.00157249812366221,-0.000229483397899896,0.00888381470672551
1592.57924119422,-0.000311489549358006,0.00047454510493627,-2.92234844698155e-05,-0.00288164392244542,-1.59231802111676e-05,-0.00156160312758344,-0.000226337595698258,0.00882272495953668
1603.62401459674,-0.000307254557574196,0.000471706907695831,-2.88370780631271e-05,-0.0028616648627545,-1.57115194422599e-05,-0.00155078447627087,-0.000223234857910062,0.00876205398906718
1614.74538514202,-0.000303076594791678,0.000468879535134371,-2.84555774093308e-05,-0.0028418260776774,-1.5502577202731e-05,-0.00154004161772657,-0.000220174596593512,0.00870179895122627
1625.94388404263,-0.000298954907918788,0.000466063088194014,-2.80789258837635e-05,-0.00282212654758667,-1.52963212038296e-05,-0.00152937400427053,-0.000217156231791097,0.00864195702069625
1637.22004619516,-0.000294888753406126,0.000463257663637697,-2.77070673528207e-05,-0.00280256526093144,-1.50927194657041e-05,-0.00151878109250104,-0.000214179191422297,0.00858252539081952
1648.57441020578,-0.000290877397136633,0.000460463354145559,-2.73399461747818e-05,-0.00278314121416165,-1.48917403167144e-05,-0.00150826234325553,-0.000211242911177714,0.00852350127348623
1660.00751841599,-0.000286920114316614,0.000457680248409378,-2.69775072004247e-05,-0.00276385341165309,-1.46933523926583e-05,-0.00149781722157179,-0.000208346834414586,0.0084648818990222
1671.51991692849,-0.000283016189367732,0.000454908431225147,-2.66196957734423e-05,-0.00274470086563345,-1.44975246359215e-05,-0.00148744519664975,-0.000205490412053679,0.00840666451607753
1683.11215563331,-0.000279164915819958,0.000452147983583776,-2.62664577306656e-05,-0.00272568259610905,-1.43042262945485e-05,-0.0014771457418136,-0.000202673102477543,0.00834884639151543
1694.78478823403,-0.000275365596205491,0.000449398982759992,-2.59177394021018e-05,-0.00270679763079262,-1.41134269212432e-05,-0.00146691833447434,-0.000199894371430102,0.00829142481030175
1706.53837227424,-0.000271617541953619,0.000446661502399439,-2.55734876107936e-05,-0.00268804500503174,-1.39250963722982e-05,-0.00145676245609285,-0.000197153691917576,0.00823439707539472
1718.37346916419,-0.000267920073286571,0.000443935612604035,-2.52336496725093e-05,-0.00266942376173829,-1.37392048064587e-05,-0.00144667759214322,-0.000194450544110705,0.00817776050763544
1730.2906442076,-0.000264272519116296,0.000441221380015605,-2.48981733952661e-05,-0.00265093295131848,-1.35557226837219e-05,-0.00143666323207665,-0.000191784415248267,0.00812151244563856
1742.29046662864,-0.000260674216942231,0.000438518867897823,-2.45670070786984e-05,-0.00263257163160399,-1.33746207640766e-05,-0.00142671886928566,-0.000189154799541872,0.00806565024568365
1754.37350959913,-0.000257124512750001,0.000435828136216496,-2.42400995132721e-05,-0.00261433886778361,-1.31958701061842e-05,-0.00141684400106873,-0.00018656119808201,0.00801017128160695
1766.54035026596,-0.000253622760911092,0.000433149241718223,-2.39173999793556e-05,-0.00259623373233586,-1.30194420660054e-05,-0.00140703812859532,-0.000184003118745346,0.00795507294469355
1778.79156977856,-0.00025016832408347,0.000430482238007458,-2.35988582461509e-05,-0.00257825530496235,-1.28453082953733e-05,-0.00139730075687132,-0.000181480076103245,0.00790035264357023
1791.12775331676,-0.000246760573113147,0.000427827175621994,-2.32844245704907e-05,-0.00256040267252177,-1.26734407405179e-05,-0.00138763139470481,-0.000178991591331495,0.00784600780409852
1803.54949011869,-0.000243398886936714,0.00042518410210693,-2.29740496955092e-05,-0.00254267492896486,-1.25038116405417e-05,-0.00137802955467232,-0.000176537192121241,0.00779203586926849
1816.05737350894,-0.000240082652484793,0.0004225530620871,-2.26676848491885e-05,-0.00252507117526992,-1.23363935258512e-05,-0.00136849475308533,-0.000174116412591092,0.00773843429909284
1828.65200092687,-0.000236811264586457,0.000419934097338049,-2.23652817427902e-05,-0.00250759051937919,-1.21711592165453e-05,-0.00135902650995722,-0.000171728793200391,0.00768520057050165
1841.33397395519,-0.000233584125874577,0.00041732724685553,-2.20667925691729e-05,-0.00249023207613582,-1.20080818207631e-05,-0.00134962434897058,-0.000169373880663643,0.00763233217723738
1854.10389834867,-0.00023040064669211,0.000414732546923595,-2.17721700010047e-05,-0.00247299496722173,-1.18471347329934e-05,-0.00134028779744486,-0.000167051227866071,0.00757982662975065
1866.9623840631,-0.000227260244999319,0.000412150031181268,-2.14813671888716e-05,-0.00245587832109597,-1.16882916323479e-05,-0.00133101638630436,-0.000164760393780298,0.00752768145509625
1879.91004528435,-0.000224162346281925,0.00040957973068786,-2.11943377592907e-05,-0.00243888127293398,-1.15315264808001e-05,-0.00132180965004665,-0.000162500943384134,0.00747589419682981
1892.94750045783,-0.000221106383460179,0.000407021673986922,-2.09110358126282e-05,-0.00242200296456732,-1.13768135213921e-05,-0.0013126671267112,-0.000160272447579454,0.00742446241490485
1906.0753723179,-0.000218091796798868,0.000404475887168891,-2.06314159209304e-05,-0.0024052425444243,-1.12241272764107e-05,-0.00130358835784849,-0.000158074483112163,0.00737338368557046
1919.29428791772,-0.000215118033818223,0.000401942393932423,-2.03554331256692e-05,-0.00238859916747106,-1.10734425455355e-05,-0.00129457288848938,-0.000155906632493208,0.00732265560126929
1932.60487865912,-0.000212184549205752,0.000399421215644466,-2.00830429354088e-05,-0.0023720719951535,-1.09247344039596e-05,-0.00128562026711481,-0.000153768483920663,0.00727227577053623
1946.00778032282,-0.000209290804728976,0.000396912371399077,-1.98142013233944e-05,-0.00235566019533965,-1.07779782004856e-05,-0.00127673004562587,-0.00015165963120283,0.00722224181789739
1959.50363309877,-0.000206436269149075,0.000394415878075016,-1.95488647250703e-05,-0.00233936294226294,-1.06331495555984e-05,-0.00126790177931415,-0.000149579673682383,0.00717255138376979
1973.09308161673,-0.000203620418135422,0.000391931750392143,-1.92869900355273e-05,-0.00232317941646583,-1.04902243595157e-05,-0.00125913502683243,-0.000147528216161508,0.00712320212436132
1986.77677497706,-0.000200842734181025,0.000389460000966628,-1.90285346068876e-05,-0.00230710880474425,-1.03491787702187e-05,-0.00125042935016572,-0.00014550486882805,0.00707419171157141
2000.55536678172,-0.000198102706518849,0.000387000640365013,-1.8773456245625e-05,-0.00229115030009256,-1.02099892114637e-05,-0.0012417843146025,-0.000143509247182635,0.007025517832892
2014.42951516552,-0.000195399831039028,0.000384553677157138,-1.85217132098302e-05,-0.00227530310164918,-1.00726323707773e-05,-0.00123319948870641,-0.000141540971966783,0.00697717819130923
2028.39988282751,-0.000192733610206946,0.000382119117967949,-1.82732642064181e-05,-0.00225956641464276,-9.93708519743409e-06,-0.00122467444428811,-0.000139599669091951,0.00692917050520534
2042.46713706267,-0.000190103552982209,0.00037969696752823,-1.80280683882857e-05,-0.00224393945033895,-9.80332490042145e-06,-0.00121620875637758,-0.000137684969569555,0.0068814925082614
2056.63194979376,-0.000187509174738467,0.000377287228724244,-1.77860853514201e-05,-0.00222842142598777,-9.67132894639006e-06,-0.00120780200319655,-0.000135796509441902,0.00683414194936024
2070.89499760343,-0.000184949997184112,0.000374889902646349,-1.75472751319605e-05,-0.00221301156477157,-9.54107505759295e-06,-0.00119945376613137,-0.000133933929714057,0.00678711659249008
2085.25696176653,-0.000182425548283823,0.000372504988636562,-1.73115982032182e-05,-0.00219770909575348,-9.41254120981343e-06,-0.00119116362970604,-0.000132096876286617,0.00674041421664854
2099.71852828265,-0.000179935362180969,0.000370132484335135,-1.70790154726559e-05,-0.00218251325382652,-9.28570563028367e-06,-0.00118293118155567,-0.000130284999889386,0.00669403261574724
2114.2803879089,-0.000177478979120858,0.000367772385726127,-1.68494882788294e-05,-0.00216742327966314,-9.16054679559452e-06,-0.00117475601240004,-0.000128497956015934,0.00664796959851682
2128.94323619287,-0.000175055945374819,0.000365424687182013,-1.66229783882946e-05,-0.00215243841966547,-9.03704342959834e-06,-0.00116663771601761,-0.000126735404859032,0.00660222298841251
2143.7077735059,-0.000172665813165122,0.00036308938150734,-1.63994479924819e-05,-0.00213755792591588,-8.91517450130481e-06,-0.00115857588921967,-0.000124997011246952,0.0065567906235201
2158.57470507649,-0.00017030814059073,0.000360766459981448,-1.61788597045413e-05,-0.00212278105612832,-8.79491922277226e-06,-0.00115057013182485,-0.000123282444580623,0.00651167035646263
2173.54474102402,-0.000167982491553862,0.000358455912400284,-1.5961176556158e-05,-0.00210810707359996,-8.67625704699368e-06,-0.0011426200466338,-0.000121591378771619,0.00646686005430727
2188.61859639264,-0.000165688435687384,0.000356157727117311,-1.57463619943452e-05,-0.00209353524716348,-8.55916766578013e-06,-0.00113472523940426,-0.00011992349218099,0.00642235759847297
2203.79699118545,-0.000163425548282995,0.000353871891083539,-1.55343798782106e-05,-0.00207906485113983,-8.44363100764087e-06,-0.00112688531882626,-0.000118278467558904,0.00637816088463842
2219.08065039887,-0.000161193410220236,0.000351598389886704,-1.53251944757043e-05,-0.00206469516529147,-8.32962723566243e-06,-0.00111909989649764,-0.000116655991985102,0.00633426782265063
2234.47030405729,-0.000158991607896272,0.000349337207789586,-1.51187704603459e-05,-0.00205042547477613,-8.21713674538623e-06,-0.00111136858689984,-0.000115055756810147,0.00629067633643389
2249.9666872479,-0.000156819733156486,0.000347088327767516,-1.49150729079346e-05,-0.00203625507010106,-8.10614016268669e-06,-0.00110369100737388,-0.000113477457597471,0.00624738436389933
2265.57054015586,-0.000154677383225844,0.000344851731545053,-1.47140672932445e-05,-0.00202218324707773,-7.9966183416495e-06,-0.00109606677809662,-0.000111920794066184,0.00620438985685491
2281.28260809959,-0.000152564160641045,0.000342627399631886,-1.45157194867056e-05,-0.00200820930677704,-7.88855236245191e-06,-0.00108849552205726,-0.000110385470034671,0.0061616907809159
2297.10364156645,-0.000150479673183439,0.00034041531135793,-1.4319995751073e-05,-0.00199433255548496,-7.78192352924462e-06,-0.0010809768650341,-0.000108871193364924,0.0061192851154159
2313.0343962485,-0.000148423533812714,0.000338215444907687,-1.41268627380867e-05,-0.0019805523046587,-7.67671336803692e-06,-0.00107351043557145,-0.00010737767590764,0.00607717085331828
2329.07563307866,-0.000146395360601335,0.000336027777353827,-1.39362874851214e-05,-0.00196686787088324,-7.57290362458494e-06,-0.0010660958649569,-0.000105904633448046,0.00603534600112818
2345.22811826701,-0.000144394776669744,0.000333852284690061,-1.37482374118308e-05,-0.0019532785758284,-7.47047626228443e-06,-0.00105873278719872,-0.000104451785652456,0.00599380857880497
2361.49262333744,-0.000142421410122301,0.000331688941863273,-1.35626803167851e-05,-0.00193978374620629,-7.36941346006781e-06,-0.0010514208390035,-0.000103018856015545,0.00595255661967514
2377.86992516445,-0.000140474893983968,0.000329537722804958,-1.33795843741052e-05,-0.00192638271372924,-7.26969761030683e-06,-0.00104415965975411,-0.000101605571808337,0.00591158817034579
2394.36080601029,-0.000138554866137718,0.000327398600461966,-1.31989181300939e-05,-0.00191307481506815,-7.17131131672079e-06,-0.0010369488914877,-0.000100211664026878,0.0058709012906185
2410.96605356231,-0.000136660969262683,0.000325271546826566,-1.30206504998652e-05,-0.00189985939181124,-7.07423739229141e-06,-0.0010297881788741,-9.88368673416222e-05,0.00583049405340379
2427.6864609706,-0.000134792850773011,0.000323156532965845,-1.28447507639745e-05,-0.00188673579042328,-6.97845885718416e-06,-0.00102267716919435,-9.74809200474769e-05,0.00579036454463591
2444.52282688584,-0.000132950162757446,0.000321053529050458,-1.26711885650493e-05,-0.00187370336220517,-6.88395893667741e-06,-0.0010156155123194,-9.61435640145357e-05,0.00575051086318829
2461.4759554975,-0.000131132561919606,0.000318962504382739,-1.24999339044219e-05,-0.00186076146325398,-6.79072105909887e-06,-0.00100860286068915,-9.4824544639466e-05,0.00571093112078931
2478.54665657221,-0.000129339709518969,0.000316883427424184,-1.23309571387659e-05,-0.00184790945442336,-6.69872885377063e-06,-0.00100163886929155,-9.3523610797555e-05,0.00567162344193869
2495.73574549243,-0.00012757127131255,0.000314816265822331,-1.21642289767374e-05,-0.00183514670128442,-6.60796614896272e-06,-0.000994723195641999,-9.22405147954029e-05,0.00563258596382425
2513.04404329547,-0.000125826917497266,0.000312760986437019,-1.1999720475621e-05,-0.00182247257408686,-6.51841696985563e-06,-0.000987855499762932,-9.09750123242482e-05,0.00559381683623918
2530.47237671259,-0.000124106322652987,0.000310717555366088,-1.18374030379834e-05,-0.00180988644772068,-6.43006553651252e-06,-0.000981035444163585,-8.97268624139295e-05,0.00555531422149985
2548.02157820863,-0.000122409165686248,0.00030868593797047,-1.1677248408333e-05,-0.00179738770167811,-6.34289626186076e-06,-0.000974262693819959,-8.84958273874602e-05,0.00551707629436395
2565.69248602162,-0.000120735129774653,0.000306666098898744,-1.15192286697899e-05,-0.00178497572001601,-6.2568937496842e-06,-0.000967536916155005,-8.72816728162233e-05,0.00547910124194927
2583.48594420295,-0.000119083902311913,0.000304658002111114,-1.13633162407626e-05,-0.00177264989131864,-6.17204279262533e-06,-0.000960857781018967,-8.60841674757633e-05,0.00544138726365279
2601.4028026576,-0.000117455174853566,0.000302661610902865,-1.12094838716378e-05,-0.00176040960866075,-6.08832837019864e-06,-0.000954224960669945,-8.49030833021816e-05,0.00540393257107043
2619.4439171848,-0.000115848643063326,0.00030067688792727,-1.10577046414781e-05,-0.00174825426957108,-6.0057356468147e-06,-0.00094763812975462,-8.37381953491136e-05,0.00536673538791703
2637.61014951883,-0.000114264006660089,0.000298703795217989,-1.09079519547339e-05,-0.00173618327599624,-5.92424996981589e-06,-0.000941096965289191,-8.25892817452924e-05,0.00532979394994703
2655.90236737027,-0.000112700969365564,0.000296742294210951,-1.07601995379663e-05,-0.00172419603426486,-5.84385686752349e-06,-0.00093460114664046,-8.14561236526806e-05,0.00529310650487543
2674.32144446737,-0.000111159238852548,0.000294792345765742,-1.06144214365833e-05,-0.00171229195505218,-5.76454204729676e-06,-0.000928150355507142,-8.03385052251717e-05,0.00525667131229936
2692.86826059784,-0.000109638526693806,0.000292853910186494,-1.04705920115901e-05,-0.00170047045334498,-5.68629139360397e-06,-0.000921744275901308,-7.92362135678451e-05,0.00522048664362
2711.54370165082,-0.000108138548311592,0.00029092694724231,-1.03286859363536e-05,-0.00168873094840676,-5.60909096610598e-06,-0.000915382594130044,-7.8149038696776e-05,0.00518455078196502
2730.34865965925,-0.000106659022927758,0.000289011416187201,-1.0188678193382e-05,-0.0016770728637434,-5.53292699775201e-06,-0.000909064998777252,-7.70767734993838e-05,0.00514886202211145
2749.28403284242,-0.000105199673514487,0.00028710727577958,-1.005054407112e-05,-0.00166549562706904,-5.45778589288844e-06,-0.00090279118068565,-7.60192136953211e-05,0.00511341867040908
2768.35072564895,-0.000103760226745616,0.000285214484301291,-9.91425916076009e-06,-0.00165399867027233,-5.38365422538019e-06,-0.000896560832938916,-7.49761577978869e-05,0.00507821904470414
2787.54964879989,-0.000102340412948548,0.00028333299957621,-9.77979935307031e-06,-0.00164258142938304,-5.31051873674548e-06,-0.000890373650844029,-7.39474070759656e-05,0.00504326147426369
2806.88171933232,-0.000100939966056763,0.0002814627789884,-9.64714083523946e-06,-0.00163124334453892,-5.23836633430348e-06,-0.000884229331913744,-7.29327655164769e-05,0.0050085442997002
2826.34786064308,-9.95586235628976e-05,0.000279603779499856,-9.51626008774003e-06,-0.00161998385995296,-5.16718408933569e-06,-0.000878127575849264,-7.19320397873379e-05,0.00497406587289681
2845.94900253294,-9.81961264724069e-05,0.000277755957667824,-9.38713388120856e-06,-0.0016088024238809,-5.09695923526043e-06,-0.000872068084523041,-7.09450392009214e-05,0.00493982455693281
2865.68608125093,-9.68522192577911e-05,0.000275919269661721,-9.2597392733453e-06,-0.00159769848858907,-5.02767916582136e-06,-0.000866050561961769,-6.99715756780142e-05,0.00490581872600981
2885.56003953913,-9.55266498133844e-05,0.000274093671279652,-9.13405360583191e-06,-0.00158667151032255,-4.95933143328938e-06,-0.000860074714329506,-6.90114637122573e-05,0.00487204676537816
2905.57182667768,-9.42191694107048e-05,0.000272279117964547,-9.01005450126929e-06,-0.00157572094927363,-4.89190374667874e-06,-0.00085414024991098,-6.80645203350735e-05,0.00483850707126392
2925.72239853012,-9.29295326543478e-05,0.0002704755648199,-8.88771986013403e-06,-0.00156484626955055,-4.82538396997675e-06,-0.000848246879095018,-6.71305650810639e-05,0.00480519805079618
2946.01271758903,-9.16574974384318e-05,0.000268682966625154,-8.76702785775577e-06,-0.00155404693914657,-4.75976012038795e-06,-0.000842394314358164,-6.62094199538793e-05,0.00477211812193499
2966.44375302203,-9.04028249035761e-05,0.000266901277850703,-8.64795694131388e-06,-0.00154332242990926,-4.69502036659191e-06,-0.000836582270248412,-6.53009093925472e-05,0.00473926571339948
2987.01648071805,-8.91652793944175e-05,0.000265130452672546,-8.53048582685544e-06,-0.00153267221751019,-4.63115302701572e-06,-0.00083081046336912,-6.44048602382615e-05,0.00470663926459668
3007.73188333398,-8.79446284176493e-05,0.000263370444986588,-8.41459349633343e-06,-0.00152209578141482,-4.56814656812038e-06,-0.000825078612363041,-6.35211017016167e-05,0.00467423722555054
3028.59095034155,-8.67406426005859e-05,0.000261621208422596,-8.3002591946663e-06,-0.0015115926048527,-4.50598960270172e-06,-0.000819386437896529,-6.26494653302904e-05,0.00464205805683158
3049.59467807464,-8.55530956502397e-05,0.000259882696357818,-8.18746242681867e-06,-0.0015011621747879,-4.44467088820556e-06,-0.000813733662643861,-6.17897849771603e-05,0.00461010022948677
3070.74406977686,-8.43817643129117e-05,0.000258154861930276,-8.07618295490369e-06,-0.00149080398188984,-4.38417932505742e-06,-0.000808120011271729,-6.0941896768857e-05,0.0045783622249701
3092.04013564946,-8.32264283342827e-05,0.000256437658051736,-7.96640079530675e-06,-0.00148051752050424,-4.32450395500648e-06,-0.000802545210423846,-6.01056390747396e-05,0.00454684253507327
3113.48389289956,-8.20868704200081e-05,0.000254731037420358,-7.8580962158316e-06,-0.00147030228862445,-4.26563395948424e-06,-0.000797008988705712,-5.92808524762954e-05,0.00451553966185707
3135.07636578881,-8.09628761968004e-05,0.00025303495253304,-7.75124973286796e-06,-0.00146015778786298,-4.20755865797749e-06,-0.000791511076669502,-5.84673797369515e-05,0.00448445211758299
3156.8185856822,-7.98542341740062e-05,0.000251349355697463,-7.64584210858183e-06,-0.00145008352342334,-4.15026750641592e-06,-0.000786051206799102,-5.76650657722993e-05,0.00445357842464544
3178.71159109747,-7.87607357056588e-05,0.000249674199043833,-7.54185434812774e-06,-0.00144007900407209,-4.09375009557412e-06,-0.000780629113495271,-5.68737576207194e-05,0.00442291711550417
3200.75642775457,-7.76821749530147e-05,0.000248009434536339,-7.43926769688389e-06,-0.00143014374211117,-4.03799614948832e-06,-0.000775244533060939,-5.60933044144088e-05,0.00439246673261729
3222.9541486257,-7.66183488475549e-05,0.00024635501398432,-7.33806363770937e-06,-0.00142027725335052,-3.98299552388737e-06,-0.000769897203686632,-5.53235573507975e-05,0.00436222582837462
3245.30581398558,-7.55690570544587e-05,0.000244710889053164,-7.23822388822467e-06,-0.00141047905708087,-3.92873820463852e-06,-0.00076458686543604,-5.45643696643573e-05,0.00433219296503148
3267.81249146208,-7.45341019365339e-05,0.000243077011274927,-7.13973039811437e-06,-0.00140074867604684,-3.87521430620746e-06,-0.00075931326023169,-5.38155965987891e-05,0.00430236671464284
3290.47525608724,-7.35132885186064e-05,0.000241453332058687,-7.0425653464533e-06,-0.00139108563642028,-3.82241407013312e-06,-0.000754076131840773,-5.30770953795916e-05,0.00427274565899801
3313.29519034861,-7.25064244523563e-05,0.000239839802700641,-6.94671113905496e-06,-0.0013814894677738,-3.77032786351665e-06,-0.000748875225861067,-5.23487251869997e-05,0.00424332838955552
3336.27338424092,-7.15133199816047e-05,0.000238236374393946,-6.85215040584355e-06,-0.00137195970305461,-3.71894617752507e-06,-0.000743710289707018,-5.16303471292926e-05,0.00421411350737867
3359.41093531822,-7.05337879080348e-05,0.000236642998238303,-6.75886599824854e-06,-0.00136249587855853,-3.66825962590921e-06,-0.000738581072595906,-5.09218242164625e-05,0.00418509962307126
3382.70894874623,-6.95676435573545e-05,0.000235059625249311,-6.66684098662266e-06,-0.0013530975339043,-3.61825894353615e-06,-0.000733487325534168,-5.02230213342435e-05,0.00415628535671384
3406.16853735517,-6.86147047458832e-05,0.000233486206367567,-6.57605865768266e-06,-0.00134376421200803,-3.5689349849358e-06,-0.000728428801303812,-4.95338052184901e-05,0.00412766933780033
3429.7908216929,-6.7674791747569e-05,0.000231922692467543,-6.48650251197339e-06,-0.00133449545905801,-3.52027872286209e-06,-0.000723405254448969,-4.88540444299083e-05,0.00409925020517505
3453.57693007845,-6.67477272614223e-05,0.000230369034366228,-6.3981562613549e-06,-0.00132529082448958,-3.47228124686807e-06,-0.000718416441262549,-4.81836093291255e-05,0.0040710266069701
3477.5279986559,-6.58333363793667e-05,0.000228825182831545,-6.31100382651258e-06,-0.00131614986096036,-3.4249337618955e-06,-0.000713462119773024,-4.75223720521024e-05,0.0040429972005432
3501.64517144866,-6.49314465545016e-05,0.000227291088590558,-6.22502933449056e-06,-0.00130707212432565,-3.37822758687848e-06,-0.00070854204973132,-4.68702064858789e-05,0.00401516065241592
3525.92960041413,-6.40418875697664e-05,0.00022576670233745,-6.14021711624795e-06,-0.00129805717361404,-3.33215415336117e-06,-0.000703655992597814,-4.6226988244648e-05,0.00398751563821216
3550.38244549867,-6.31644915070112e-05,0.000224251974741303,-6.05655170423836e-06,-0.00128910457100323,-3.28670500412959e-06,-0.000698803711529469,-4.55925946461576e-05,0.00396006084259728
3575.00487469309,-6.22990927164584e-05,0.000222746856453668,-5.97401783001214e-06,-0.00128021388179609,-3.24187179185741e-06,-0.000693984971367045,-4.49669046884305e-05,0.00393279495921734
3599.79806408833,-6.14455277865602e-05,0.000221251298115935,-5.89260042184196e-06,-0.00127138467439691,-3.19764627776566e-06,-0.000689199538622449,-4.43497990268044e-05,0.00390571669063892
3624.76319793175,-6.06036355142397e-05,0.0002197652503665,-5.81228460237092e-06,-0.00126261652028785,-3.15402033029625e-06,-0.000684447181466177,-4.37411599512802e-05,0.00387882474828923
3649.9014686836,-5.97732568755174e-05,0.000218288663847753,-5.7330556862838e-06,-0.00125390899400565,-3.11098592379939e-06,-0.000679727669714874,-4.31408713641832e-05,0.00385211785239663
3675.21407707406,-5.89542349965122e-05,0.000216821489212865,-5.654899178001e-06,-0.00124526167311845,-3.06853513723456e-06,-0.000675040774818986,-4.25488187581234e-05,0.00382559473193149
3700.7022321605,-5.81464151248194e-05,0.000215363677132397,-5.57780076939523e-06,-0.00123667413820292,-3.02666015288534e-06,-0.000670386269850536,-4.19648891942602e-05,0.00379925412454751
3726.36715138533,-5.73496446012534e-05,0.000213915178300725,-5.50174633753083e-06,-0.00122814597282148,-2.98535325508759e-06,-0.000665763929490984,-4.13889712808593e-05,0.00377309477652332
3752.21006063407,-5.65637728319592e-05,0.000212475943442296,-5.42672194242583e-06,-0.0012196767634998,-2.94460682897128e-06,-0.000661173530019211,-4.08209551521445e-05,0.00374711544270452
3778.23219429398,-5.57886512608798e-05,0.000211045923317704,-5.35271382483622e-06,-0.00121126609970444,-2.90441335921569e-06,-0.000656614849299579,-4.02607324474348e-05,0.00372131488644603
3804.43479531291,-5.5024133342583e-05,0.000209625068729601,-5.27970840406299e-06,-0.00120291357382077,-2.86476542881793e-06,-0.000652087666770123,-3.97081962905681e-05,0.00369569187955489
3830.81911525882,-5.42700745154364e-05,0.000208213330528438,-5.20769227578117e-06,-0.00119461878113093,-2.82565571787469e-06,-0.000647591763430812,-3.91632412696022e-05,0.00367024520223333
3857.3864143794,-5.35263321751329e-05,0.000206810659618057,-5.13665220989139e-06,-0.00118638131979212,-2.78707700237727e-06,-0.00064312692183193,-3.86257634167956e-05,0.00364497364302231
3884.13796166242,-5.27927656485552e-05,0.000205417006961111,-5.06657514839324e-06,-0.00117820079081502,-2.74902215301953e-06,-0.000638692926062543,-3.80956601888579e-05,0.00361987599874531
3911.07503489621,-5.20692361679837e-05,0.000204032323584337,-4.99744820328101e-06,-0.00117007679804237,-2.71148413401901e-06,-0.00063428956173907,-3.75728304474713e-05,0.00359495107445257
3938.19892073078,-5.13556068456349e-05,0.000202656560583676,-4.929258654461e-06,-0.00116200894812779,-2.67445600195078e-06,-0.000629916615993944,-3.70571744400762e-05,0.00357019768336565
3965.51091473924,-5.0651742648534e-05,0.000201289669129251,-4.86199394769094e-06,-0.00115399685051473,-2.63793090459431e-06,-0.00062557387746437,-3.65485937809198e-05,0.00354561464682235
3993.0123214797,-4.99575103737108e-05,0.000199931600470189,-4.79564169254074e-06,-0.00114604011741562,-2.60190207979289e-06,-0.000621261136281175,-3.60469914323613e-05,0.00352120079422199
4020.70445455755,-4.92727786237217e-05,0.000198582305939315,-4.73018966037524e-06,-0.00113813836379121,-2.56636285432582e-06,-0.000616978184057757,-3.55522716864338e-05,0.00349695496297104
4048.58863668828,-4.85974177824866e-05,0.000197241736957694,-4.66562578235793e-06,-0.00113029120733003,-2.53130664279304e-06,-0.00061272481387911,-3.50643401466556e-05,0.00347287599842911
4076.66619976054,-4.79312999914448e-05,0.000195909845039056,-4.60193814747639e-06,-0.00112249826842812,-2.49672694651234e-06,-0.000608500820290964,-3.45831037100913e-05,0.00344896275385525
4104.93848489989,-4.72742991260174e-05,0.000194586581794069,-4.53911500058858e-06,-0.0011147591701688,-2.46261735242876e-06,-0.000604305999288986,-3.41084705496554e-05,0.00342521409035467
4133.40684253274,-4.6626290772381e-05,0.000193271898934499,-4.47714474049051e-06,-0.00110707353830278,-2.4289715320365e-06,-0.000600140148308101,-3.36403500966589e-05,0.00340162887682574
4162.07263245095,-4.59871522045409e-05,0.000191965748277235,-4.41601591800446e-06,-0.00109944100122824,-2.39578324031269e-06,-0.000596003066211866,-3.3178653023593e-05,0.00337820598990733
4190.93722387671,-4.53567623617072e-05,0.000190668081748195,-4.3557172340884e-06,-0.00109186118997122,-2.36304631466356e-06,-0.000591894553281969,-3.27232912271478e-05,0.0033549443139266
4220.00199552799,-4.47350018259637e-05,0.000189378851386106,-4.29623753796566e-06,-0.00108433373816616,-2.33075467388227e-06,-0.00058781441120778,-3.2274177811462e-05,0.00333184274084692
4249.26833568435,-4.4121752800232e-05,0.000188098009346176,-4.23756582527539e-06,-0.00107685828203651,-2.29890231711893e-06,-0.000583762443076012,-3.18312270716026e-05,0.00330890017021638
4278.73764225332,-4.35168990865211e-05,0.000186825507903639,-4.17969123624323e-06,-0.00106943446037559,-2.26748332286213e-06,-0.000579738453360448,-3.13943544772672e-05,0.00328611550911642
4308.41132283705,-4.29203260644653e-05,0.000185561299457198,-4.12260305387231e-06,-0.00106206191452762,-2.23649184793234e-06,-0.000575742247911773,-3.09634766567122e-05,0.00326348767211096
4338.2907947997,-4.23319206701399e-05,0.000184305336532347,-4.06629070215415e-06,-0.0010547402883688,-2.20592212648681e-06,-0.000571773633947461,-3.05385113808966e-05,0.00324101558119569
4368.37748533501,-4.17515713751586e-05,0.000183057571784601,-4.01074374429976e-06,-0.00104746922828866,-2.175768469036e-06,-0.000567832420041772,-3.0119377547845e-05,0.00321869816574786
4398.67283153455,-4.11791681660415e-05,0.0001818179580026,-3.95595188099018e-06,-0.00104024838317149,-2.14602526147131e-06,-0.000563918416115808,-2.97059951672219e-05,0.0031965343624763
4429.17828045629,-4.06146025238582e-05,0.000180586448111131,-3.90190494864704e-06,-0.001033077404378,-2.11668696410426e-06,-0.000560031433427668,-2.92982853451182e-05,0.0031745231153718
4459.89528919383,-4.00577674041345e-05,0.000179362995174036,-3.84859291772214e-06,-0.00102595594572702,-2.08774811071668e-06,-0.000556171284562663,-2.88961702690437e-05,0.00315266337565775
4490.82532494586,-3.9508557217027e-05,0.000178147552397027,-3.79600589100686e-06,-0.00101888366347747,-2.05920330762214e-06,-0.00055233778342363,-2.84995731931257e-05,0.00313095410174124
4521.96986508636,-3.89668678077555e-05,0.000176940073130406,-3.74413410196024e-06,-0.00101186021631034,-2.03104723273824e-06,-0.000548530745221302,-2.81084184235086e-05,0.00310939425916431
4553.33039723509,-3.84325964372962e-05,0.000175740510871686,-3.69296791305654e-06,-0.00100488526531102,-2.00327463466993e-06,-0.000544749986464784,-2.77226313039539e-05,0.00308798282055569
4584.90841932869,-3.7905641763326e-05,0.000174548819268129,-3.64249781415127e-06,-0.000997958473951511,-1.97588033180346e-06,-0.000540995324952068,-2.73421382016354e-05,0.00306671876558267
4616.7054396922,-3.73859038214215e-05,0.000173364952119186,-3.59271442086626e-06,-0.000991079508073034,-1.9488592114112e-06,-0.000537266579760667,-2.69668664931298e-05,0.00304560108090349
4648.72297711114,-3.68732840065029e-05,0.000172188863378855,-3.54360847299295e-06,-0.000984248035868597,-1.92220622876687e-06,-0.000533563571238279,-2.65967445505972e-05,0.00302462876011986
4680.96256090399,-3.63676850545253e-05,0.000171020507157955,-3.49517083291443e-06,-0.000977463727865808,-1.89591640627142e-06,-0.000529886120993569,-2.62317017281514e-05,0.00300380080372991
4713.42573099534,-3.58690110244104e-05,0.000169859837726307,-3.44739248404543e-06,-0.000970726256909773,-1.86998483258921e-06,-0.000526234051886985,-2.58716683484151e-05,0.0029831162190814
4746.11403798933,-3.53771672802175e-05,0.000168706809514849,-3.40026452929052e-06,-0.000964035298146167,-1.8444066617945e-06,-0.000522607188021679,-2.55165756892605e-05,0.00296257402032523
4779.02904324382,-3.489206047355e-05,0.000167561377117656,-3.35377818952021e-06,-0.000957390529004409,-1.81917711252812e-06,-0.000519005354734477,-2.51663559707287e-05,0.00294217322836931
4812.17231894485,-3.44135985261954e-05,0.000166423495293894,-3.30792480206483e-06,-0.000950791629181008,-1.79429146716433e-06,-0.000515428378586938,-2.48209423421299e-05,0.00292191287083266
4845.54544818188,-3.39416906129936e-05,0.00016529311896969,-3.26269581922596e-06,-0.000944238280623003,-1.76974507098754e-06,-0.000511876087356468,-2.44802688693182e-05,0.00290179198199987
4879.1500250233,-3.34762471449337e-05,0.000164170203239934,-3.21808280680538e-06,-0.000937730167511573,-1.74553333137901e-06,-0.000508348310027514,-2.41442705221409e-05,0.0028818096027758
4912.98765459257,-3.30171797524739e-05,0.000163054703370008,-3.17407744265128e-06,-0.000931266976245758,-1.72165171701336e-06,-0.000504844876782832,-2.38128831620599e-05,0.00286196478064071
4947.05995314498,-3.25644012690824e-05,0.000161946574797436,-3.13067151522151e-06,-0.000924848395426307,-1.69809575706472e-06,-0.000501365618994806,-2.34860435299403e-05,0.00284225656960547
4981.36854814472,-3.21178257149977e-05,0.00016084577313348,-3.087856922164e-06,-0.000918474115839674,-1.67486104042257e-06,-0.000497910369216856,-2.31636892340081e-05,0.00282268403016729
5015.91507834275,-3.16773682812024e-05,0.000159752254164652,-3.04562566891377e-06,-0.000912143830442116,-1.65194321491699e-06,-0.000494478961174897,-2.28457587379706e-05,0.00280324622926558
5050.70119385496,-3.12429453136123e-05,0.000158665973854178,-3.00396986730675e-06,-0.000905857234343943,-1.62933798655343e-06,-0.000491071229758876,-2.25321913493008e-05,0.00278394224023822
5085.72855624109,-3.0814474297473e-05,0.000157586888343381,-2.96288173420998e-06,-0.000899614024793871,-1.6070411187567e-06,-0.000487687011014368,-2.22229272076796e-05,0.00276477114277797
5120.998838584,-3.03918738419661e-05,0.000156514953953011,-2.92235359016835e-06,-0.00089341390116352,-1.58504843162425e-06,-0.000484326142134243,-2.19179072735988e-05,0.00274573202288939
5156.51372556965,-2.9975063665018e-05,0.000155450127184515,-2.88237785806715e-06,-0.000887256564932007,-1.56335580118855e-06,-0.000480988461450392,-2.16170733171174e-05,0.00272682397284579
5192.27491356752,-2.95639645783128e-05,0.000154392364721241,-2.84294706181111e-06,-0.0008811417196707,-1.54195915868849e-06,-0.00047767380842553,-2.13203679067729e-05,0.0027080460911467
5228.28411071172,-2.91584984725028e-05,0.000153341623429588,-2.80405382501889e-06,-0.000875069071028045,-1.52085448984972e-06,-0.000474382023645038,-2.10277343986437e-05,0.00268939748247541
5264.54303698245,-2.87585883026172e-05,0.0001522978603601,-2.76569086973355e-06,-0.00086903832671456,-1.50003783417384e-06,-0.000471112948808902,-2.07391169255615e-05,0.002670877257657
5301.0534242883,-2.83641580736642e-05,0.000151261032748501,-2.72785101514841e-06,-0.000863049196487904,-1.47950528423636e-06,-0.000467866426723683,-2.04544603864699e-05,0.00265248453361645
5337.81701654885,-2.79751328264261e-05,0.000150231098016679,-2.69052717634848e-06,-0.000857101392138103,-1.45925298499328e-06,-0.000464642301294574,-2.01737104359304e-05,0.0026342184333372
5374.83556977805,-2.7591438623442e-05,0.000149208013773616,-2.65371236306693e-06,-0.000851194627472853,-1.43927713309624e-06,-0.000461440417517495,-1.98968134737701e-05,0.00261607808581983
5412.11085216805,-2.72130025351797e-05,0.000148191737816266,-2.61739967845679e-06,-0.000845328618302973,-1.41957397621616e-06,-0.000458260621471275,-1.96237166348722e-05,0.0025980626260412
5449.64464417369,-2.68397526263897e-05,0.000147182228130386,-2.58158231787754e-06,-0.000839503082427944,-1.40013981237525e-06,-0.00045510276030987,-1.93543677791048e-05,0.00258017119491362
5487.43873859751,-2.64716179426435e-05,0.000146179442891315,-2.54625356769655e-06,-0.000833717739621586,-1.38097098928732e-06,-0.00045196668225466,-1.90887154813889e-05,0.00256240293924454
5525.49494067543,-2.61085284970496e-05,0.000145183340464703,-2.51140680410495e-06,-0.000827972311617817,-1.36206390370627e-06,-0.000448852236586788,-1.88267090219012e-05,0.00254475701169632
5563.81506816292,-2.57504152571489e-05,0.000144193879407201,-2.47703549194832e-06,-0.000822266522096558,-1.34341500078274e-06,-0.000445759273639579,-1.85682983764111e-05,0.0025272325707464
5602.40095142188,-2.53972101319837e-05,0.000143211018467098,-2.44313318357132e-06,-0.000816600096669708,-1.32502077342867e-06,-0.000442687644790991,-1.83134342067497e-05,0.00250982878064762
5641.254433508,-2.50488459593404e-05,0.00014223471658492,-2.4096935176768e-06,-0.000810972762867272,-1.30687776168998e-06,-0.000439637202456153,-1.806206785141e-05,0.0024925448113889
5680.37737025889,-2.4705256493162e-05,0.000141264932893978,-2.3767102181988e-06,-0.000805384250123549,-1.28898255212688e-06,-0.00043660780007993,-1.78141513162743e-05,0.00247537983865613
5719.77163038263,-2.43663763911304e-05,0.000140301626720885,-2.34417709318945e-06,-0.000799834289763475,-1.27133177720216e-06,-0.000433599292129574,-1.75696372654696e-05,0.00245833304379335
5759.43909554709,-2.40321412024132e-05,0.00013934475758602,-2.31208803371965e-06,-0.000794322614989025,-1.25392211467692e-06,-0.000430611534087405,-1.73284790123473e-05,0.00244140361376415
5799.38166046975,-2.37024873555755e-05,0.000138394285203963,-2.28043701279325e-06,-0.000788848960865762,-1.23675028701411e-06,-0.000427644382443572,-1.70906305105871e-05,0.00242459074111336
5839.60123300829,-2.33773521466536e-05,0.000137450169483882,-2.24921808427475e-06,-0.000783413064309456,-1.21981306078944e-06,-0.000424697694688842,-1.68560463454212e-05,0.00240789362392901
5880.09973425162,-2.30566737273881e-05,0.000136512370529886,-2.21842538183031e-06,-0.00077801466407283,-1.20310724610972e-06,-0.000421771329307476,-1.66246817249808e-05,0.0023913114658045
5920.87909861173,-2.27403910936146e-05,0.000135580848641347,-2.18805311788177e-06,-0.000772653500732387,-1.18662969603857e-06,-0.000418865145770126,-1.63964924717584e-05,0.00237484347580102
5961.94127391598,-2.2428444073811e-05,0.000134655564313173,-2.15809558257392e-06,-0.000767329316675367,-1.1703773060294e-06,-0.000415979004526816,-1.61714350141889e-05,0.00235848886841032
6003.28822150028,-2.21207733177968e-05,0.000133736478236055,-2.12854714275435e-06,-0.000762041856086763,-1.15434701336545e-06,-0.00041311276699995,-1.59494663783448e-05,0.00234224686351758
6044.92191630263,-2.18173202855855e-05,0.000132823551296684,-2.09940224096632e-06,-0.000756790864936482,-1.13853579660709e-06,-0.000410266295577394,-1.57305441797459e-05,0.00232611668636466
6086.84434695757,-2.15180272363854e-05,0.000131916744577918,-2.07065539445398e-06,-0.000751576090966564,-1.12294067504596e-06,-0.000407439453605594,-1.55146266152798e-05,0.00231009756751349
6129.05751589107,-2.12228372177492e-05,0.000131016019358938,-2.04230119418016e-06,-0.000746397283678531,-1.10755870816612e-06,-0.000404632105382763,-1.53016724552345e-05,0.00229418874280981
6171.56343941625,-2.0931694054868e-05,0.000130121337115355,-2.01433430385646e-06,-0.000741254194320803,-1.09238699511206e-06,-0.000401844116152099,-1.50916410354386e-05,0.00227838945334703
6214.36414782964,-2.06445423400103e-05,0.000129232659519296,-1.98674945898545e-06,-0.00073614657587624,-1.07742267416343e-06,-0.000399075352095074,-1.48844922495104e-05,0.00226269894543049
6257.46168550822,-2.03613274221019e-05,0.000128349948439455,-1.95954146591499e-06,-0.00073107418304975,-1.06266292221647e-06,-0.000396325680324756,-1.46801865412117e-05,0.00224711647054179
6300.85811100697,-2.0081995396447e-05,0.000127473165941122,-1.9327052009044e-06,-0.000726036772256016,-1.04810495427209e-06,-0.000393594968879198,-1.44786848969074e-05,0.00223164128530349
6344.55549715731,-1.98064930945857e-05,0.000126602274286175,-1.90623560920239e-06,-0.000721034101607293,-1.03374602293042e-06,-0.00039088308671486,-1.4279948838128e-05,0.00221627265144396
6388.55593116599,-1.95347680742904e-05,0.000125737235933048,-1.88012770413668e-06,-0.000716065930901324,-1.01958341789189e-06,-0.0003881899037001,-1.40839404142332e-05,0.00220100983576255
6432.86151471492,-1.92667686096937e-05,0.000124878013536676,-1.85437656621501e-06,-0.000711132021609317,-1.00561446546461e-06,-0.000385515290608688,-1.38906221951769e-05,0.00218585211009489
6477.47436406142,-1.90024436815524e-05,0.00012402456994841,-1.82897734223769e-06,-0.000706232136864042,-9.91836528078165e-07,-0.000382859119113396,-1.36999572643709e-05,0.00217079875127854
6522.39661013943,-1.87417429676396e-05,0.000123176868215904,-1.80392524442123e-06,-0.000701366041447996,-9.78247003803503e-07,-0.000380221261779613,-1.35119092116459e-05,0.00215584904111876
6567.63039866118,-1.84846168332683e-05,0.000122334871582985,-1.77921554953318e-06,-0.000696533501781671,-9.6484332587913e-07,-0.000377601592059027,-1.33264421263092e-05,0.00214100226635459
6613.17789021977,-1.82310163219413e-05,0.000121498543489493,-1.75484359803788e-06,-0.000691734285911902,-9.51622962243275e-07,-0.000374999984283336,-1.31435205902978e-05,0.00212625771862513
6659.0412603923,-1.79808931461278e-05,0.0001206678475711,-1.7308047932532e-06,-0.000686968163500311,-9.38583415072154e-07,-0.000372416313658022,-1.29631096714245e-05,0.00211161469443604
6705.22269984387,-1.77341996781638e-05,0.000119842747659105,-1.70709460051781e-06,-0.000682234905811825,-9.25722220324094e-07,-0.000369850456256159,-1.27851749167167e-05,0.00209707249512625
6751.7244144321,-1.74908889412756e-05,0.000119023207780211,-1.68370854636929e-06,-0.0006775342857033,-9.13036947289629e-07,-0.000367302289012275,-1.26096823458471e-05,0.00208263042683497
6798.54862531261,-1.72509146007237e-05,0.000118209192156272,-1.66064221773252e-06,-0.000672866077612206,-9.00525198147294e-07,-0.000364771689716258,-1.24365984446531e-05,0.00206828780046881
6845.69756904508,-1.70142309550664e-05,0.000117400665204033,-1.63789126111855e-06,-0.000668230057545417,-8.88184607525227e-07,-0.0003622585370073,-1.22658901587461e-05,0.00205404393166921
6893.17349769999,-1.67807929275419e-05,0.000116597591534835,-1.61545138183373e-06,-0.000663626003068081,-8.76012842068416e-07,-0.000359762710367902,-1.20975248872077e-05,0.00203989814078009
6940.97867896634,-1.65505560575654e-05,0.00011579993595431,-1.59331834319883e-06,-0.000659053693292558,-8.64007600011505e-07,-0.000357284090117904,-1.19314704763722e-05,0.00202584975281559
6989.11539625983,-1.63234764923418e-05,0.000115007663462056,-1.57148796577833e-06,-0.000654512908867467,-8.52166610757193e-07,-0.000354822557408575,-1.17676952136947e-05,0.00201189809742825
7037.58594883204,-1.60995109785915e-05,0.000114220739251289,-1.54995612661946e-06,-0.000650003431966784,-8.40487634460029e-07,-0.000352377994216738,-1.16061678217022e-05,0.00199804250887718
7086.39265188015,-1.58786168543877e-05,0.000113439128708482,-1.52871875850109e-06,-0.000645525046279056,-8.28968461615655e-07,-0.000349950283338941,-1.14468574520292e-05,0.00198428232599661
7135.53783665763,-1.56607520411039e-05,0.000112662797412984,-1.50777184919221e-06,-0.000641077536996659,-8.17606912655336e-07,-0.000347539308385673,-1.12897336795332e-05,0.00197061689216452
7185.02385058548,-1.54458750354706e-05,0.000111891711136624,-1.48711144072004e-06,-0.000636660690805169,-8.064008375458e-07,-0.000345144953775618,-1.11347664964918e-05,0.00195704555527164
7234.85305736446,-1.52339449017386e-05,0.000111125835843296,-1.46673362864743e-06,-0.000632274295872784,-7.95348115394226e-07,-0.000342767104729955,-1.09819263068791e-05,0.00194356766769047
7285.02783708791,-1.50249212639491e-05,0.000110365137688533,-1.44663456135974e-06,-0.000627918141839851,-7.84446654058429e-07,-0.000340405647266701,-1.08311839207206e-05,0.00193018258624468
7335.55058635552,-1.4818764298307e-05,0.000109609583019057,-1.42681043936072e-06,-0.000623592019808441,-7.73694389762056e-07,-0.000338060468195091,-1.0682510548525e-05,0.00191688967217861
7386.42371838768,-1.4615434725659e-05,0.000108859138372328,-1.40725751457769e-06,-0.000619295722332035,-7.63089286714859e-07,-0.000335731455110006,-1.05358777957927e-05,0.00190368829112703
7437.64966314091,-1.44148938040716e-05,0.000108113770476062,-1.38797208967552e-06,-0.000615029043405255,-7.5262933673786e-07,-0.000333418496386433,-1.03912576575993e-05,0.00189057781308505
7489.23086742376,-1.42171033215111e-05,0.000107373446247749,-1.36895051737964e-06,-0.000610791778453696,-7.4231255889346e-07,-0.000331121481173974,-1.02486225132536e-05,0.0018775576123783
7541.16979501382,-1.40220255886213e-05,0.000106638132794152,-1.35018919980764e-06,-0.00060658372432381,-7.32136999120324e-07,-0.000328840299391391,-1.0107945121028e-05,0.00186462706763328
7593.46892677528,-1.38296234315999e-05,0.00010590779741079,-1.33168458780975e-06,-0.000602404679272892,-7.22100729873091e-07,-0.000326574841721195,-9.9691986129625e-06,0.00185178556174789
7646.13076077758,-1.36398601851706e-05,0.000105182407581411,-1.31343318031762e-06,-0.000598254442959108,-7.12201849766749e-07,-0.000324324999604266,-9.83235648973805e-06,0.0018390324818622
7699.15781241454,-1.34526996856507e-05,0.000104461930977461,-1.2954315237018e-06,-0.000594132816431629,-7.02438483225698e-07,-0.000322090665234523,-9.6973926156219e-06,0.00182636721932938
7752.55261452471,-1.32681062641126e-05,0.000103746335457522,-1.27767621113738e-06,-0.000590039602120813,-6.92808780137378e-07,-0.000319871731553626,-9.56428121348088e-06,0.00181378916968685
7806.31771751215,-1.30860447396377e-05,0.000103035589066759,-1.26016388197799e-06,-0.00058597460382847,-6.83310915510472e-07,-0.000317668092245721,-9.43299685986389e-06,0.00180129773262765
7860.45568946846,-1.29064804126615e-05,0.000102329660036345,-1.24289122113787e-06,-0.000581937626718197,-6.73943089137546e-07,-0.000315479641732216,-9.30351448015107e-06,0.0017888923119719
7914.96911629522,-1.27293790584096e-05,0.000101628516782875,-1.22585495848206e-06,-0.00057792847730579,-6.64703525262166e-07,-0.000313306275166606,-9.1758093437701e-06,0.00177657231563862
7969.86060182773,-1.25547069204214e-05,0.000100932127907775,-1.20905186822447e-06,-0.000573946963449708,-6.55590472250333e-07,-0.000311147888429326,-9.04985705947741e-06,0.00176433715561757
8025.13276795918,-1.23824307041629e-05,0.000100240462196696,-1.19247876833384e-06,-0.000569992894341633,-6.4660220226629e-07,-0.000309004378122652,-8.92563357070461e-06,0.00175218624794143
8080.78825476607,-1.22125175707252e-05,9.9553488618905e-05,-1.17613251994745e-06,-0.000566066080497075,-6.37737010952536e-07,-0.000306875641565621,-8.80311515096816e-06,0.00174011901265801
8136.82972063413,-1.20449351306087e-05,9.88711763266578e-05,-1.16001002679246e-06,-0.000562166333746066,-6.28993217114094e-07,-0.000304761576789013,-8.6822783993425e-06,0.00172813487380282
8193.25984238548,-1.1879651437591e-05,9.81934946545709e-05,-1.14410823461486e-06,-0.000558293467223902,-6.20369162406908e-07,-0.000302662082530346,-8.56310023599458e-06,0.00171623325937171
8250.08131540631,-1.17166349826796e-05,9.75204131189814e-05,-1.12842413061586e-06,-0.000554447295361976,-6.11863211030362e-07,-0.000300577058228924,-8.4455578977803e-06,0.0017044136012937
8307.29685377578,-1.15558546881445e-05,9.68519014172985e-05,-1.11295474289563e-06,-0.000550627633878653,-6.03473749423833e-07,-0.000298506404020908,-8.32962893390052e-06,0.00169267533540407
8364.90919039556,-1.13972799016331e-05,9.61879294273483e-05,-1.09769713990442e-06,-0.000546834299770232,-5.95199185967264e-07,-0.000296450020734439,-8.21529120161733e-06,0.00168101790141756
8422.92107712043,-1.12408803903646e-05,9.55284672067099e-05,-1.08264842990074e-06,-0.000543067111301962,-5.87037950685671e-07,-0.000294407809884776,-8.10252286202843e-06,0.00166944074290177
8481.33528488963,-1.10866263354032e-05,9.4873484992046e-05,-1.06780576041678e-06,-0.000539325887999134,-5.78988494957568e-07,-0.000292379673669487,-7.99130237589996e-06,0.00165794330725077
8540.15460385936,-1.09344883260091e-05,9.42229531984236e-05,-1.05316631773076e-06,-0.000535610450638221,-5.71049291227228e-07,-0.000290365514963664,-7.88160849955582e-06,0.00164652504565885
8599.38184353586,-1.07844373540656e-05,9.35768424186316e-05,-1.03872732634624e-06,-0.000531920621238103,-5.63218832720761e-07,-0.000288365237315179,-7.77342028082403e-06,0.00163518541309447
8659.01983290984,-1.06364448085828e-05,9.29351234224882e-05,-1.02448604847826e-06,-0.000528256223051337,-5.55495633165928e-07,-0.00028637874493997,-7.66671705503797e-06,0.00162392386827438
8719.07142059136,-1.04904824702754e-05,9.22977671561461e-05,-1.01043978354628e-06,-0.00052461708055551,-5.47878226515691e-07,-0.000284405942717362,-7.56147844109303e-06,0.00161273987363792
8779.53947494611,-1.0346522506214e-05,9.16647447413877e-05,-9.96585867673728e-07,-0.000521003019444633,-5.40365166675388e-07,-0.000282446736185425,-7.45768433755679e-06,0.00160163289532148
8840.42688423224,-1.02045374645492e-05,9.10360274749185e-05,-9.82921673194179e-07,-0.000517413866620617,-5.32955027233555e-07,-0.000280501031536362,-7.35531491883293e-06,0.0015906024031332
8901.73655673848,-1.00645002693077e-05,9.04115868276519e-05,-9.6944460816403e-07,-0.000513849450184796,-5.25646401196283e-07,-0.000278568735611928,-7.25435063137739e-06,0.00157964787052768
8963.47142092288,-9.92638421525853e-06,8.97913944439917e-05,-9.56152115881619e-07,-0.000510309599429526,-5.18437900725133e-07,-0.000276649755898893,-7.15477218996672e-06,0.00156876877458111
9025.63442555289,-9.79016296284938e-06,8.9175422141107e-05,-9.43041674412633e-07,-0.000506794144829826,-5.11328156878487e-07,-0.00027474400052452,-7.05656057401722e-06,0.00155796459596628
9088.228539846,-9.65581053321183e-06,8.85636419082053e-05,-9.30110796121853e-07,-0.000503302918035104,-5.04315819356376e-07,-0.000272851378252096,-6.95969702395491e-06,0.00154723481892806
9151.25675361174,-9.52330130323397e-06,8.79560259057977e-05,-9.17357027211014e-07,-0.000499835751860916,-4.97399556248651e-07,-0.000270971798476475,-6.8641630376349e-06,0.00153657893125877
9214.72207739435,-9.39261000070077e-06,8.73525464649641e-05,-9.04777947262825e-07,-0.000496392480280807,-4.90578053786539e-07,-0.000269105171219673,-6.76994036681019e-06,0.0015259964242739
9278.6275426167,-9.26371169949968e-06,8.67531760866102e-05,-8.92371168790975e-07,-0.000492972938418198,-4.83850016097471e-07,-0.000267251407126473,-6.67701101364855e-06,0.00151548679278797
9342.97620172496,-9.13658181489219e-06,8.61578874407243e-05,-8.80134336796136e-07,-0.000489576962538336,-4.77214164963198e-07,-0.000265410417460084,-6.58535722729746e-06,0.00150504953509044
9407.77112833456,-9.01119609884902e-06,8.55666533656274e-05,-8.68065128327785e-07,-0.000486204390040303,-4.70669239581092e-07,-0.000263582114097813,-6.49496150049583e-06,0.00149468415292195
9473.0154173768,-8.88753063544938e-06,8.49794468672232e-05,-8.56161252051896e-07,-0.00048285505944908,-4.64213996328658e-07,-0.000261766409526778,-6.40580656623247e-06,0.00148439015145058
9538.71218524687,-8.76556183634222e-06,8.43962411182415e-05,-8.44420447824292e-07,-0.000479528810407669,-4.57847208531152e-07,-0.000259963216839651,-6.31787539445013e-06,0.00147416703924838
9604.86456995261,-8.64526643626965e-06,8.38170094574814e-05,-8.32840486269703e-07,-0.000476225483669273,-4.51567666232314e-07,-0.000258172449730424,-6.23115118879483e-06,0.00146401432826797
9671.47573126437,-8.52662148865123e-06,8.32417253890508e-05,-8.2141916836639e-07,-0.000472944921089535,-4.45374175968158e-07,-0.000256394022490217,-6.1456173834099e-06,0.00145393153381935
9738.54885086602,-8.40960436122798e-06,8.26703625816022e-05,-8.1015432503626e-07,-0.000469686965618822,-4.3926556054375e-07,-0.000254627850003106,-6.06125763977357e-06,0.00144391817454688
9806.08713250685,-8.29419273176624e-06,8.21028948675681e-05,-7.99043816740464e-07,-0.00046645146129458,-4.33240658813006e-07,-0.000252873847741989,-5.97805584358045e-06,0.00143397377240636
9874.09380215466,-8.18036458381941e-06,8.15392962423919e-05,-7.88085533080322e-07,-0.000463238253233729,-4.27298325461387e-07,-0.00025113193176447,-5.89599610166523e-06,0.00142409785264234
9942.57210814976,-8.06809820254796e-06,8.09795408637594e-05,-7.7727739240359e-07,-0.000460047187625125,-4.21437430791524e-07,-0.00024940201870879,-5.81506273896906e-06,0.00141428994376552
10011.5253213603,-7.95737217059581e-06,8.04236030508252e-05,-7.66617341415925e-07,-0.000456878111722068,-4.15656860511693e-07,-0.000247684025789767,-5.73524029554709e-06,0.00140454957753032
10080.9567353381,-7.84816536402333e-06,7.98714572834407e-05,-7.56103354797553e-07,-0.000453730873834868,-4.09955515527115e-07,-0.000245977870794783,-5.65651352361739e-06,0.00139487628891265
10150.8696664767,-7.74045694829531e-06,7.93230782013771e-05,-7.45733434825004e-07,-0.00045060532332346,-4.04332311734049e-07,-0.000244283472079786,-5.57886738465004e-06,0.00138526961608777
10221.267454169,-7.63422637432395e-06,7.87784406035505e-05,-7.35505610997913e-07,-0.00044750131059008,-3.98786179816642e-07,-0.000242600748565328,-5.50228704649642e-06,0.00137572910040832
10292.1534609671,-7.52945337456534e-06,7.8237519447242e-05,-7.2541793967076e-07,-0.000444418687071981,-3.9331606504648e-07,-0.000240929619732632,-5.42675788055756e-06,0.00136625428638251
10363.5310727429,-7.42611795916957e-06,7.77002898473204e-05,-7.15468503689557e-07,-0.000441357305234217,-3.87920927084844e-07,-0.000239270005619682,-5.35226545899164e-06,0.00135684472165247
10435.4036988501,-7.32420041218284e-06,7.71667270754602e-05,-7.0565541203333e-07,-0.000438317018562463,-3.8259973978759e-07,-0.00023762182681734,-5.27879555195943e-06,0.00134749995697273
10507.7747722864,-7.22368128780167e-06,7.66368065593623e-05,-6.95976799460425e-07,-0.000435297681555898,-3.77351491012664e-07,-0.000235985004465502,-5.20633412490791e-06,0.00133821954618882
10580.647749858,-7.12454140667788e-06,7.61105038819706e-05,-6.86430826159496e-07,-0.00043229914972013,-3.72175182430165e-07,-0.000234359460249266,-5.1348673358907e-06,0.00132900304621607
10654.0261123446,-7.02676185227418e-06,7.55877947806909e-05,-6.77015677405187e-07,-0.000429321279560183,-3.67069829334994e-07,-0.000232745116395141,-5.06438153292561e-06,0.00131985001701852
10727.9133646656,-6.93032396726915e-06,7.50686551466067e-05,-6.67729563218376e-07,-0.00042636392857352,-3.62034460461968e-07,-0.000231141895667268,-4.99486325138816e-06,0.00131076002158799
10802.3130360475,-6.83520935001153e-06,7.45530610236976e-05,-6.58570718030989e-07,-0.000423426955243126,-3.57068117803454e-07,-0.000229549721363689,-4.9262992114411e-06,0.0013017326259233
10877.2286801926,-6.7413998510225e-06,7.40409886080539e-05,-6.49537400355262e-07,-0.000420510219030637,-3.52169856429421e-07,-0.000227968517312616,-4.85867631549882e-06,0.00129276739900957
10952.6638754485,-6.64887756954602e-06,7.35324142470947e-05,-6.40627892457448e-07,-0.000417613580369521,-3.47338744309919e-07,-0.000226398207868752,-4.79198164572698e-06,0.00128386391279777
11028.6222249794,-6.55762485014579e-06,7.30273144387831e-05,-6.31840500035877e-07,-0.000414736900658297,-3.42573862139937e-07,-0.000224838717909619,-4.72620246157599e-06,0.0012750217421843
11105.1073569377,-6.46762427934906e-06,7.25256658308432e-05,-6.23173551903328e-07,-0.000411880042253823,-3.37874303166618e-07,-0.000223289972831927,-4.6613261973487e-06,0.00126624046499079
11182.1229246378,-6.37885868233576e-06,7.20274452199767e-05,-6.14625399673633e-07,-0.000409042868464604,-3.33239173018777e-07,-0.000221751898547952,-4.59734045980111e-06,0.001257519661944
11259.6726067303,-6.2913111196732e-06,7.15326295510798e-05,-6.06194417452514e-07,-0.000406225243544177,-3.28667589538739e-07,-0.000220224421481961,-4.5342330257763e-06,0.00124885891665585
11337.7601073777,-6.20496488409491e-06,7.10411959164605e-05,-5.9787900153251e-07,-0.000403427032684518,-3.24158682616402e-07,-0.000218707468566638,-4.4719918398705e-06,0.00124025781560361
11416.3891564316,-6.11980349732382e-06,7.05531215550571e-05,-5.89677570092043e-07,-0.000400648102009515,-3.19711594025562e-07,-0.000217200967239559,-4.41060501213149e-06,0.00123171594811024
11495.5635096105,-6.03581070693837e-06,7.00683838516558e-05,-5.81588562898473e-07,-0.000397888318568472,-3.15325477262414e-07,-0.000215704845439674,-4.35006081578822e-06,0.00122323290632478
11575.2869486794,-5.95297048328175e-06,6.9586960336111e-05,-5.73610441015163e-07,-0.000395147550329672,-3.10999497386244e-07,-0.000214219031603824,-4.29034768501195e-06,0.00121480828520301
11655.5632816306,-5.87126701641298e-06,6.91088286825641e-05,-5.65741686512456e-07,-0.000392425666173976,-3.06732830862249e-07,-0.000212743454663276,-4.23145421270769e-06,0.0012064416824881
11736.3963428651,-5.79068471309993e-06,6.86339667086658e-05,-5.57980802182542e-07,-0.000389722535888477,-3.02524665406484e-07,-0.000211278044040292,-4.17336914833634e-06,0.0011981326986915
11817.7899933763,-5.71120819385297e-06,6.81623523747965e-05,-5.50326311258124e-07,-0.000387038030160185,-2.98374199832888e-07,-0.000209822729644711,-4.1160813957663e-06,0.00118988093707391
11899.7481209338,-5.63282228999958e-06,6.76939637832907e-05,-5.42776757134916e-07,-0.000384372020569776,-2.94280643902379e-07,-0.000208377441870562,-4.05958001115496e-06,0.00118168600362637
11982.2746402699,-5.55551204079839e-06,6.72287791776598e-05,-5.35330703097789e-07,-0.000381724379585365,-2.90243218173965e-07,-0.000206942111592699,-4.00385420085881e-06,0.00117354750705153
12065.3734932659,-5.47926269059306e-06,6.67667769418185e-05,-5.27986732050674e-07,-0.000379094980556341,-2.86261153857886e-07,-0.000205516670163464,-3.94889331937266e-06,0.00116546505874501
12149.0486491407,-5.40405968600462e-06,6.63079355993102e-05,-5.20743446250029e-07,-0.000376483697707232,-2.82333692670704e-07,-0.000204101049409364,-3.89468686729671e-06,0.00115743827277686
12233.3041046402,-5.32988867316252e-06,6.58522338125359e-05,-5.13599467041942e-07,-0.000373890406131622,-2.78460086692378e-07,-0.000202695181627781,-3.84122448933185e-06,0.00114946676587323
12318.1438842285,-5.25673549497311e-06,6.53996503819828e-05,-5.06553434602718e-07,-0.000371314981786107,-2.7463959822524e-07,-0.000201298999583699,-3.78849597230219e-06,0.00114155015739808
12403.5720402798,-5.18458618842574e-06,6.49501642454563e-05,-4.99604007683001e-07,-0.000368757301484298,-2.70871499654892e-07,-0.000199912436506461,-3.73649124320496e-06,0.0011336880693351
12489.5926532723,-5.11342698193538e-06,6.45037544773106e-05,-4.92749863355303e-07,-0.000366217242890857,-2.67155073312961e-07,-0.000198535426086538,-3.6852003672869e-06,0.00112588012626963
12576.2098319827,-5.04324429272175e-06,6.40604002876848e-05,-4.8598969676495e-07,-0.000363694684515591,-2.63489611341727e-07,-0.000197167902472335,-3.63461354614726e-06,0.00111812595537084
12663.427713683,-4.97402472422404e-06,6.36200810217369e-05,-4.79322220884369e-07,-0.000361189505707568,-2.59874415560559e-07,-0.000195809800267003,-3.58472111586669e-06,0.00111042518637397
12751.2504643373,-4.90575506355118e-06,6.31827761588829e-05,-4.72746166270696e-07,-0.000358701586649296,-2.56308797334166e-07,-0.000194461054525291,-3.53551354516186e-06,0.00110277745156265
12839.6822788018,-4.8384222789666e-06,6.27484653120346e-05,-4.66260280826627e-07,-0.000356230808350922,-2.52792077442619e-07,-0.000193121600750405,-3.48698143356533e-06,0.00109518238575142
12928.7273810244,-4.77201351740777e-06,6.23171282268422e-05,-4.59863329564517e-07,-0.00035377705264449,-2.49323585953139e-07,-0.000191791374890899,-3.43911550963049e-06,0.00108763962626834
13018.3900242466,-4.70651610203917e-06,6.18887447809364e-05,-4.53554094373634e-07,-0.000351340202178226,-2.45902662093601e-07,-0.000190470313337583,-3.391906629161e-06,0.00108014881293767
13108.6744912069,-4.64191752983911e-06,6.14632949831744e-05,-4.47331373790568e-07,-0.000348920140410876,-2.42528654127765e-07,-0.000189158352920456,-3.34534577346463e-06,0.00107270958806276
13199.5850943454,-4.5782054692192e-06,6.10407589728862e-05,-4.41193982772718e-07,-0.000346516751606069,-2.39200919232179e-07,-0.000187855430905655,-3.29942404763095e-06,0.00106532159640898
13291.1261760091,-4.51536775767655e-06,6.0621117019125e-05,-4.35140752474851e-07,-0.000344129920826735,-2.35918823374756e-07,-0.000186561484992435,-3.25413267883279e-06,0.00105798448518678
13383.3021086605,-4.4533923994779e-06,6.02043495199174e-05,-4.29170530028658e-07,-0.00034175953392955,-2.32681741194982e-07,-0.00018527645331016,-3.20946301465081e-06,0.00105069790403494
13476.1172950852,-4.39226756337553e-06,5.97904370015177e-05,-4.23282178325298e-07,-0.000339405477559427,-2.29489055885757e-07,-0.000184000274415319,-3.16540652142121e-06,0.00104346150500382
13569.576168603,-4.33198158035435e-06,5.93793601176639e-05,-4.17474575800872e-07,-0.000337067639144049,-2.26340159076827e-07,-0.000182732887288572,-3.12195478260607e-06,0.00103627494253879
13663.6831932795,-4.2725229414096e-06,5.89710996488352e-05,-4.11746616224781e-07,-0.000334745906888428,-2.23234450719785e-07,-0.000181474231331796,-3.07909949718599e-06,0.00102913787346379
13758.4428641392,-4.21388029535532e-06,5.85656365015131e-05,-4.06097208490967e-07,-0.000332440169769515,-2.2017133897465e-07,-0.000180224246365174,-3.03683247807485e-06,0.00102204995696496
13853.8597073802,-4.15604244666229e-06,5.81629517074434e-05,-4.00525276411939e-07,-0.000330150317530842,-2.17150240097957e-07,-0.000178982872624291,-2.99514565055627e-06,0.00101501085457438
13949.9382805904,-4.09899835332595e-06,5.77630264229023e-05,-3.95029758515618e-07,-0.000327876240677205,-2.14170578332379e-07,-0.000177750050757256,-2.95403105074156e-06,0.001008020230154
14046.6831729655,-4.04273712476312e-06,5.73658419279633e-05,-3.89609607844895e-07,-0.000325617830469375,-2.11231785797835e-07,-0.000176525721821836,-2.91348082404878e-06,0.00100107774987953
14144.0990055278,-3.98724801973783e-06,5.6971379625768e-05,-3.8426379175992e-07,-0.000323374978918865,-2.08333302384076e-07,-0.000175309827282627,-2.87348722370272e-06,0.000994183082224623
14242.190431347,-3.9325204443151e-06,5.65796210417976e-05,-3.78991291743046e-07,-0.00032114757878271,-2.0547457564472e-07,-0.000174102309008224,-2.83404260925538e-06,0.000987335897945012
14340.9621357626,-3.87854394984308e-06,5.61905478231496e-05,-3.73791103206427e-07,-0.000318935523558307,-2.02655060692739e-07,-0.000172903109268428,-2.7951394451269e-06,0.000980535870062848
14440.4188366077,-3.82530823096248e-06,5.5804141737814e-05,-3.68662235302201e-07,-0.000316738707478271,-1.99874220097338e-07,-0.000171712170731462,-2.75677029916624e-06,0.0009737826738511
14540.5652844341,-3.77280312364346e-06,5.54203846739551e-05,-3.63603710735255e-07,-0.000314557025505345,-1.97131523782252e-07,-0.000170529436461213,-2.71892784123198e-06,0.00096707598681809
14641.4062627396,-3.72101860324915e-06,5.5039258639193e-05,-3.58614565578511e-07,-0.00031239037332733,-1.9442644892541e-07,-0.000169354849914487,-2.68160484179218e-06,0.00096041548869211
14742.946588196,-3.66994478262586e-06,5.46607457598909e-05,-3.5369384909072e-07,-0.00031023864735206,-1.91758479859968e-07,-0.000168188354938291,-2.64479417054382e-06,0.000953800861406165
14845.1911108798,-3.61957191021917e-06,5.42848282804417e-05,-3.48840623536713e-07,-0.000308101744702414,-1.89127107976669e-07,-0.000167029895767127,-2.60848879505089e-06,0.000947231789082802
14948.1447145032,-3.56989036821606e-06,5.39114885625609e-05,-3.44053964010102e-07,-0.000305979563211355,-1.86531831627552e-07,-0.000165879417020308,-2.57268177940141e-06,0.000940707958019065
15051.8123166476,-3.52089067071218e-06,5.35407090845788e-05,-3.39332958258351e-07,-0.000303872001417007,-1.83972156030938e-07,-0.000164736863699294,-2.53736628288261e-06,0.000934229056671525
15156.1988689989,-3.47256346190443e-06,5.31724724407383e-05,-3.34676706510254e-07,-0.000301778958557774,-1.8144759317773e-07,-0.000163602181185044,-2.50253555867459e-06,0.000927794775641445
15261.3093575835,-3.42489951430806e-06,5.28067613404935e-05,-3.30084321305713e-07,-0.000299700334567476,-1.78957661738964e-07,-0.000162475315235389,-2.46818295256162e-06,0.000921404807660013
15367.1488030065,-3.37788972699832e-06,5.24435586078127e-05,-3.25554927327856e-07,-0.000297636030070543,-1.76501886974636e-07,-0.000161356211982422,-2.43430190166133e-06,0.000915058847573709
15473.7222606918,-3.33152512387602e-06,5.20828471804827e-05,-3.21087661237395e-07,-0.000295585946377218,-1.74079800643744e-07,-0.000160244817929903,-2.40088593317121e-06,0.000908756592329742
15581.0348211234,-3.28579685195697e-06,5.17246101094175e-05,-3.16681671509261e-07,-0.000293549985478815,-1.7169094091557e-07,-0.000159141079950692,-2.36792866313238e-06,0.000902497740961615
15689.0916100885,-3.24069617968468e-06,5.13688305579682e-05,-3.12336118271427e-07,-0.000291528050042989,-1.69334852282152e-07,-0.00015804494528419,-2.33542379521026e-06,0.000896281994574764
15797.8977889225,-3.19621449526627e-06,5.10154918012378e-05,-3.08050173145936e-07,-0.000289520043409064,-1.6701108547196e-07,-0.0001569563615338,-2.30336511949206e-06,0.000890109056332316
15907.4585547554,-3.15234330503101e-06,5.0664577225397e-05,-3.03823019092069e-07,-0.00028752586958337,-1.64719197364725e-07,-0.000155875276664409,-2.27174651130066e-06,0.000883978631440927
16017.7791407599,-3.10907423181151e-06,5.03160703270042e-05,-2.99653850251653e-07,-0.000285545433234627,-1.62458750907445e-07,-0.000154801638999887,-2.24056193002485e-06,0.000877890427136737
16128.8648164017,-3.06639901334682e-06,4.99699547123279e-05,-2.95541871796454e-07,-0.000283578639689358,-1.60229315031515e-07,-0.000153735397220602,-2.20980541796559e-06,0.000871844152671395
16240.720887691,-3.02430950070767e-06,4.96262140966722e-05,-2.91486299777655e-07,-0.000281625394927331,-1.58030464571e-07,-0.000152676500360949,-2.17947109919809e-06,0.000865839519298213
16353.352697436,-2.98279765674293e-06,4.92848323037054e-05,-2.87486360977357e-07,-0.000279685605577038,-1.55861780181998e-07,-0.000151624897806905,-2.14955317844952e-06,0.000859876240258379
16466.765625498,-2.94185555454768e-06,4.89457932647914e-05,-2.83541292762118e-07,-0.000277759178911202,-1.5372284826312e-07,-0.000150580539293593,-2.12004593999211e-06,0.000853954030767298
16580.9650890484,-2.90147537595191e-06,4.8609081018324e-05,-2.79650342938458e-07,-0.000275846022842315,-1.51613260877035e-07,-0.000149543374902866,-2.09094374655145e-06,0.000848072608001
16695.9565428276,-2.86164941003021e-06,4.82746797090649e-05,-2.75812769610346e-07,-0.000273946045918212,-1.49532615673093e-07,-0.000148513355060911,-2.06224103822975e-06,0.000842231691082661
16811.7454794054,-2.82237005163162e-06,4.79425735874837e-05,-2.72027841038599e-07,-0.000272059157317669,-1.47480515810988e-07,-0.000147490430535863,-2.0339323314439e-06,0.000836431001069201
16928.3374294433,-2.78362979992976e-06,4.76127470091021e-05,-2.68294835502214e-07,-0.000270185266846037,-1.45456569885476e-07,-0.000146474552435441,-2.00601221787809e-06,0.000830670260937989
17045.737961959,-2.74542125699268e-06,4.72851844338397e-05,-2.64613041161561e-07,-0.000268324284930904,-1.43460391852094e-07,-0.000145465672204598,-1.97847536345077e-06,0.000824949195573622
17163.9526845917,-2.70773712637243e-06,4.69598704253645e-05,-2.60981755923455e-07,-0.000266476122617792,-1.41491600953916e-07,-0.000144463741623189,-1.95131650729586e-06,0.000819267531754814
17282.9872438709,-2.67057021171377e-06,4.66367896504452e-05,-2.57400287308043e-07,-0.000264640691565875,-1.3954982164928e-07,-0.000143468712803655,-1.92453046075784e-06,0.000813624998141355
17402.8473254854,-2.63391341538214e-06,4.63159268783073e-05,-2.53867952317511e-07,-0.000262817904043736,-1.37634683540518e-07,-0.00014248053818872,-1.89811210640075e-06,0.000808021325261182
17523.5386545551,-2.59775973711015e-06,4.59972669799919e-05,-2.50384077306571e-07,-0.000261007672925147,-1.35745821303643e-07,-0.00014149917054911,-1.87205639703066e-06,0.000802456245497511
17645.0669959044,-2.56210227266287e-06,4.56807949277177e-05,-2.46947997854706e-07,-0.000259209911684884,-1.33882874619002e-07,-0.000140524562981283,-1.84635835473168e-06,0.000796929493076089
17767.4381543379,-2.52693421252117e-06,4.53664957942462e-05,-2.43559058640159e-07,-0.000257424534394566,-1.32045488102864e-07,-0.000139556668905176,-1.82101306991506e-06,0.000791440804052502
17890.6579749169,-2.49224884058325e-06,4.50543547522499e-05,-2.40216613315624e-07,-0.000255651455718529,-1.30233311239946e-07,-0.000138595442061968,-1.79601570038148e-06,0.000785989916299599
18014.7323432395,-2.45803953288383e-06,4.47443570736835e-05,-2.36920024385637e-07,-0.000253890590909723,-1.28445998316856e-07,-0.000137640836511861,-1.77136147039609e-06,0.000780576569494976
18139.667185721,-2.42429975633099e-06,4.44364881291588e-05,-2.33668663085632e-07,-0.000252141855805639,-1.26683208356442e-07,-0.000136692806631872,-1.74704566977633e-06,0.000775200505108574
18265.4684698776,-2.39102306746021e-06,4.41307333873214e-05,-2.30461909262632e-07,-0.000250405166824268,-1.24944605053031e-07,-0.00013575130711364,-1.72306365299222e-06,0.000769861466390327
18392.1422046107,-2.3582031112055e-06,4.38270784142324e-05,-2.27299151257583e-07,-0.000248680440960084,-1.23229856708558e-07,-0.000134816292961259,-1.69941083827901e-06,0.000764559198357936
18519.6944404947,-2.32583361968741e-06,4.35255088727512e-05,-2.24179785789265e-07,-0.000246967595780059,-1.21538636169559e-07,-0.000133887719489109,-1.67608270676195e-06,0.000759293447784686
18648.1312700654,-2.29390841101757e-06,4.32260105219233e-05,-2.21103217839802e-07,-0.000245266549419699,-1.1987062076502e-07,-0.000132965542319717,-1.65307480159324e-06,0.000754063963187383
18777.4588281112,-2.26242138811964e-06,4.29285692163697e-05,-2.18068860541717e-07,-0.000243577220579117,-1.18225492245084e-07,-0.000132049717381622,-1.6303827271006e-06,0.000748870494814344
18907.6832919665,-2.23136653756636e-06,4.263317090568e-05,-2.15076135066531e-07,-0.000241899528519124,-1.16602936720576e-07,-0.000131140200907266,-1.60800214794765e-06,0.00074371279463349
19038.810881806,-2.20073792843266e-06,4.23398016338097e-05,-2.12124470514875e-07,-0.000240233393057358,-1.15002644603372e-07,-0.000130236949430887,-1.58592878830587e-06,0.000738590616320515
19170.8478609426,-2.17052971116427e-06,4.20484475384781e-05,-2.092133038081e-07,-0.000238578734564426,-1.13424310547561e-07,-0.000129339919786438,-1.56415843103774e-06,0.000733503715247124
19303.8005361258,-2.14073611646202e-06,4.17590948505723e-05,-2.0634207958136e-07,-0.000236935473960086,-1.11867633391421e-07,-0.000128449069105513,-1.54268691689128e-06,0.000728451848469377
19437.6752578439,-2.11135145418129e-06,4.14717298935515e-05,-2.03510250078149e-07,-0.000235303532709448,-1.10332316100187e-07,-0.000127564354815291,-1.52151014370549e-06,0.000723434774716083
19572.4784206263,-2.08237011224665e-06,4.1186339082857e-05,-2.00717275046284e-07,-0.000233682832819205,-1.08818065709588e-07,-0.000126685734636494,-1.50062406562684e-06,0.000718452254377307
19708.2164633496,-2.05378655558124e-06,4.09029089253232e-05,-1.9796262163529e-07,-0.000232073296833886,-1.07324593270165e-07,-0.000125813166581355,-1.48002469233637e-06,0.00071350404949292
19844.8958695448,-2.02559532505093e-06,4.06214260185932e-05,-1.95245764295195e-07,-0.000230474847832145,-1.05851613792344e-07,-0.00012494660895161,-1.45970808828751e-06,0.000708589923741259
19982.5231677076,-1.99779103642286e-06,4.03418770505365e-05,-1.92566184676693e-07,-0.000228887409423058,-1.04398846192255e-07,-0.000124086020336491,-1.43967037195424e-06,0.000703709642427844
20121.1049316092,-1.97036837933831e-06,4.00642487986708e-05,-1.8992337153268e-07,-0.000227310905742467,-1.02966013238298e-07,-0.000123231359610745,-1.41990771508976e-06,0.000698862972474186
20260.6477806113,-1.94332211629959e-06,3.97885281295855e-05,-1.87316820621114e-07,-0.000225745261449333,-1.01552841498425e-07,-0.000122382585932657,-1.40041634199509e-06,0.000694049682406659
20401.1583799816,-1.91664708167088e-06,3.95147019983704e-05,-1.84746034609218e-07,-0.000224190401722122,-1.00159061288154e-07,-0.000121539658742094,-1.38119252879791e-06,0.000689269542345467
20542.6434412127,-1.89033818069264e-06,3.92427574480448e-05,-1.82210522978973e-07,-0.000222646252255215,-9.87844066192846e-08,-0.000120702537758559,-1.36223260274116e-06,0.000684522323993661
20685.1097223421,-1.86439038850966e-06,3.89726816089928e-05,-1.79709801933906e-07,-0.000221112739255343,-9.74286151493163e-08,-0.000119871182979259,-1.34353294148154e-06,0.000679807800626258
20828.5640282755,-1.83879874921233e-06,3.87044616983983e-05,-1.77243394307145e-07,-0.000219589789438044,-9.60914281315535e-08,-0.000119045554677187,-1.32508997239745e-06,0.000675125747079415
20973.0132111114,-1.81355837489112e-06,3.84380850196865e-05,-1.74810829470736e-07,-0.000218077330024152,-9.47725903658953e-08,-0.000118225613399216,-1.30690017190666e-06,0.00067047593973969
21118.464170469,-1.7886644447039e-06,3.81735389619659e-05,-1.7241164324618e-07,-0.000216575288736299,-9.34718501502942e-08,-0.000117411319964209,-1.28896006479309e-06,0.000665858156533367
21264.923853817,-1.76411220395619e-06,3.79108109994744e-05,-1.70045377816207e-07,-0.000215083593795453,-9.2188959232878e-08,-0.000116602635461139,-1.27126622354306e-06,0.000661272176915865
21412.3992568061,-1.73989696319391e-06,3.76498886910286e-05,-1.67711581637742e-07,-0.000213602173917472,-9.09236727647245e-08,-0.000115799521247223,-1.25381526769048e-06,0.000656717781861207
21560.8974236026,-1.71601409730859e-06,3.7390759679476e-05,-1.65409809356063e-07,-0.000212130958309686,-8.9675749253283e-08,-0.000115001938946072,-1.23660386317117e-06,0.000652194753851578
21710.4254472254,-1.69245904465482e-06,3.71334116911501e-05,-1.6313962172012e-07,-0.000210669876667501,-8.8444950516427e-08,-0.000114209850445846,-1.21962872168585e-06,0.00064770287686693
21860.9904698845,-1.66922730617987e-06,3.68778325353287e-05,-1.60900585499031e-07,-0.000209218859171029,-8.72310416371399e-08,-0.000113423217897435,-1.20288660007211e-06,0.000643241936374694
22012.599683322,-1.64631444456513e-06,3.66240101036952e-05,-1.58692273399685e-07,-0.000207777836481735,-8.60337909188139e-08,-0.000112642003712637,-1.18637429968479e-06,0.00063881171931952
22165.260329156,-1.6237160833794e-06,3.63719323698031e-05,-1.56514263985503e-07,-0.000206346739739118,-8.48529698411633e-08,-0.000111866170562359,-1.17008866578501e-06,0.000634412014113129
22318.9796992262,-1.60142790624373e-06,3.61215873885432e-05,-1.54366141596277e-07,-0.000204925500557403,-8.36883530167371e-08,-0.00011109568137483,-1.15402658693745e-06,0.000630042610624202
22473.7651359423,-1.57944565600779e-06,3.58729632956143e-05,-1.52247496269127e-07,-0.000203514051022269,-8.25397181480271e-08,-0.000110330499333823,-1.13818499441607e-06,0.000625703300168361
22629.6240326348,-1.55776513393736e-06,3.56260483069963e-05,-1.50157923660516e-07,-0.000202112323687583,-8.14068459851594e-08,-0.000109570587876886,-1.12256086161782e-06,0.000621393875498203
22786.5638339077,-1.53638219891318e-06,3.53808307184271e-05,-1.48097024969351e-07,-0.000200720251572178,-8.02895202841682e-08,-0.000108815910693599,-1.1071512034845e-06,0.000617114130793415
22944.592035995,-1.51529276664057e-06,3.51372989048817e-05,-1.46064406861109e-07,-0.00019933776815663,-7.91875277658332e-08,-0.000108066431723825,-1.09195307593252e-06,0.000612863861650947
23103.7161871177,-1.49449280887005e-06,3.48954413200549e-05,-1.44059681393018e-07,-0.000197964807380078,-7.81006580750852e-08,-0.000107322115155987,-1.07696357529049e-06,0.00060864286507526
23263.9438878451,-1.4739783526285e-06,3.46552464958464e-05,-1.42082465940251e-07,-0.000196601303637053,-7.70287037409616e-08,-0.00010658292542535,-1.06217983774453e-06,0.000604450939468635
23425.2827914574,-1.45374547946102e-06,3.44167030418498e-05,-1.40132383123129e-07,-0.000195247191774335,-7.5971460137113e-08,-0.000105848827212319,-1.04759903879118e-06,0.000600287884621557
23587.7406043117,-1.43379032468296e-06,3.41797996448432e-05,-1.38209060735315e-07,-0.000193902407087827,-7.49287254428448e-08,-0.000105119785440744,-1.03321839269784e-06,0.00059615350170315
23751.3250862094,-1.41410907664249e-06,3.39445250682846e-05,-1.36312131672994e-07,-0.000192566885319457,-7.3900300604696e-08,-0.000104395765276242,-1.01903515197062e-06,0.0005920475932517
23916.0440507678,-1.39469797599296e-06,3.37108681518081e-05,-1.34441233865012e-07,-0.000191240562654099,-7.2885989298538e-08,-0.000103676732124525,-1.00504660682945e-06,0.000587969963165218
24081.9053657923,-1.37555331497553e-06,3.34788178107249e-05,-1.3259601020398e-07,-0.000189923375716509,-7.1885597892196e-08,-0.000102962651629747,-9.91250084690422e-07,0.000583920416692091
24248.9169536531,-1.3566714367114e-06,3.32483630355262e-05,-1.30776108478304e-07,-0.000188615261568294,-7.08989354085766e-08,-0.000102253489672854,-9.77642949655269e-07,0.000579898760421778
24417.0867916629,-1.33804873450392e-06,3.30194928913892e-05,-1.28981181305159e-07,-0.000187316157704892,-6.99258134893042e-08,-0.000101549212369953,-9.64222602007798e-07,0.000575904802275587
24586.4229124585,-1.31968165115012e-06,3.27921965176864e-05,-1.27210886064366e-07,-0.00018602600205258,-6.89660463588493e-08,-0.000100849786070685,-9.50986477717244e-07,0.000571938351497498
24756.933404384,-1.3015666782618e-06,3.25664631274972e-05,-1.2546488483318e-07,-0.000184744732965497,-6.80194507891515e-08,-0.000100155177356617,-9.37932047948478e-07,0.000567999218645069
24928.6264118777,-1.28370035559585e-06,3.2342282007123e-05,-1.23742844321961e-07,-0.000183472289222689,-6.70858460647224e-08,-9.94653530396397e-05,-9.25056818578884e-07,0.000564087215580382
25101.5101358603,-1.26607927039376e-06,3.21196425156045e-05,-1.22044435810736e-07,-0.000182208610025181,-6.61650539482287e-08,-9.87802801603781e-05,-9.12358329721918e-07,0.000560202155461075
25275.5928341276,-1.24870005673022e-06,3.18985340842426e-05,-1.20369335086611e-07,-0.000180953634993058,-6.52568986465428e-08,-9.80999259866121e-05,-8.99834155257156e-07,0.000556343852731411
25450.882821744,-1.23155939487066e-06,3.16789462161217e-05,-1.18717222382056e-07,-0.000179707304162577,-6.43612067772609e-08,-9.74242580117104e-05,-8.87481902366843e-07,0.000552512123113435
25627.3884714405,-1.21465401063748e-06,3.1460868485636e-05,-1.17087782314016e-07,-0.000178469557983291,-6.34778073356745e-08,-9.67532439530722e-05,-8.75299211078754e-07,0.000548706783598164
25805.1182140139,-1.19798067478517e-06,3.12442905380184e-05,-1.1548070382387e-07,-0.000177240337315199,-6.26065316621984e-08,-9.60868517505829e-05,-8.63283753815372e-07,0.000544927652436862
25984.08053873,-1.18153620238378e-06,3.10292020888727e-05,-1.13895680118195e-07,-0.00017601958342591,-6.17472134102393e-08,-9.54250495650771e-05,-8.51433234949218e-07,0.000541174549132361
26164.2839937291,-1.16531745221104e-06,3.0815592923708e-05,-1.12332408610353e-07,-0.000174807237987832,-6.08996885145076e-08,-9.4767805776815e-05,-8.39745390364307e-07,0.000537447294430441
26345.7371864336,-1.14932132615266e-06,3.0603452897477e-05,-1.10790590862869e-07,-0.000173603243075378,-6.00637951597607e-08,-9.41150889839686e-05,-8.28217987023624e-07,0.000533745710311282
26528.4487839603,-1.13354476861093e-06,3.03927719341152e-05,-1.09269932530596e-07,-0.000172407541162189,-5.92393737499727e-08,-9.34668680011167e-05,-8.16848822542506e-07,0.000530069619980958
26712.4275135331,-1.11798476592144e-06,3.01835400260851e-05,-1.07770143304661e-07,-0.000171220075118383,-5.84262668779295e-08,-9.28231118577538e-05,-8.05635724767933e-07,0.000526418847863004
26897.6821629011,-1.10263834577773e-06,2.99757472339215e-05,-1.06290936857173e-07,-0.000170040788207814,-5.76243192952342e-08,-9.21837897968049e-05,-7.94576551363526e-07,0.00052279321959003
27084.2215807571,-1.08750257666394e-06,2.97693836857804e-05,-1.04832030786692e-07,-0.000168869624085359,-5.68333778827286e-08,-9.15488712731551e-05,-7.83669189400314e-07,0.000519192561995402
27272.0546771616,-1.07257456729508e-06,2.95644395769901e-05,-1.03393146564436e-07,-0.000167706526794216,-5.6053291621314e-08,-9.09183259521856e-05,-7.72911554953045e-07,0.00051561670310497
27461.1904239671,-1.05785146606514e-06,2.93609051696061e-05,-1.01974009481232e-07,-0.000166551440763229,-5.52839115631761e-08,-9.02921237083227e-05,-7.62301592702107e-07,0.000512065472128865
27651.6378552475,-1.04333046050266e-06,2.91587707919668e-05,-1.00574348595182e-07,-0.000165404310804221,-5.45250908033988e-08,-8.96702346235943e-05,-7.51837275540847e-07,0.000508538699453339
27843.4060677294,-1.02900877673382e-06,2.89580268382545e-05,-9.91938966800581e-08,-0.000164265082109355,-5.377668445197e-08,-8.90526289861992e-05,-7.41516604188343e-07,0.000505036216632677
28036.5042212264,-1.01488367895284e-06,2.87586637680563e-05,-9.78323901743897e-08,-0.000163133700248509,-5.30385496061682e-08,-8.84392772890833e-05,-7.31337606807429e-07,0.000501557856381144
28230.9415390768,-1.00095246889973e-06,2.85606721059302e-05,-9.64895691312558e-08,-0.000162010111166671,-5.23105453233282e-08,-8.78301502285282e-05,-7.21298338628023e-07,0.000498103452565013
28426.7273085842,-9.87212485345075e-07,2.83640424409721e-05,-9.51651771687581e-08,-0.000160894261181346,-5.15925325939779e-08,-8.7225218702748e-05,-7.11396881575567e-07,0.00049467284019462
28623.8708814609,-9.73661103582032e-07,2.81687654263864e-05,-9.38589614211779e-08,-0.000159786096979993,-5.08843743153451e-08,-8.66244538104968e-05,-7.01631343904622e-07,0.000491265855416499
28822.3816742749,-9.60295734925157e-07,2.79748317790589e-05,-9.25706724907932e-08,-0.000158685565617466,-5.01859352652235e-08,-8.60278268496845e-05,-6.91999859837438e-07,0.000487882335505552
29022.2691688993,-9.4711382621621e-07,2.77822322791327e-05,-9.13000644003628e-08,-0.000157592614513484,-4.94970820761997e-08,-8.54353093160041e-05,-6.82500589207538e-07,0.000484522118857286
29223.5429129655,-9.34112859336665e-07,2.75909577695857e-05,-9.00468945462527e-08,-0.000156507191450108,-4.88176832102303e-08,-8.48468729015664e-05,-6.73131717108144e-07,0.000481185044980094
29426.2125203191,-9.21290350726963e-07,2.74009991558127e-05,-8.88109236522111e-08,-0.00015542924456925,-4.81476089335688e-08,-8.42624894935462e-05,-6.63891453545475e-07,0.000477870954487596
29630.2876714792,-9.08643850912296e-07,2.72123474052075e-05,-8.75919157237671e-08,-0.000154358722370181,-4.74867312920333e-08,-8.36821311728359e-05,-6.54778033096759e-07,0.000474579689091026
29835.7781141006,-8.9617094403497e-07,2.70249935467502e-05,-8.63896380032641e-08,-0.000153295573707071,-4.68349240866163e-08,-8.31057702127102e-05,-6.4578971457298e-07,0.000471311091591681
30042.6936634399,-8.83869247393099e-07,2.6838928670595e-05,-8.52038609254963e-08,-0.000152239747786541,-4.6192062849424e-08,-8.25333790774983e-05,-6.36924780686219e-07,0.000468065005873409
30251.0442028234,-8.71736410985705e-07,2.6654143927662e-05,-8.4034358073963e-08,-0.00015119119416523,-4.55580248199489e-08,-8.19649304212674e-05,-6.28181537721592e-07,0.000464841276895164
30460.8396841202,-8.59770117063984e-07,2.64706305292307e-05,-8.28809061377126e-08,-0.000150149862747379,-4.49326889216638e-08,-8.14003970865123e-05,-6.19558315213659e-07,0.000461639750683594
30672.0901282168,-8.47968079688796e-07,2.62883797465363e-05,-8.17432848687848e-08,-0.000149115703782438,-4.43159357389392e-08,-8.0839752102858e-05,-6.11053465627308e-07,0.000458460274325702
30884.8056254963,-8.3632804429416e-07,2.61073829103686e-05,-8.06212770402279e-08,-0.000148088667862679,-4.37076474942741e-08,-8.02829686857671e-05,-6.02665364042988e-07,0.000455302695961533
31098.9963363199,-8.24847787256792e-07,2.59276314106739e-05,-7.95146684046968e-08,-0.000147068705920836,-4.31077080258407e-08,-7.973002023526e-05,-5.94392407846288e-07,0.000452166864776934
31314.6724915125,-8.13525115471498e-07,2.57491166961578e-05,-7.84232476536126e-08,-0.000146055769227754,-4.25160027653343e-08,-7.91808803346401e-05,-5.86233016421755e-07,0.000449052630996346
31531.8443928511,-8.02357865932435e-07,2.55718302738929e-05,-7.7346806376885e-08,-0.000145049809390058,-4.19324187161287e-08,-7.86355227492321e-05,-5.78185630850936e-07,0.00044595984587566
31750.5224135575,-7.91343905320075e-07,2.53957637089264e-05,-7.62851390231829e-08,-0.000144050778347837,-4.13568444317286e-08,-7.80939214251244e-05,-5.70248713614538e-07,0.00044288836169511
31970.7169987928,-7.80481129593876e-07,2.52209086238926e-05,-7.52380428607511e-08,-0.000143058628372342,-4.0789169994519e-08,-7.75560504879248e-05,-5.62420748298714e-07,0.000439838031752224
32192.4386661572,-7.69767463590491e-07,2.50472566986258e-05,-7.42053179387608e-08,-0.000142073312063705,-4.02292869948036e-08,-7.70218842415203e-05,-5.54700239305332e-07,0.000436808710354815
32415.6980061919,-7.59200860627546e-07,2.48747996697771e-05,-7.31867670491921e-08,-0.00014109478234867,-3.9677088510132e-08,-7.64913971668498e-05,-5.4708571156627e-07,0.000433800252814031
32640.5056828852,-7.48779302112792e-07,2.4703529330433e-05,-7.2182195689235e-08,-0.000140122992478337,-3.91324690849083e-08,-7.59645639206818e-05,-5.3957571026159e-07,0.000430812515437443
32866.8724341813,-7.38500797158674e-07,2.45334375297362e-05,-7.11914120242087e-08,-0.000139157896025931,-3.85953247102806e-08,-7.54413593344025e-05,-5.32168800541619e-07,0.000427845355522185
33094.8090724944,-7.28363382202141e-07,2.43645161725094e-05,-7.02142268509837e-08,-0.000138199446884576,-3.80655528043044e-08,-7.49217584128115e-05,-5.24863567252804e-07,0.00042489863134814
33324.3264852235,-7.18365120629707e-07,2.41967572188813e-05,-6.92504535619106e-08,-0.000137247599265089,-3.7543052192379e-08,-7.44057363329264e-05,-5.17658614667372e-07,0.000421972202171177
33555.4356352742,-7.08504102407627e-07,2.40301526839145e-05,-6.82999081092362e-08,-0.00013630230769379,-3.70277230879503e-08,-7.38932684427948e-05,-5.10552566216662e-07,0.000419065928216426
33788.1475615808,-6.98778443717172e-07,2.38646946372366e-05,-6.73624089700132e-08,-0.000135363527010329,-3.65194670734795e-08,-7.33843302603157e-05,-5.03544064228151e-07,0.000416179670671607
34022.4733796346,-6.89186286594876e-07,2.37003752026729e-05,-6.64377771114845e-08,-0.000134431212365521,-3.60181870816712e-08,-7.28788974720674e-05,-4.96631769666055e-07,0.000413313291680401
34258.4242820144,-6.79725798577759e-07,2.3537186557882e-05,-6.55258359569463e-08,-0.0001335053192192,-3.55237873769591e-08,-7.23769459321457e-05,-4.89814361875532e-07,0.000410466654335872
34496.0115389212,-6.70395172353366e-07,2.33751209339933e-05,-6.4626411352074e-08,-0.000132585803338093,-3.50361735372452e-08,-7.18784516610074e-05,-4.83090538330351e-07,0.000407639622673923
34735.2464987164,-6.61192625414663e-07,2.32141706152472e-05,-6.37393315317144e-08,-0.000131672620793699,-3.45552524358898e-08,-7.13833908443251e-05,-4.76459014384063e-07,0.00040483206166681
34976.1405884643,-6.52116399719611e-07,2.30543279386374e-05,-6.28644270871268e-08,-0.000130765727960189,-3.40809322239464e-08,-7.08917398318461e-05,-4.69918523024561e-07,0.00040204383721669
35218.7053144771,-6.43164761355464e-07,2.28955852935554e-05,-6.20015309336783e-08,-0.00012986508151232,-3.36131223126423e-08,-7.04034751362629e-05,-4.63467814632027e-07,0.000399274816149225
35462.9522628655,-6.34336000207619e-07,2.27379351214375e-05,-6.11504782789766e-08,-0.000128970638423359,-3.3151733356097e-08,-6.99185734320886e-05,-4.57105656740182e-07,0.000396524866207214
35708.8931000911,-6.25628429633062e-07,2.25813699154142e-05,-6.03111065914434e-08,-0.000128082355963031,-3.2696677234279e-08,-6.94370115545423e-05,-4.50830833800843e-07,0.000393793856044286
35956.5395735246,-6.17040386138243e-07,2.24258822199612e-05,-5.9483255569314e-08,-0.000127200191695467,-3.22478670361947e-08,-6.89587664984396e-05,-4.44642146951669e-07,0.000391081655218625
36205.9035120061,-6.08570229061416e-07,2.22714646305535e-05,-5.86667671100658e-08,-0.00012632410347718,-3.18052170433094e-08,-6.84838154170944e-05,-4.38538413787145e-07,0.000388388134186741
36456.9968264106,-6.00216340259302e-07,2.21181097933211e-05,-5.7861485280262e-08,-0.000125454049455046,-3.13686427131932e-08,-6.80121356212242e-05,-4.32518468132662e-07,0.000385713164297285
36709.831510217,-5.91977123798062e-07,2.19658104047072e-05,-5.70672562858093e-08,-0.000124589988064304,-3.09380606633921e-08,-6.75437045778662e-05,-4.2658115982173e-07,0.000383056617784907
36964.4196400802,-5.83851005648531e-07,2.18145592111287e-05,-5.62839284426254e-08,-0.000123731878026566,-3.05133886555214e-08,-6.70784999092994e-05,-4.20725354476243e-07,0.000380418367764154
37220.7733764093,-5.75836433385588e-07,2.16643490086384e-05,-5.5511352147703e-08,-0.000122879678347843,-3.00945455795739e-08,-6.66164993919739e-05,-4.14949933289743e-07,0.000377798288223411
37478.9049639467,-5.67931875891699e-07,2.15151726425904e-05,-5.47493798505764e-08,-0.000122033348316587,-2.96814514384462e-08,-6.6157680955449e-05,-4.09253792813686e-07,0.000375196254018889
37738.8267323548,-5.60135823064485e-07,2.13670230073061e-05,-5.39978660251734e-08,-0.000121192847501737,-2.92740273326749e-08,-6.57020226813367e-05,-4.03635844746614e-07,0.000372612140868639
38000.5510968034,-5.52446785528344e-07,2.12198930457442e-05,-5.32566671420572e-08,-0.000120358135750794,-2.88721954453833e-08,-6.52495028022545e-05,-3.98095015726246e-07,0.000370045825346628
38264.0905585636,-5.4486329434998e-07,2.10737757491712e-05,-5.25256416410448e-08,-0.000119529173187893,-2.84758790274334e-08,-6.48000997007834e-05,-3.92630247124404e-07,0.000367497184876839
38529.4577056047,-5.37383900757888e-07,2.09286641568355e-05,-5.18046499042036e-08,-0.0001187059202119,-2.8085002382782e-08,-6.43537919084354e-05,-3.87240494844764e-07,0.000364966097727422
38796.6652131954,-5.30007175865642e-07,2.07845513556419e-05,-5.10935542292156e-08,-0.000117888337494516,-2.76994908540368e-08,-6.39105581046254e-05,-3.81924729123378e-07,0.000362452443004877
39065.7258445091,-5.22731710399013e-07,2.06414304798303e-05,-5.03922188031085e-08,-0.000117076385978398,-2.73192708082119e-08,-6.34703771156532e-05,-3.76681934331941e-07,0.000359956100648284
39336.6524512341,-5.15556114426804e-07,2.04992947106546e-05,-4.97005096763442e-08,-0.00011627002687529,-2.6944269622676e-08,-6.30332279136897e-05,-3.71511108783745e-07,0.00035747695142357
39609.4579741865,-5.08479017095405e-07,2.03581372760648e-05,-4.90182947372658e-08,-0.000115469221664167,-2.6574415671296e-08,-6.25990896157724e-05,-3.6641126454232e-07,0.000355014876917815
39884.1554439296,-5.01499066366961e-07,2.02179514503908e-05,-4.83454436868904e-08,-0.000114673932089394,-2.62096383107679e-08,-6.2167941482806e-05,-3.61381427232667e-07,0.000352569759533596
40160.7579813948,-4.94614928761161e-07,2.00787305540285e-05,-4.76818280140514e-08,-0.000113884120158898,-2.58498678671375e-08,-6.17397629185717e-05,-3.56420635855122e-07,0.000350141482483374
40439.2787985098,-4.87825289100545e-07,1.99404679531277e-05,-4.70273209708779e-08,-0.000113099748142346,-2.54950356225033e-08,-6.13145334687413e-05,-3.51527942601739e-07,0.000347729929783914
40719.7311988284,-4.81128850259326e-07,1.98031570592819e-05,-4.63817975486135e-08,-0.000112320778569347,-2.51450738019039e-08,-6.08922328198999e-05,-3.46702412675221e-07,0.000345334986250752
41002.1285781671,-4.74524332915639e-07,1.96667913292206e-05,-4.57451344537624e-08,-0.000111547174227657,-2.47999155603837e-08,-6.04728407985745e-05,-3.41943124110315e-07,0.000342956537492689
41286.4844252437,-4.6801047530721e-07,1.95313642645035e-05,-4.5117210084567e-08,-0.000110778898161397,-2.44594949702366e-08,-6.00563373702694e-05,-3.37249167597678e-07,0.00034059446990633
41572.812322323,-4.61586032990357e-07,1.93968694112162e-05,-4.44979045078031e-08,-0.000110015913669292,-2.41237470084235e-08,-5.9642702638508e-05,-3.32619646310142e-07,0.000338248670670663
41861.1259458642,-4.55249778602315e-07,1.92633003596685e-05,-4.38870994358974e-08,-0.00010925818430291,-2.37926075441642e-08,-5.92319168438823e-05,-3.28053675731382e-07,0.000335919027741665
42151.4390671752,-4.49000501626807e-07,1.91306507440946e-05,-4.32846782043545e-08,-0.000108505673864923,-2.3466013326697e-08,-5.88239603631071e-05,-3.23550383486915e-07,0.000333605429846957
42443.7655530697,-4.42837008162848e-07,1.89989142423548e-05,-4.26905257494978e-08,-0.000107758346407376,-2.31439019732082e-08,-5.84188137080827e-05,-3.19108909177444e-07,0.000331307766480489
42738.1193665299,-4.36758120696702e-07,1.88680845756397e-05,-4.21045285865101e-08,-0.000107016166229963,-2.28262119569256e-08,-5.80164575249626e-05,-3.14728404214462e-07,0.000329025927897259
43034.5145673733,-4.3076267787699e-07,1.87381555081761e-05,-4.15265747877803e-08,-0.000106279097878327,-2.25128825953759e-08,-5.76168725932288e-05,-3.1040803165814e-07,0.000326759805108079
43332.9653129246,-4.24849534292859e-07,1.86091208469347e-05,-4.09565539615431e-08,-0.000105547106142362,-2.22038540388026e-08,-5.72200398247719e-05,-3.06146966057415e-07,0.000324509289874366
43633.4858586911,-4.19017560255224e-07,1.84809744413404e-05,-4.03943572308138e-08,-0.000104820156054528,-2.18990672587435e-08,-5.68259402629798e-05,-3.01944393292295e-07,0.000322274274702975
43936.0905590448,-4.13265641580978e-07,1.83537101829832e-05,-3.98398772126099e-08,-0.000104098212888179,-2.1598464036764e-08,-5.64345550818302e-05,-2.97799510418306e-07,0.000320054652841062
44240.7938679069,-4.07592679380196e-07,1.82273220053327e-05,-3.92930079974598e-08,-0.000103381242155907,-2.13019869533449e-08,-5.60458655849917e-05,-2.93711525513103e-07,0.000317850318270992
44547.6103394389,-4.01997589846234e-07,1.81018038834528e-05,-3.87536451291893e-08,-0.000102669209607886,-2.10095793769229e-08,-5.56598532049288e-05,-2.89679657525154e-07,0.000315661165705273
44856.5546287376,-3.96479304048725e-07,1.79771498337196e-05,-3.82216855849886e-08,-0.000101962081230242,-2.07211854530813e-08,-5.52764995020155e-05,-2.85703136124527e-07,0.000313487090581527
45167.641492535,-3.91036767729398e-07,1.78533539135405e-05,-3.76970277557493e-08,-0.000101259823243422,-2.04367500938886e-08,-5.48957861636526e-05,-2.81781201555711e-07,0.0003113279890575
45480.8857899031,-3.85668941100722e-07,1.77304102210752e-05,-3.71795714266736e-08,-0.000100562402100578,-2.01562189673835e-08,-5.45176950033936e-05,-2.77913104492466e-07,0.000309183758006099
45796.3024829641,-3.80374798647289e-07,1.76083128949586e-05,-3.66692177581472e-08,-9.98697844859686e-05,-1.98795384872039e-08,-5.41422079600737e-05,-2.74098105894654e-07,0.00030705429501047
46113.9066376045,-3.75153328929942e-07,1.74870561140261e-05,-3.61658692668758e-08,-9.91819373133609e-05,-1.96066558023584e-08,-5.37693070969479e-05,-2.7033547686705e-07,0.000304939498359107
46433.713424195,-3.70003534392573e-07,1.73666340970393e-05,-3.56694298072794e-08,-9.84988277244508e-05,-1.93375187871375e-08,-5.33989746008327e-05,-2.66624498520075e-07,0.000302839267040994
46755.7381183149,-3.64924431171593e-07,1.72470411024154e-05,-3.51798045531422e-08,-9.78204230872929e-05,-1.90720760311638e-08,-5.30311927812548e-05,-2.62964461832457e-07,0.000300753500740781
47079.9961014825,-3.59915048907992e-07,1.71282714279565e-05,-3.4696899979513e-08,-9.71466909947386e-05,-1.88102768295778e-08,-5.26659440696054e-05,-2.59354667515763e-07,0.000298682099833993
47406.5028618884,-3.54974430562004e-07,1.70103194105824e-05,-3.42206238448557e-08,-9.64775992628886e-05,-1.85520711733595e-08,-5.23032110183008e-05,-2.557944258808e-07,0.000296624965382274
47735.2739951367,-3.50101632230288e-07,1.68931794260636e-05,-3.37508851734418e-08,-9.58131159295528e-05,-1.82974097397807e-08,-5.19429762999475e-05,-2.52283056705845e-07,0.000294581999128661
48066.3252049891,-3.45295722965648e-07,1.67768458887577e-05,-3.32875942379872e-08,-9.51532092527239e-05,-1.80462438829909e-08,-5.1585222706515e-05,-2.48819889106687e-07,0.000292553103492893
48399.6723041153,-3.40555784599192e-07,1.66613132513461e-05,-3.28306625425241e-08,-9.44978477090582e-05,-1.77985256247295e-08,-5.12299331485122e-05,-2.45404261408445e-07,0.000290538181566748
48735.331214848,-3.3588091156497e-07,1.6546576004573e-05,-3.23800028055108e-08,-9.38469999923704e-05,-1.75542076451677e-08,-5.08770906541717e-05,-2.42035521019164e-07,0.000288537137109417
49073.317969944,-3.31270210726982e-07,1.64326286769869e-05,-3.19355289431696e-08,-9.32006350121354e-05,-1.73132432738743e-08,-5.05266783686373e-05,-2.38713024305117e-07,0.00028654987454291
49413.6487133493,-3.26722801208587e-07,1.63194658346822e-05,-3.14971560530571e-08,-9.25587218920038e-05,-1.70755864809062e-08,-5.01786795531595e-05,-2.35436136467852e-07,0.000284576298947487
49756.3397009709,-3.22237814224234e-07,1.62070820810439e-05,-3.10648003978556e-08,-9.19212299683242e-05,-1.6841191868021e-08,-4.98330775842943e-05,-2.32204231422898e-07,0.000282616316057128
50101.4073014524,-3.17814392913523e-07,1.60954720564939e-05,-3.06383793893904e-08,-9.12881287886788e-05,-1.66100146600101e-08,-4.94898559531099e-05,-2.29016691680156e-07,0.000280669832255032
50448.8679969571,-3.13451692177515e-07,1.59846304382377e-05,-3.02178115728634e-08,-9.06593881104267e-05,-1.63820106961503e-08,-4.91489982643963e-05,-2.25872908225915e-07,0.000278736754569143
50798.7383839539,-3.09148878517319e-07,1.58745519400146e-05,-2.9803016611305e-08,-9.00349778992592e-05,-1.6157136421773e-08,-4.88104882358829e-05,-2.2277228040651e-07,0.000276816990667711
51151.0351740109,-3.04905129874867e-07,1.57652313118481e-05,-2.93939152702377e-08,-8.94148683277632e-05,-1.59353488799489e-08,-4.84743096974591e-05,-2.19714215813549e-07,0.000274910448854887
51505.7751945938,-3.00719635475893e-07,1.56566633397987e-05,-2.89904294025505e-08,-8.87990297739961e-05,-1.57166057032866e-08,-4.81404465904023e-05,-2.16698130170737e-07,0.000273017038066335
51862.9753898685,-2.96591595675062e-07,1.55488428457185e-05,-2.85924819335817e-08,-8.81874328200697e-05,-1.55008651058442e-08,-4.78088829666101e-05,-2.13723447222251e-07,0.000271136667864892
52222.6528215118,-2.92520221803213e-07,1.54417646870066e-05,-2.81999968464037e-08,-8.75800482507439e-05,-1.52880858751507e-08,-4.74796029878378e-05,-2.10789598622632e-07,0.000269269248436243
52584.8246695256,-2.88504736016721e-07,1.53354237563672e-05,-2.78128991673127e-08,-8.69768470520305e-05,-1.50782273643385e-08,-4.71525909249419e-05,-2.07896023828207e-07,0.000267414690584635
52949.5082330576,-2.84544371148898e-07,1.52298149815682e-05,-2.74311149515144e-08,-8.63778004098061e-05,-1.48712494843819e-08,-4.68278311571278e-05,-2.05042169989991e-07,0.000265572905728615
53316.7209312277,-2.80638370563461e-07,1.51249333252027e-05,-2.70545712690091e-08,-8.57828797084352e-05,-1.46671126964435e-08,-4.65053081712036e-05,-2.02227491848063e-07,0.000263743805896803
53686.4803039601,-2.7678598800999e-07,1.50207737844507e-05,-2.66831961906668e-08,-8.51920565294019e-05,-1.44657780043251e-08,-4.61850065608384e-05,-1.99451451627387e-07,0.000261927303723684
54058.8040128205,-2.72986487481383e-07,1.49173313908436e-05,-2.63169187744967e-08,-8.46053026499525e-05,-1.42672069470217e-08,-4.58669110258265e-05,-1.96713518935072e-07,0.000260123312445445
54433.709841861,-2.69239143073257e-07,1.48146012100294e-05,-2.59556690521024e-08,-8.40225900417451e-05,-1.40713615913784e-08,-4.55510063713553e-05,-1.94013170659031e-07,0.000258331745895821
54811.215698468,-2.65543238845289e-07,1.47125783415403e-05,-2.55993780153246e-08,-8.34438908695117e-05,-1.38782045248474e-08,-4.523727750728e-05,-1.91349890868042e-07,0.000256552518501991
55191.3396142186,-2.61898068684448e-07,1.46112579185607e-05,-2.52479776030652e-08,-8.28691774897262e-05,-1.36876988483446e-08,-4.49257094474017e-05,-1.88723170713172e-07,0.00025478554528048
55574.0997457415,-2.58302936170117e-07,1.45106351076983e-05,-2.49014006882942e-08,-8.22984224492846e-05,-1.34998081692041e-08,-4.46162873087517e-05,-1.86132508330562e-07,0.00025303074183311
55959.5143755845,-2.54757154441054e-07,1.44107051087551e-05,-2.45595810652332e-08,-8.17315984841914e-05,-1.33144965942295e-08,-4.43089963108797e-05,-1.83577408745536e-07,0.000251288024342961
56347.6019130871,-2.51260046064189e-07,1.43114631545012e-05,-2.4222453436715e-08,-8.11686785182579e-05,-1.31317287228403e-08,-4.40038217751482e-05,-1.8105738377804e-07,0.000249557309570377
56738.380895261,-2.4781094290521e-07,1.42129045104495e-05,-2.3889953401717e-08,-8.06096356618072e-05,-1.29514696403121e-08,-4.37007491240301e-05,-1.78571951949368e-07,0.00024783851484898
57131.8699876742,-2.44409186000941e-07,1.41150244746322e-05,-2.35620174430654e-08,-8.00544432103896e-05,-1.27736849111104e-08,-4.33997638804128e-05,-1.76120638390171e-07,0.000246131558081733
57528.0879853436,-2.41054125433452e-07,1.40178183773782e-05,-2.32385829153073e-08,-7.95030746435058e-05,-1.25983405723146e-08,-4.31008516669056e-05,-1.73702974749731e-07,0.00024443635773701
57927.053813632,-2.37745120205917e-07,1.3921281581093e-05,-2.29195880327506e-08,-7.89555036233399e-05,-1.24254031271334e-08,-4.28039982051534e-05,-1.71318499106481e-07,0.000242752832844709
58328.7865291527,-2.34481538120158e-07,1.38254094800393e-05,-2.26049718576662e-08,-7.84117039935002e-05,-1.2254839538508e-08,-4.25091893151537e-05,-1.68966755879747e-07,0.000241080902992378
58733.3053206791,-2.31262755655883e-07,1.37301975001193e-05,-2.2294674288654e-08,-7.78716497777698e-05,-1.20866172228041e-08,-4.22164109145795e-05,-1.66647295742712e-07,0.000239420488321383
59140.6295100621,-2.28088157851569e-07,1.36356410986584e-05,-2.19886360491658e-08,-7.73353151788641e-05,-1.19207040435897e-08,-4.19256490181056e-05,-1.64359675536562e-07,0.000237771509523087
59550.7785531519,-2.24957138186996e-07,1.35417357641904e-05,-2.1686798676189e-08,-7.68026745771992e-05,-1.17570683054985e-08,-4.16368897367413e-05,-1.62103458185824e-07,0.000236133887835066
59963.7720407286,-2.21869098467374e-07,1.34484770162445e-05,-2.13891045090819e-08,-7.62737025296662e-05,-1.15956787481775e-08,-4.13501192771654e-05,-1.59878212614851e-07,0.000234507545037345
60379.6296994364,-2.18823448709076e-07,1.33558604051331e-05,-2.10954966785655e-08,-7.57483737684165e-05,-1.14365045403177e-08,-4.10653239410684e-05,-1.57683513665473e-07,0.000232892403448665
60798.3713927276,-2.1581960702693e-07,1.32638815117411e-05,-2.08059190958632e-08,-7.52266631996529e-05,-1.12795152737666e-08,-4.07824901244966e-05,-1.55518942015755e-07,0.00023128838592277
61220.0171218097,-2.12856999523064e-07,1.31725359473177e-05,-2.05203164419922e-08,-7.47085459024321e-05,-1.11246809577211e-08,-4.05016043172032e-05,-1.53384084099891e-07,0.000229695415844727
61644.5870266023,-2.09935060177269e-07,1.30818193532678e-05,-2.02386341571999e-08,-7.41939971274717e-05,-1.09719720130008e-08,-4.02226531020016e-05,-1.51278532029185e-07,0.000228113417127259
62072.1013866976,-2.07053230738876e-07,1.29917274009462e-05,-1.9960818430546e-08,-7.36829922959694e-05,-1.08213592663993e-08,-3.99456231541251e-05,-1.49201883514123e-07,0.000226542314207123
62502.5806223305,-2.04210960620109e-07,1.29022557914529e-05,-1.9686816189627e-08,-7.31755069984268e-05,-1.06728139451129e-08,-3.96705012405897e-05,-1.47153741787507e-07,0.000224982032041487
62936.0452953524,-2.01407706790906e-07,1.28134002554293e-05,-1.94165750904427e-08,-7.26715169934842e-05,-1.05263076712466e-08,-3.9397274219562e-05,-1.4513371552866e-07,0.00022343249610436
63372.5161102152,-1.9864293367518e-07,1.27251565528563e-05,-1.91500435074002e-08,-7.21709982067609e-05,-1.03818124563941e-08,-3.91259290397307e-05,-1.43141418788647e-07,0.00022189363238302
63812.0139149584,-1.95916113048512e-07,1.26375204728535e-05,-1.88871705234564e-08,-7.16739267297062e-05,-1.02393006962936e-08,-3.88564527396839e-05,-1.4117647091655e-07,0.000220365367374489
64254.5597022062,-1.93226723937233e-07,1.25504878334799e-05,-1.86279059203943e-08,-7.11802788184552e-05,-1.00987451655555e-08,-3.85888324472886e-05,-1.3923849648673e-07,0.000218847628082017
64700.1746101695,-1.90574252518911e-07,1.24640544815356e-05,-1.83722001692347e-08,-7.06900308926957e-05,-9.96011901246386e-09,-3.83230553790766e-05,-1.37327125227108e-07,0.000217340342011598
65148.8799236562,-1.87958192024182e-07,1.23782162923656e-05,-1.8120004420777e-08,-7.02031595345401e-05,-9.82339575384782e-09,-3.80591088396329e-05,-1.35441991948415e-07,0.000215843437168507
65600.697075087,-1.85378042639951e-07,1.22929691696641e-05,-1.78712704962719e-08,-6.97196414874075e-05,-9.68854927002454e-09,-3.77969802209895e-05,-1.33582736474422e-07,0.000214356842053861
66055.6476455202,-1.82833311413898e-07,1.22083090452802e-05,-1.76259508782201e-08,-6.92394536549111e-05,-9.5555537998105e-09,-3.75366570020228e-05,-1.31749003573126e-07,0.000212880485661204
66513.7533656814,-1.80323512160317e-07,1.21242318790258e-05,-1.73839987012996e-08,-6.87625730997559e-05,-9.42438393560221e-09,-3.72781267478555e-05,-1.29940442888879e-07,0.000211414297473118
66975.0361170023,-1.77848165367229e-07,1.20407336584837e-05,-1.71453677434148e-08,-6.8288977042641e-05,-9.29501461852352e-09,-3.70213771092618e-05,-1.28156708875449e-07,0.000209958207457853
67439.5179326655,-1.75406798104784e-07,1.19578103988177e-05,-1.69100124168704e-08,-6.78186428611728e-05,-9.16742113364026e-09,-3.67663958220782e-05,-1.2639746073e-07,0.000208512146065982
67907.2209986571,-1.72998943934908e-07,1.18754581425835e-05,-1.66778877596655e-08,-6.73515480887827e-05,-9.04157910523988e-09,-3.65131707066167e-05,-1.24662362327982e-07,0.000207076044227081
68378.167654826,-1.70624142822201e-07,1.17936729595414e-05,-1.64489494269073e-08,-6.68876704136541e-05,-8.91746449217647e-09,-3.62616896670834e-05,-1.22951082158907e-07,0.000205649833346428
68852.3803959518,-1.68281941046051e-07,1.17124509464699e-05,-1.62231536823424e-08,-6.6426987677656e-05,-8.79505358327897e-09,-3.6011940691e-05,-1.21263293263014e-07,0.00020423344530173
69329.8818728181,-1.65971891113957e-07,1.16317882269805e-05,-1.60004573900051e-08,-6.59694778752845e-05,-8.67432299282317e-09,-3.57639118486304e-05,-1.19598673168801e-07,0.000202826812439866
69810.6948932956,-1.63693551676036e-07,1.15516809513342e-05,-1.57808180059785e-08,-6.55151191526109e-05,-8.55524965606496e-09,-3.55175912924102e-05,-1.17956903831408e-07,0.000201429867573657
70294.8424234306,-1.61446487440717e-07,1.14721252962589e-05,-1.5564193570271e-08,-6.5063889806238e-05,-8.43781082483573e-09,-3.52729672563807e-05,-1.16337671571861e-07,0.00020004254397866
70782.3475885425,-1.59230269091576e-07,1.13931174647676e-05,-1.5350542698802e-08,-6.4615768282262e-05,-8.32198406319741e-09,-3.50300280556271e-05,-1.14740667017132e-07,0.000198664775389975
71273.2336743282,-1.57044473205324e-07,1.13146536859792e-05,-1.51398245754996e-08,-6.41707331752438e-05,-8.20774724315783e-09,-3.47887620857194e-05,-1.13165585041039e-07,0.000197296495999087
71767.5241279742,-1.54888682170913e-07,1.1236730214939e-05,-1.49319989445044e-08,-6.37287632271855e-05,-8.09507854044421e-09,-3.45491578221589e-05,-1.1161212470594e-07,0.000195937640450718
72265.2425592773,-1.52762484109757e-07,1.11593433324409e-05,-1.47270261024824e-08,-6.32898373265144e-05,-7.98395643033517e-09,-3.43112038198266e-05,-1.10079989205242e-07,0.000194588143839707
72766.4127417709,-1.5066547279705e-07,1.1082489344852e-05,-1.45248668910427e-08,-6.28539345070752e-05,-7.87435968354972e-09,-3.4074888712437e-05,-1.08568885806693e-07,0.000193247941707913
73271.058613862,-1.48597247584154e-07,1.10061645839358e-05,-1.43254826892581e-08,-6.24210339471269e-05,-7.76626736219249e-09,-3.38402012119948e-05,-1.0707852579645e-07,0.00019191697004113
73779.2042799737,-1.46557413322067e-07,1.09303654066798e-05,-1.412883540629e-08,-6.19911149683491e-05,-7.65965881575497e-09,-3.36071301082556e-05,-1.05608624423919e-07,0.000190595165266036
74290.8740116972,-1.44545580285923e-07,1.08550881951212e-05,-1.39348874741132e-08,-6.15641570348531e-05,-7.55451367717114e-09,-3.33756642681899e-05,-1.04158900847352e-07,0.000189282464247154
74806.0922489501,-1.4256136410055e-07,1.07803293561762e-05,-1.37436018403417e-08,-6.11401397522011e-05,-7.4508118589278e-09,-3.31457926354521e-05,-1.02729078080188e-07,0.000187978804283835
75324.8836011454,-1.40604385667029e-07,1.07060853214688e-05,-1.35549419611514e-08,-6.07190428664314e-05,-7.34853354922762e-09,-3.2917504229851e-05,-1.01318882938132e-07,0.000186684123107266
75847.2728483651,-1.38674271090276e-07,1.06323525471619e-05,-1.33688717943015e-08,-6.03008462630912e-05,-7.24765920820542e-09,-3.26907881468262e-05,-9.9928045986963e-08,0.000185398358877495
76373.2849425456,-1.36770651607606e-07,1.05591275137889e-05,-1.31853557922504e-08,-5.98855299662746e-05,-7.14816956419597e-09,-3.24656335569265e-05,-9.85563014910515e-08,0.000184121450180478
76902.9450086679,-1.34893163518294e-07,1.04864067260865e-05,-1.30043588953668e-08,-5.94730741376694e-05,-7.05004561005326e-09,-3.2242029705293e-05,-9.72033873625931e-08,0.000182853336025143
77436.2783459591,-1.33041448114082e-07,1.04141867128288e-05,-1.28258465252337e-08,-5.90634590756078e-05,-6.95326859951998e-09,-3.20199659111443e-05,-9.58690451115303e-08,0.00018159395584048
77973.3104290997,-1.31215151610656e-07,1.03424640266626e-05,-1.26497845780442e-08,-5.86566652141261e-05,-6.85782004364722e-09,-3.17994315672675e-05,-9.45530197961683e-08,0.00018034324947265
78514.0669094413,-1.29413925080055e-07,1.02712352439437e-05,-1.2476139418088e-08,-5.82526731220294e-05,-6.76368170726287e-09,-3.15804161395102e-05,-9.32550599744635e-08,0.000179101157182105
79058.5736162311,-1.27637424384015e-07,1.02004969645742e-05,-1.23048778713272e-08,-5.78514635019632e-05,-6.67083560548881e-09,-3.1362909166278e-05,-9.19749176559855e-08,0.000177867619640741
79606.8565578463,-1.25885310108219e-07,1.01302458118408e-05,-1.21359672190606e-08,-5.74530171894915e-05,-6.57926400030568e-09,-3.11469002580342e-05,-9.07123482545335e-08,0.000176642577929062
80158.9419230357,-1.24157247497455e-07,1.00604784322552e-05,-1.19693751916741e-08,-5.70573151521811e-05,-6.48894939716494e-09,-3.09323790968037e-05,-8.94671105414088e-08,0.000175425973533365
80714.8560821713,-1.22452906391664e-07,9.99119149539367e-06,-1.18050699624777e-08,-5.66643384886919e-05,-6.39987454164724e-09,-3.07193354356797e-05,-8.82389665993221e-08,0.000174217748342949
81274.6255885071,-1.20771961162866e-07,9.92238169373991e-06,-1.16430201416271e-08,-5.62740684278746e-05,-6.31202241616686e-09,-3.05077590983348e-05,-8.70276817769407e-08,0.000173017844647334
81838.2771794484,-1.19114090652946e-07,9.85404574252721e-06,-1.14831947701273e-08,-5.58864863278729e-05,-6.22537623672118e-09,-3.02976399785338e-05,-8.58330246440528e-08,0.00017182620513351
82405.8377778279,-1.17478978112302e-07,9.78618037958274e-06,-1.13255633139209e-08,-5.55015736752336e-05,-6.13991944968489e-09,-3.00889680396518e-05,-8.46547669473536e-08,0.000170642772883196
82977.3344931927,-1.15866311139331e-07,9.71878236517235e-06,-1.11700956580547e-08,-5.51193120840213e-05,-6.05563572864804e-09,-2.9881733314194e-05,-8.34926835668319e-08,0.000169467491370122
83552.7946230977,-1.14275781620746e-07,9.65184848184677e-06,-1.10167621009291e-08,-5.47396832949408e-05,-5.97250897129771e-09,-2.96759259033199e-05,-8.2346552472762e-08,0.000168300304457333
84132.2456544116,-1.1270708567271e-07,9.58537553428859e-06,-1.08655333486241e-08,-5.43626691744641e-05,-5.89052329634216e-09,-2.94715359763702e-05,-8.12161546832798e-08,0.0001671411563945
84715.7152646274,-1.11159923582783e-07,9.51936034916051e-06,-1.07163805093047e-08,-5.3988251713964e-05,-5.80966304047756e-09,-2.92685537703973e-05,-8.01012742225464e-08,0.000165989991815266
85303.2313231867,-1.09633999752663e-07,9.45379977495442e-06,-1.0569275087702e-08,-5.36164130288542e-05,-5.72991275539591e-09,-2.90669695896984e-05,-7.90016980794821e-08,0.000164846755734596
85894.8218928089,-1.08129022641711e-07,9.38869068184168e-06,-1.04241889796714e-08,-5.32471353577342e-05,-5.65125720483448e-09,-2.8866773805353e-05,-7.791721616707e-08,0.000163711393546152
86490.5152308334,-1.06644704711256e-07,9.32402996152427e-06,-1.02810944668236e-08,-5.2880401061541e-05,-5.57368136166531e-09,-2.86679568547619e-05,-7.68476212822147e-08,0.000162583851019686
87090.3397905676,-1.05180762369657e-07,9.25981452708712e-06,-1.01399642112308e-08,-5.25161926227067e-05,-5.49717040502503e-09,-2.84705092411914e-05,-7.57927090661565e-08,0.000161464074298448
87694.3242226474,-1.0373691591813e-07,9.19604131285122e-06,-1.00007712502052e-08,-5.21544926443207e-05,-5.42170971748369e-09,-2.8274421533319e-05,-7.47522779654243e-08,0.000160352009896616
88302.4973764047,-1.02312889497306e-07,9.13270727422803e-06,-9.86348899114836e-09,-5.17952838492993e-05,-5.34728488225284e-09,-2.80796843647826e-05,-7.37261291933289e-08,0.000159247604696738
88914.8883012464,-1.00908411034533e-07,9.06980938757455e-06,-9.72809120647248e-09,-5.14385490795599e-05,-5.27388168043155e-09,-2.78862884337336e-05,-7.27140666919802e-08,0.0001581508059472
89531.5262480405,-9.95232121918962e-08,9.0073446500497e-06,-9.59455202859032e-09,-5.10842712952016e-05,-5.20148608829049e-09,-2.76942245023921e-05,-7.17158970948315e-08,0.000157061561259703
90152.440670515,-9.81570283149514e-08,8.94531007947138e-06,-9.46284594497441e-09,-5.07324335736903e-05,-5.13008427459311e-09,-2.75034833966058e-05,-7.07314296897315e-08,0.000155979818606758
90777.661226663,-9.68095983821651e-08,8.88370271417478e-06,-9.33294779328402e-09,-5.03830191090512e-05,-5.05966259795378e-09,-2.73140560054114e-05,-6.97604763824897e-08,0.000154905526319209
91407.217780161,-9.54806649550443e-08,8.8225196128714e-06,-9.20483275655872e-09,-5.0036011211065e-05,-4.99020760423184e-09,-2.71259332805996e-05,-6.88028516609366e-08,0.000153838633083757
92041.1404017939,-9.41699741289562e-08,8.76175785450929e-06,-9.07847635847828e-09,-4.96913933044713e-05,-4.92170602396187e-09,-2.69391062362828e-05,-6.78583725594819e-08,0.000152779087940516
92679.4593708925,-9.28772754846173e-08,8.70141453813397e-06,-8.95385445868721e-09,-4.9349148928176e-05,-4.85414476981878e-09,-2.67535659484655e-05,-6.6926858624155e-08,0.000151726840280572
93322.2051767786,-9.16023220402539e-08,8.64148678275058e-06,-8.83094324818397e-09,-4.90092617344654e-05,-4.78751093411806e-09,-2.65693035546186e-05,-6.60081318781292e-08,0.000150681839843574
93969.4085202226,-9.03448702044133e-08,8.58197172718668e-06,-8.70971924477281e-09,-4.86717154882246e-05,-4.72179178635e-09,-2.63863102532551e-05,-6.51020167877155e-08,0.000149644036715324
94621.1003149089,-8.91046797294291e-08,8.52286652995629e-06,-8.59015928857862e-09,-4.83364940661626e-05,-4.65697477074805e-09,-2.62045773035105e-05,-6.42083402288272e-08,0.000148613381325403
95277.3116889132,-8.78815136655192e-08,8.46416836912457e-06,-8.47224053762293e-09,-4.80035814560414e-05,-4.59304750389031e-09,-2.60240960247246e-05,-6.33269314539004e-08,0.000147589824444794
95938.0739861886,-8.66751383155186e-08,8.40587444217367e-06,-8.3559404634609e-09,-4.76729617559113e-05,-4.52999777233412e-09,-2.58448577960271e-05,-6.24576220592731e-08,0.000146573317183537
96603.4187680637,-8.54853231902302e-08,8.34798196586928e-06,-8.24123684687778e-09,-4.73446191733508e-05,-4.46781353028296e-09,-2.56668540559257e-05,-6.16002459530077e-08,0.000145563810988393
97273.3778147489,-8.43118409643916e-08,8.29048817612829e-06,-8.12810777364512e-09,-4.7018538024713e-05,-4.40648289728551e-09,-2.54900763018969e-05,-6.07546393231598e-08,0.000144561257640521
97947.983126856,-8.31544674332423e-08,8.23339032788718e-06,-8.01653163033429e-09,-4.66947027343752e-05,-4.34599415596612e-09,-2.53145160899801e-05,-5.99206406064776e-08,0.00014356560925318
98627.2669269249,-8.20129814696917e-08,8.17668569497145e-06,-7.9064871001884e-09,-4.63730978339956e-05,-4.28633574978661e-09,-2.51401650343741e-05,-5.9098090457536e-08,0.000142576818269439
99311.2616609643,-8.08871649820702e-08,8.12037156996582e-06,-7.79795315905005e-09,-4.60537079617739e-05,-4.22749628083864e-09,-2.4967014807036e-05,-5.82868317182899e-08,0.000141594837459907
100000,-7.97768028724656e-08,8.06444526408546e-06,-7.69090907134568e-09,-4.57365178617177e-05,-4.16946450766651e-09,-2.47950571372845e-05,-5.7486709388049e-08,0.000140619619920474
