Frequency_Hz,Y11_Real,Y11_Imag,Y12_Real,Y12_Imag,Y21_Real,Y21_Imag,Y22_Real,Y22_Imag
0.1,0.584697309479939,-0.00641073659288338,-0.217361318768505,0.000128419028301807,-0.0273555207649614,0.000128326449267704,-0.778548547668,2.16161495396328e-06
0.100693514841637,0.58469673777373,-0.00645521957415524,-0.217361414758437,0.000129312723119321,-0.027355536092627,0.00012921820691406,-0.778549883735246,2.24269451051112e-06
0.10139183931163,0.584696158047486,-0.00650001154101388,-0.217361512080382,0.000130212680340044,-0.0273555516306373,0.000130116186462563,-0.778551238311715,2.32571684233296e-06
0.102095006765465,0.584695570187832,-0.00654511464642449,-0.217361610752766,0.000131118944737682,-0.0273555673818364,0.000131020431841311,-0.778552611652604,2.41072420079091e-06
0.102803050789954,0.584694974079767,-0.0065905310584898,-0.217361710794271,0.000132031561424304,-0.0273555833491059,0.000131930987299154,-0.778554004016594,2.49775972828437e-06
0.103516005204838,0.584694369606639,-0.0066362629605592,-0.217361812223835,0.000132950575853266,-0.0273555995353648,0.000132847897408242,-0.778555415665897,2.58686747652698e-06
0.104233904064403,0.584693756650123,-0.00668231255133872,-0.217361915060656,0.00013387603382215,-0.0273556159435707,0.000133771207066605,-0.778556846866304,2.67809242564254e-06
0.104956781659108,0.584693135090192,-0.00672868204500183,-0.217362019324195,0.000134807981475764,-0.0273556325767194,0.000134700961500759,-0.778558297887232,2.77148050337878e-06
0.105684672517218,0.584692504805095,-0.00677537367130104,-0.217362125034182,0.000135746465309149,-0.0273556494378461,0.000135637206268332,-0.77855976900177,2.86707860487623e-06
0.106417611406461,0.584691865671332,-0.00682238967568056,-0.217362232210617,0.000136691532170629,-0.0273556665300254,0.000136579987260718,-0.778561260486735,2.9649346126176e-06
0.10715563333568,0.584691217563626,-0.00686973231938947,-0.217362340873775,0.0001376432292649,-0.0273556838563722,0.000137529350705758,-0.778562772622713,3.0650974171334e-06
0.107898773556513,0.584690560354897,-0.00691740387959617,-0.217362451044211,0.000138601604156152,-0.0273557014200416,0.000138485343170445,-0.778564305694116,3.16761693781864e-06
0.108647067565072,0.584689893916238,-0.0069654066495034,-0.217362562742758,0.00013956670477121,-0.02735571922423,0.000139448011563654,-0.77856585998923,3.27254414432543e-06
0.109400551103639,0.584689218116884,-0.0070137429384643,-0.21736267599054,0.000140538579402733,-0.0273557372721752,0.000140417403138904,-0.778567435800266,3.37993107836498e-06
0.110159260162376,0.584688532824186,-0.00706241507209938,-0.217362790808968,0.000141517276712433,-0.0273557555671572,0.000141393565497138,-0.778569033423414,3.48983087591209e-06
0.11092323098104,0.584687837903585,-0.00711142539241425,-0.217362907219747,0.000142502845734341,-0.0273557741124981,0.00014237654658954,-0.778570653158896,3.60229779004101e-06
0.111692500050717,0.584687133218581,-0.00716077625791847,-0.21736302524488,0.000143495335878102,-0.0273557929115633,0.000143366394720372,-0.778572295311016,3.71738721394871e-06
0.112467104115564,0.584686418630705,-0.00721047004374513,-0.217363144906673,0.000144494796932302,-0.0273558119677619,0.000144363158549844,-0.77857396018822,3.83515570472059e-06
0.113247080174565,0.584685693999491,-0.00726050914177155,-0.217363266227736,0.000145501279067854,-0.0273558312845467,0.000145366887097008,-0.778575648103148,3.95566100734601e-06
0.114032465483296,0.584684959182442,-0.00731089596074063,-0.217363389230991,0.000146514832841403,-0.0273558508654152,0.000146377629742686,-0.778577359372686,4.07896207947622e-06
0.114823297555707,0.584684214035005,-0.00736163292638352,-0.217363513939672,0.000147535509198769,-0.02735587071391,0.000147395436232423,-0.77857909431803,4.20511911646687e-06
0.115619614165913,0.584683458410539,-0.00741272248154295,-0.217363640377333,0.000148563359478453,-0.0273558908336193,0.000148420356679465,-0.778580853264736,4.33419357700332e-06
0.116421453349997,0.58468269216028,-0.00746416708629765,-0.217363768567851,0.000149598435415151,-0.0273559112281775,0.000149452441567782,-0.778582636542782,4.46624820934355e-06
0.117228853407829,0.584681915133314,-0.00751596921808772,-0.217363898535428,0.000150640789143331,-0.0273559319012655,0.000150491741755102,-0.778584444486625,4.6013470779982e-06
0.118041852904894,0.584681127176544,-0.00756813137184096,-0.217364030304601,0.000151690473200851,-0.0273559528566115,0.000151538308475992,-0.778586277435259,4.73955559095879e-06
0.118860490674132,0.584680328134653,-0.00762065606010016,-0.217364163900239,0.000152747540532603,-0.0273559740979917,0.000152592193344956,-0.778588135732277,4.88094052752269e-06
0.1196848058178,0.584679517850077,-0.00767354581315156,-0.217364299347555,0.000153812044494214,-0.0273559956292304,0.000153653448359576,-0.778590019725933,5.0255700666732e-06
0.120514837709331,0.584678696162968,-0.00772680317915412,-0.217364436672104,0.000154884038855787,-0.0273560174542007,0.00015472212590368,-0.778591929769197,5.17351381600778e-06
0.12135062599522,0.584677862911158,-0.00778043072426978,-0.217364575899793,0.000155963577805683,-0.0273560395768253,0.000155798278750537,-0.778593866219825,5.32484284134632e-06
0.122192210596917,0.584677017930128,-0.00783443103279499,-0.217364717056884,0.00015705071595435,-0.0273560620010769,0.000156881960066095,-0.778595829440416,5.47962969676269e-06
0.123039631712731,0.584676161052972,-0.00788880670729305,-0.217364860169994,0.000158145508338199,-0.0273560847309787,0.000157973223412242,-0.77859781979848,5.63794845549748e-06
0.123892929819754,0.584675292110357,-0.00794356036872754,-0.21736500526611,0.000159248010423517,-0.027356107770605,0.00015907212275011,-0.7785998376665,5.79987474127325e-06
0.124752145675793,0.584674410930493,-0.0079986946565969,-0.217365152372582,0.000160358278110435,-0.0273561311240819,0.000160178712443403,-0.778601883421997,5.96548576026201e-06
0.125617320321316,0.584673517339088,-0.00805421222906986,-0.217365301517139,0.000161476367736949,-0.0273561547955879,0.000161293047261765,-0.778603957447598,6.13486033394089e-06
0.126488495081411,0.584672611159318,-0.00811011576312233,-0.217365452727885,0.00016260233608297,-0.0273561787893542,0.000162415182384186,-0.778606060131102,6.30807893221841e-06
0.127365711567764,0.584671692211785,-0.00816640795467482,-0.21736560603331,0.000163736240374446,-0.0273562031096656,0.000163545173402434,-0.778608191865547,6.48522370769178e-06
0.128249011680643,0.584670760314477,-0.00822309151873139,-0.217365761462292,0.000164878138287504,-0.0273562277608609,0.000164683076324527,-0.778610353049279,6.66637853020263e-06
0.129138437610901,0.584669815282733,-0.00828016918951971,-0.217365919044105,0.000166028087952679,-0.0273562527473337,0.00016582894757825,-0.778612544086024,6.8516290223225e-06
0.130034031841991,0.584668856929195,-0.00833764372063175,-0.217366078808421,0.000167186147959161,-0.0273562780735327,0.000166982844014693,-0.778614765384953,7.04106259553222e-06
0.130935837151994,0.584667885063777,-0.0083955178851662,-0.217366240785316,0.000168352377359114,-0.0273563037439626,0.000168144822911831,-0.778617017360757,7.23476848701193e-06
0.131843896615665,0.584666899493615,-0.00845379447587164,-0.21736640500528,0.000169526835672035,-0.0273563297631846,0.000169314941978156,-0.778619300433718,7.43283779734705e-06
0.132758253606487,0.584665900023031,-0.00851247630529087,-0.217366571499215,0.000170709582889176,-0.0273563561358171,0.000170493259356322,-0.778621615029781,7.63536352894889e-06
0.133678951798747,0.584664886453486,-0.00857156620590665,-0.217366740298447,0.000171900679478023,-0.0273563828665361,0.000171679833626854,-0.77862396158063,7.84244062512068e-06
0.134606035169616,0.584663858583537,-0.0086310670302883,-0.217366911434727,0.000173100186386805,-0.0273564099600759,0.000172874723811875,-0.778626340523758,8.05416601014353e-06
0.135539548001256,0.584662816208797,-0.00869098165123959,-0.217367084940241,0.0001743081650491,-0.02735643742123,0.000174077989378886,-0.77862875230255,8.27063862996608e-06
0.136479534882933,0.584661759121886,-0.00875131296194778,-0.21736726084761,0.000175524677388449,-0.0273564652548513,0.000175289690244578,-0.778631197366349,8.49195949383791e-06
0.137426040713143,0.584660687112383,-0.00881206387613409,-0.217367439189903,0.000176749785823074,-0.0273564934658531,0.000176509886778696,-0.778633676170544,8.71823171679637e-06
0.138379110701763,0.584659599966787,-0.00887323732820493,-0.217367620000638,0.00017798355327063,-0.0273565220592096,0.000177738639807932,-0.77863618917664,8.94956056289586e-06
0.139338790372205,0.584658497468465,-0.0089348362734047,-0.217367803313788,0.000179226043153008,-0.0273565510399565,0.000178976010619862,-0.778638736852342,9.18605348942253e-06
0.140305125563594,0.584657379397602,-0.00899686368796967,-0.217367989163789,0.000180477319401223,-0.0273565804131915,0.000180222060966935,-0.778641319671633,9.42782019203864e-06
0.141278162432955,0.584656245531159,-0.00905932256928323,-0.217368177585547,0.000181737446460345,-0.0273566101840754,0.000181476853070495,-0.778643938114855,9.67497265064871e-06
0.14225794745742,0.584655095642817,-0.00912221593603209,-0.21736836861444,0.000183006489294495,-0.0273566403578323,0.000182740449624848,-0.778646592668791,9.92762517640355e-06
0.143244527436446,0.58465392950293,-0.0091855468283641,-0.217368562286329,0.000184284513391914,-0.0273566709397505,0.000184012913801376,-0.778649283826749,1.0185894459544e-05
0.14423794949405,0.584652746878473,-0.00924931830804706,-0.217368758637561,0.000185571584770079,-0.027356701935183,0.000185294309252697,-0.778652012088645,1.04498996181535e-05
0.145238261081064,0.58465154753299,-0.00931353345862908,-0.217368957704978,0.000186867769980901,-0.0273567333495485,0.000186584700116866,-0.778654777961087,1.07197622481181e-05
0.146245509977397,0.58465033122654,-0.00937819538559982,-0.217369159525922,0.00018817313611598,-0.0273567651883315,0.00018788415102162,-0.778657581957463,1.09956064738223e-05
0.147259744294318,0.584649097715649,-0.00944330721655362,-0.217369364138241,0.000189487750811923,-0.0273567974570834,0.000189192727088684,-0.778660424598027,1.12775589999822e-05
0.148281012476756,0.584647846753245,-0.00950887210135334,-0.217369571580298,0.000190811682255744,-0.027356830161423,0.000190510493938102,-0.778663306409983,1.15657491646451e-05
0.149309363305612,0.584646578088612,-0.00957489321229588,-0.217369781890976,0.000192144999190318,-0.0273568633070374,0.000191837517692635,-0.778666227927582,1.18603089930142e-05
0.150344845900091,0.58464529146733,-0.00964137374427919,-0.217369995109685,0.000193487770919918,-0.0273568968996821,0.0001931738649822,-0.778669189692204,1.21613732525436e-05
0.151387509720044,0.584643986631216,-0.00970831691497,-0.21737021127637,0.000194840067315813,-0.0273569309451826,0.000194519602948352,-0.778672192252453,1.24690795090601e-05
0.152437404568337,0.584642663318269,-0.0097757259649737,-0.217370430431516,0.000196201958821945,-0.027356965449434,0.000195874799248833,-0.778675236164248,1.27835681840369e-05
0.153494580593225,0.584641321262607,-0.00984360415800502,-0.217370652616159,0.000197573516460676,-0.0273570004184024,0.000197239522062149,-0.778678321990916,1.31049826129839e-05
0.154559088290748,0.584639960194411,-0.00991195478106035,-0.217370877871887,0.000198954811838615,-0.0273570358581256,0.000198613840092219,-0.778681450303285,1.34334691050189e-05
0.155630978507143,0.584638579839859,-0.00998078114459139,-0.217371106240855,0.000200345917152514,-0.0273570717747133,0.000199997822573063,-0.778684621679782,1.37691770037696e-05
0.156710302441275,0.584637179921068,-0.0100500865826804,-0.217371337765786,0.000201746905195244,-0.0273571081743481,0.00020139153927355,-0.778687836706525,1.41122587491646e-05
0.15779711164708,0.584635760156029,-0.0101198744532164,-0.217371572489982,0.00020315784936185,-0.0273571450632861,0.000202795060502186,-0.778691095977423,1.44628699408414e-05
0.158891458036027,0.58463432025854,-0.0101901481380735,-0.217371810457329,0.000204578823655689,-0.0273571824478578,0.000204208457111984,-0.778694400094277,1.48211694026013e-05
0.159993393879601,0.584632859938146,-0.0102609110432898,-0.217372051712308,0.000206009902694635,-0.0273572203344683,0.000205631800505354,-0.77869774966687,1.51873192481347e-05
0.161102971811794,0.584631378900067,-0.010332166599249,-0.217372296300001,0.000207451161717396,-0.0273572587295985,0.000207065162639076,-0.778701145313079,1.55614849482316e-05
0.162220244831628,0.584629876845133,-0.010403918260862,-0.217372544266098,0.000208902676589864,-0.0273572976398055,0.000208508616029314,-0.778704587658969,1.59438353991848e-05
0.163345266305675,0.584628353469716,-0.0104761695077511,-0.217372795656905,0.000210364523811611,-0.0273573370717232,0.000209962233756697,-0.778708077338898,1.63345429925466e-05
0.164478089970617,0.584626808465656,-0.0105489238444356,-0.217373050519354,0.000211836780522418,-0.0273573770320632,0.000211426089471446,-0.778711614995622,1.67337836863429e-05
0.165618769935804,0.584625241520195,-0.010622184800518,-0.217373308901011,0.000213319524508929,-0.0273574175276155,0.000212900257398577,-0.778715201280397,1.71417370778554e-05
0.166767360685846,0.584623652315902,-0.010695955930873,-0.217373570850082,0.000214812834211363,-0.0273574585652489,0.000214384812343144,-0.77871883685309,1.75585864774508e-05
0.167923917083208,0.584622040530597,-0.0107702408158373,-0.217373836415423,0.000216316788730347,-0.0273575001519119,0.00021587982969556,-0.778722522382279,1.79845189842986e-05
0.169088494370839,0.584620405837281,-0.0108450430614008,-0.217374105646548,0.00021783146783381,-0.0273575422946334,0.000217385385436964,-0.778726258545369,1.84197255631985e-05
0.170261148174801,0.584618747904056,-0.0109203662994,-0.217374378593637,0.000219356951963992,-0.0273575850005232,0.000218901556144663,-0.778730046028698,1.88644011234612e-05
0.171441934506935,0.58461706639405,-0.0109962141877126,-0.217374655307548,0.000220893322244542,-0.0273576282767727,0.000220428418997631,-0.778733885527646,1.93187445987619e-05
0.172630909767531,0.584615360965336,-0.0110725904104539,-0.21737493583982,0.00022244066048771,-0.0273576721306557,0.000221966051782066,-0.778737777746752,1.97829590289911e-05
0.173828130748022,0.584613631270853,-0.011149498678174,-0.217375220242688,0.000223999049201624,-0.0273577165695291,0.000223514532897028,-0.778741723399821,2.02572516435351e-05
0.1750336546337,0.584611876958325,-0.0112269427280584,-0.217375508569086,0.000225568571597699,-0.0273577616008333,0.000225073941360124,-0.778745723210043,2.07418339462917e-05
0.176247539006444,0.584610097670178,-0.0113049263241281,-0.217375800872662,0.000227149311598114,-0.0273578072320929,0.000226644356813268,-0.778749777910107,2.1236921802309e-05
0.177469841847474,0.584608293043454,-0.0113834532574431,-0.217376097207782,0.000228741353843397,-0.0273578534709178,0.000228225859528519,-0.778753888242317,2.17427355262145e-05
0.178700621540116,0.584606462709727,-0.0114625273463064,-0.217376397629544,0.000230344783700133,-0.0273579003250032,0.00022981853041396,-0.778758054958708,2.22594999722547e-05
0.179939936872594,0.584604606295016,-0.0115421524364706,-0.217376702193782,0.000231959687268759,-0.0273579478021307,0.000231422451019678,-0.778762278821173,2.27874446262349e-05
0.181187847040838,0.584602723419694,-0.0116223324013456,-0.217377010957083,0.000233586151391469,-0.0273579959101686,0.000233037703543791,-0.778766560601572,2.3326803699264e-05
0.182444411651309,0.5846008136984,-0.0117030711422077,-0.217377323976787,0.000235224263660232,-0.0273580446570729,0.000234664370838558,-0.778770901081864,2.3877816223275e-05
0.183709690723849,0.584598876739946,-0.0117843725884117,-0.217377641311007,0.000236874112424921,-0.0273580940508876,0.000236302536416555,-0.778775301054221,2.44407261484197e-05
0.184983744694544,0.584596912147225,-0.0118662406976034,-0.217377963018631,0.000238535786801534,-0.0273581440997455,0.000237952284456929,-0.778779761321158,2.50157824424752e-05
0.186266634418617,0.584594919517113,-0.0119486794559345,-0.217378289159336,0.000240209376680582,-0.0273581948118687,0.000239613699811723,-0.778784282695656,2.5603239192179e-05
0.187558421173328,0.584592898440376,-0.0120316928782792,-0.217378619793595,0.000241894972735522,-0.0273582461955693,0.000241286868012278,-0.778788866001289,2.62033557063834e-05
0.188859166660905,0.584590848501568,-0.0121152850084526,-0.217378954982693,0.000243592666431354,-0.0273582982592499,0.000242971875275711,-0.778793512072351,2.68163966214707e-05
0.190168933011491,0.584588769278932,-0.0121994599194308,-0.217379294788731,0.000245302550033341,-0.0273583510114042,0.000244668808511469,-0.778798221753985,2.74426320087257e-05
0.191487782786108,0.584586660344303,-0.012284221713573,-0.21737963927464,0.000247024716615809,-0.0273584044606177,0.000246377755327962,-0.778802995902313,2.80823374837619e-05
0.192815778979652,0.584584521262994,-0.012369574522845,-0.21737998850419,0.000248759260071114,-0.0273584586155679,0.000248098804039275,-0.778807835384569,2.87357943181132e-05
0.194152985023894,0.584582351593703,-0.0124555225090451,-0.217380342542001,0.000250506275118717,-0.0273585134850255,0.000249832043671967,-0.77881274107923,2.94032895531704e-05
0.195499464790516,0.584580150888394,-0.0125420698640315,-0.217380701453556,0.000252265857314373,-0.027358569077854,0.000251577563971934,-0.778817713876151,3.00851161159077e-05
0.196855282594159,0.584577918692196,-0.0126292208099518,-0.217381065305209,0.000254038103059471,-0.0273586254030113,0.000253335455411381,-0.778822754676699,3.07815729374411e-05
0.198220503195496,0.58457565454329,-0.0127169795994743,-0.217381434164198,0.000255823109610494,-0.0273586824695494,0.000255105809195853,-0.778827864393889,3.14929650734458e-05
0.199595191804325,0.584573357972792,-0.0128053505160208,-0.217381808098655,0.000257620975088611,-0.027358740286615,0.000256888717271363,-0.778833043952527,3.22196038270578e-05
0.200979414082682,0.584571028504643,-0.0128943378740021,-0.217382187177617,0.000259431798489411,-0.0273587988634505,0.000258684272331611,-0.778838294289339,3.29618068742321e-05
0.202373236147981,0.58456866565549,-0.0129839460190549,-0.21738257147104,0.00026125567969276,-0.0273588582093941,0.000260492567825275,-0.778843616353123,3.37198983913073e-05
0.203776724576168,0.584566268934567,-0.0130741793282808,-0.217382961049808,0.000263092719472831,-0.0273589183338798,0.000262313697963408,-0.77884901110488,3.44942091855677e-05
0.205189946404906,0.584563837843574,-0.013165042210487,-0.217383355985747,0.000264943019508212,-0.027358979246439,0.000264147757726908,-0.778854479517965,3.52850768274987e-05
0.206612969136771,0.584561371876551,-0.0132565391064299,-0.217383756351633,0.000266806682392242,-0.0273590409566997,0.000265994842874095,-0.778860022578223,3.6092845786373e-05
0.208045860742482,0.584558870519757,-0.013348674489059,-0.217384162221209,0.000268683811643417,-0.0273591034743876,0.000267855049948365,-0.778865641284144,3.69178675680287e-05
0.209488689664142,0.58455633325154,-0.0134414528637648,-0.217384573669193,0.000270574511715991,-0.0273591668093264,0.00026972847628595,-0.778871336647,3.77605008554383e-05
0.210941524818514,0.584553759542205,-0.013534878768627,-0.217384990771292,0.000272478888010709,-0.027359230971438,0.000271615220023766,-0.778877109691,3.86211116520235e-05
0.212404435600306,0.584551148853885,-0.013628956774666,-0.217385413604217,0.000274397046885693,-0.0273592959707428,0.000273515380107358,-0.778882961453434,3.95000734274009e-05
0.21387749188549,0.584548500640405,-0.0137236914860957,-0.21738584224569,0.000276329095667489,-0.0273593618173602,0.000275429056298937,-0.778888892984826,4.03977672666367e-05
0.215360764034637,0.584545814347141,-0.0138190875405784,-0.217386276774461,0.000278275142662278,-0.027359428521509,0.00027735634918553,-0.778894905349085,4.13145820214594e-05
0.21685432289628,0.584543089410891,-0.0139151496094827,-0.217386717270318,0.000280235297167233,-0.0273594960935071,0.000279297360187218,-0.778900999623659,4.22509144651639e-05
0.218358239810298,0.584540325259719,-0.0140118823981417,-0.217387163814103,0.000282209669482022,-0.0273595645437725,0.00028125219156547,-0.778907176899686,4.32071694498742e-05
0.21987258661132,0.584537521312821,-0.0141092906461154,-0.217387616487722,0.000284198370920544,-0.0273596338828229,0.000283220946431596,-0.778913438282152,4.41837600672207e-05
0.22139743563216,0.584534676980373,-0.0142073791274534,-0.217388075374163,0.000286201513822741,-0.0273597041212763,0.000285203728755291,-0.778919784890046,4.51811078120007e-05
0.222932859707273,0.584531791663383,-0.0143061526509613,-0.217388540557502,0.000288219211566662,-0.0273597752698508,0.00028720064337329,-0.778926217856518,4.61996427486427e-05
0.224478932176229,0.584528864753536,-0.0144056160604677,-0.217389012122923,0.000290251578580637,-0.0273598473393651,0.000289211795998123,-0.77893273832904,4.72398036813065e-05
0.22603572688722,0.584525895633043,-0.014505774235095,-0.217389490156728,0.000292298730355667,-0.0273599203407385,0.000291237293226985,-0.778939347469563,4.83020383268279e-05
0.227603318200585,0.584522883674478,-0.0146066320895305,-0.217389974746355,0.000294360783457979,-0.0273599942849907,0.000293277242550716,-0.778946046454677,4.93868034912859e-05
0.229181780992365,0.584519828240619,-0.0147081945743017,-0.217390465980385,0.00029643785554175,-0.0273600691832421,0.000295331752362881,-0.778952836475781,5.04945652494981e-05
0.230771190657875,0.584516728684287,-0.0148104666760524,-0.217390963948565,0.000298530065362037,-0.0273601450467138,0.000297400931968972,-0.778959718739237,5.1625799128277e-05
0.23237162311531,0.584513584348175,-0.0149134534178214,-0.217391468741814,0.000300637532787879,-0.0273602218867275,0.000299484891595728,-0.778966694466542,5.27809902930582e-05
0.233983154809368,0.58451039456468,-0.0150171598593233,-0.217391980452242,0.000302760378815585,-0.0273602997147054,0.000301583742400546,-0.778973764894492,5.39606337378873e-05
0.235605862714901,0.58450715865573,-0.0151215910972322,-0.217392499173164,0.000304898725582222,-0.0273603785421701,0.000303697596481044,-0.778980931275345,5.51652344790016e-05
0.237239824340596,0.584503875932609,-0.0152267522654668,-0.217393024999115,0.000307052696379303,-0.0273604583807446,0.00030582656688471,-0.778988194876996,5.63953077523799e-05
0.238885117732672,0.584500545695774,-0.0153326485354782,-0.217393558025864,0.00030922241566665,-0.0273605392421517,0.000307970767618689,-0.778995556983141,5.76513792145683e-05
0.240541821478611,0.584497167234679,-0.0154392851165399,-0.217394098350427,0.000311408009086495,-0.0273606211382144,0.000310130313659682,-0.779003018893451,5.89339851474469e-05
0.242210014710909,0.584493739827582,-0.0155466672560401,-0.217394646071087,0.000313609603477742,-0.0273607040808551,0.000312305320963977,-0.77901058192374,6.02436726669098e-05
0.24388977711086,0.584490262741362,-0.0156548002397762,-0.217395201287406,0.000315827326890465,-0.0273607880820953,0.000314495906477587,-0.77901824740614,6.1580999935279e-05
0.24558118891236,0.584486735231322,-0.0157636893922518,-0.217395764100243,0.000318061308600606,-0.0273608731540556,0.000316702188146532,-0.779026016689274,6.29465363778253e-05
0.247284330905736,0.584483156540996,-0.0158733400769759,-0.217396334611765,0.000320311679124889,-0.0273609593089548,0.000318924284927238,-0.779033891138431,6.43408629030229e-05
0.24899928444161,0.584479525901947,-0.0159837576967642,-0.217396912925467,0.000322578570235943,-0.02736104655911,0.000321162316797062,-0.779041872135738,6.57645721273692e-05
0.250726131434783,0.584475842533563,-0.0160949476940434,-0.217397499146189,0.000324862114977668,-0.0273611349169353,0.000323416404764961,-0.779049961080343,6.72182686039385e-05
0.252464954368146,0.584472105642855,-0.016206915551157,-0.217398093380127,0.000327162447680765,-0.027361224394942,0.000325686670882269,-0.779058159388586,6.87025690553483e-05
0.254215836296621,0.58446831442424,-0.0163196667906741,-0.217398695734854,0.000329479703978573,-0.0273613150057374,0.000327973238253631,-0.779066468494182,7.02181026110693e-05
0.25597886085113,0.584464468059331,-0.0164332069757004,-0.217399306319335,0.000331814020823077,-0.0273614067620244,0.000330276231048061,-0.779074889848398,7.17655110488158e-05
0.257754112242586,0.584460565716714,-0.0165475417101911,-0.217399925243942,0.00033416553650115,-0.0273614996766006,0.000332595774510129,-0.779083424920232,7.33454490408486e-05
0.259541675265918,0.58445660655173,-0.0166626766392669,-0.217400552620473,0.000336534390651079,-0.0273615937623574,0.000334931994971305,-0.779092075196599,7.4958584404386e-05
0.261341635304121,0.584452589706244,-0.0167786174495322,-0.217401188562169,0.000338920724279259,-0.0273616890322794,0.000337285019861419,-0.779100842182505,7.66055983567188e-05
0.263154078332332,0.584448514308418,-0.0168953698693952,-0.21740183318373,0.00034132467977719,-0.0273617854994432,0.000339654977720285,-0.779109727401238,7.82871857751694e-05
0.26497909092194,0.584444379472473,-0.0170129396693907,-0.217402486601332,0.000343746400938698,-0.0273618831770163,0.000342041998209449,-0.779118732394543,8.00040554613801e-05
0.266816760244719,0.584440184298452,-0.0171313326625056,-0.217403148932645,0.000346186032977388,-0.0273619820782563,0.000344446212124091,-0.779127858722814,8.17569304108479e-05
0.268667174076992,0.584435927871973,-0.0172505547045067,-0.217403820296851,0.000348643722544379,-0.0273620822165096,0.000346867751405077,-0.779137107965273,8.35465480871211e-05
0.270530420803823,0.584431609263984,-0.0173706116942701,-0.217404500814663,0.000351119617746282,-0.0273621836052097,0.000349306749151144,-0.779146481720157,8.53736607009659e-05
0.27240658942324,0.584427227530508,-0.0174915095741141,-0.21740519060834,0.000353613868163431,-0.0273622862578768,0.000351763339631242,-0.779155981604904,8.72390354945407e-05
0.274295769550488,0.584422781712388,-0.0176132543301341,-0.217405889801706,0.000356126624868393,-0.0273623901881155,0.000354237658297039,-0.779165609256341,8.9143455030874e-05
0.276198051422303,0.584418270835019,-0.0177358519925396,-0.217406598520171,0.000358658040444743,-0.0273624954096138,0.000356729841795552,-0.779175366330867,9.10877174882946e-05
0.278113525901229,0.584413693908089,-0.0178593086359938,-0.217407316890745,0.000361208269006095,-0.0273626019361412,0.000359240027981956,-0.779185254504646,9.30726369604562e-05
0.280042284479955,0.584409049925301,-0.0179836303799562,-0.217408045042063,0.000363777466215418,-0.0273627097815475,0.000361768355932535,-0.77919527547379,9.50990437613569e-05
0.281984419285683,0.584404337864099,-0.0181088233890265,-0.217408783104395,0.000366365789304643,-0.0273628189597604,0.000364314965957796,-0.779205430954548,9.71677847360908e-05
0.283940023084533,0.584399556685382,-0.0182348938732916,-0.217409531209674,0.000368973397094538,-0.0273629294847841,0.000366879999615734,-0.779215722683499,9.92797235769421e-05
0.285909189285972,0.584394705333223,-0.0183618480886755,-0.217410289491508,0.000371600450014865,-0.0273630413706974,0.00036946359972528,-0.779226152417736,0.000101435741145364
0.287892011947275,0.584389782734571,-0.0184896923372896,-0.217411058085205,0.00037424711012485,-0.0273631546316511,0.000372065910379871,-0.779236721935056,0.000103636735799315
0.289888585778017,0.584384787798956,-0.0186184329677885,-0.217411837127789,0.00037691354113391,-0.0273632692818664,0.000374687076961225,-0.77924743303415,0.000105883623726419
0.291899006144599,0.584379719418181,-0.0187480763757249,-0.217412626758019,0.000379599908422724,-0.0273633853356322,0.000377327246153252,-0.779258287534795,0.000108177339283547
0.293923369074803,0.584374576466022,-0.0188786290039094,-0.217413427116414,0.000382306379064574,-0.0273635028073032,0.000379986565956155,-0.779269287278037,0.000110518835341425
0.295961771262377,0.584369357797901,-0.0190100973427714,-0.217414238345265,0.000385033121847005,-0.027363621711297,0.000382665185700674,-0.779280434126389,0.000112909083636051
0.298014310071653,0.584364062250577,-0.0191424879307223,-0.217415060588665,0.00038778030729378,-0.0273637420620913,0.000385363256062519,-0.77929172996401,0.000115349075126087
0.300081083542203,0.584358688641812,-0.019275807354522,-0.217415893992519,0.000390548107687183,-0.027363863874222,0.000388080929076971,-0.779303176696906,0.000117839820355903
0.302162190393513,0.584353235770039,-0.0194100622496463,-0.217416738704572,0.000393336697090607,-0.0273639871622793,0.000390818358153648,-0.779314776253108,0.000120382349826004
0.304257730029708,0.584347702414029,-0.0195452593006586,-0.217417594874429,0.000396146251371472,-0.0273641119409055,0.000393575698091455,-0.779326530582869,0.000122977714368713
0.306367802544292,0.584342087332539,-0.0196814052415812,-0.21741846265357,0.000398976948224493,-0.0273642382247916,0.000396353105093702,-0.779338441658848,0.000125626985531188
0.308492508724934,0.584336389263965,-0.0198185068562718,-0.217419342195381,0.000401828967195246,-0.0273643660286737,0.000399150736783409,-0.7793505114763,0.000128331255964564
0.31063195005828,0.584330606925983,-0.0199565709788,-0.217420233655164,0.0004047024897041,-0.0273644953673304,0.000401968752218778,-0.779362742053263,0.000131091639820127
0.312786228734801,0.584324739015184,-0.0200956044938271,-0.217421137190168,0.00040759769907045,-0.0273646262555785,0.000404807311908852,-0.779375135430742,0.000133909273151725
0.314955447653674,0.584318784206704,-0.0202356143369881,-0.217422052959604,0.000410514780537351,-0.0273647587082695,0.000407666577829361,-0.779387693672903,0.00013678531432558
0.317139710427697,0.584312741153845,-0.0203766074952756,-0.217422981124672,0.000413453921296445,-0.0273648927402862,0.00041054671343874,-0.779400418867249,0.000139720944436802
0.319339121388238,0.584306608487691,-0.0205185910074258,-0.217423921848578,0.000416415310513275,-0.0273650283665381,0.000413447883694338,-0.779413313124812,0.000142717367733025
0.321553785590219,0.584300384816717,-0.0206615719643072,-0.21742487529656,0.000419399139352926,-0.0273651656019577,0.000416370255068811,-0.779426378580333,0.000145775812044918
0.323783808817133,0.584294068726386,-0.0208055575093109,-0.217425841635908,0.000422405601006081,-0.0273653044614957,0.000419313995566708,-0.779439617392448,0.000148897529224506
0.326029297586097,0.584287658778748,-0.0209505548387429,-0.217426821035988,0.000425434890715372,-0.0273654449601172,0.000422279274741233,-0.779453031743864,0.000152083795590091
0.328290359152942,0.58428115351202,-0.021096571202219,-0.217427813668262,0.000428487205802167,-0.0273655871127964,0.000425266263711207,-0.779466623841547,0.000155335912379401
0.330567101517332,0.58427455144017,-0.0212436139030611,-0.217428819706316,0.00043156274569368,-0.0273657309345119,0.000428275135178222,-0.779480395916894,0.000158655206209363
0.332859633427924,0.584267851052483,-0.0213916902986961,-0.217429839325877,0.000434661711950501,-0.0273658764402422,0.000431306063443975,-0.779494350225918,0.000162043029544381
0.335168064387565,0.584261050813128,-0.0215408078010562,-0.21743087270484,0.000437784308294479,-0.0273660236449596,0.00043435922442781,-0.779508489049416,0.000165500761171555
0.337492504658521,0.584254149160708,-0.021690973876981,-0.21743192002329,0.00044093074063702,-0.0273661725636254,0.000437434795684443,-0.779522814693151,0.000169029806684512
0.339833065267741,0.584247144507811,-0.0218421960486227,-0.217432981463525,0.000444101217107751,-0.0273663232111845,0.000440532956421889,-0.77953732948802,0.000172631598974099
0.342189858012163,0.584240035240548,-0.021994481893851,-0.217434057210081,0.00044729594808361,-0.0273664756025588,0.000443653887519582,-0.779552035790228,0.000176307598728109
0.344562995464054,0.584232819718077,-0.0221478390466617,-0.217435147449757,0.000450515146218298,-0.0273666297526418,0.000446797771546696,-0.779566935981455,0.000180059294938639
0.346952590976386,0.584225496272133,-0.022302275197586,-0.217436252371635,0.000453759026472215,-0.0273667856762924,0.000449964792780649,-0.779582032469023,0.000183888205417287
0.349358758688252,0.584218063206535,-0.0224577980941016,-0.217437372167106,0.000457027806142688,-0.0273669433883279,0.000453155137225838,-0.779597327686061,0.00018779587731943
0.351781613530314,0.58421051879669,-0.0226144155410455,-0.217438507029896,0.000460321704894738,-0.0273671029035181,0.000456368992632537,-0.77961282409167,0.000191783887676211
0.354221271230298,0.58420286128909,-0.0227721354010286,-0.21743965715609,0.000463640944792175,-0.0273672642365777,0.000459606548516023,-0.779628524171076,0.000195853843935223
0.356677848318515,0.584195088900795,-0.0229309655948508,-0.217440822744156,0.000466985750329182,-0.0273674274021596,0.000462867996175876,-0.779644430435795,0.00020000738450987
0.359151462133436,0.584187199818911,-0.0230909141019189,-0.217442003994967,0.000470356348462287,-0.0273675924148472,0.000466153528715522,-0.779660545423781,0.000204246179337286
0.361642230827288,0.584179192200056,-0.0232519889606646,-0.217443201111833,0.000473752968642794,-0.0273677592891472,0.000469463341061925,-0.779676871699582,0.000208571930444962
0.364150273371703,0.584171064169816,-0.0234141982689647,-0.217444414300519,0.000477175842849634,-0.0273679280394813,0.000472797629985533,-0.779693411854482,0.000212986372526314
0.366675709563398,0.584162813822193,-0.0235775501845619,-0.217445643769274,0.000480625205622677,-0.027368098680178,0.000476156594120385,-0.779710168506654,0.000217491273525078
0.369218660029898,0.584154439219042,-0.0237420529254867,-0.217446889728858,0.000484101294096477,-0.0273682712254648,0.00047954043398445,-0.779727144301296,0.000222088435229001
0.371779246235299,0.5841459383895,-0.0239077147704809,-0.217448152392564,0.000487604348034486,-0.0273684456894588,0.000482949352000152,-0.779744341910771,0.000226779693872081
0.374357590486067,0.5841373093294,-0.0240745440594214,-0.217449431976244,0.000491134609863731,-0.0273686220861581,0.000486383552515113,-0.77976176403474,0.000231566920746856
0.376953815936883,0.584128550000675,-0.0242425491937452,-0.21745072869834,0.000494692324709898,-0.0273688004294324,0.000489843241823078,-0.779779413400293,0.000236452022825184
0.379568046596523,0.584119658330762,-0.0244117386368753,-0.217452042779903,0.00049827774043297,-0.0273689807330136,0.000493328628185072,-0.779797292762077,0.000241436943388879
0.382200407333782,0.584110632211977,-0.0245821209146468,-0.217453374444626,0.000501891107663273,-0.0273691630104859,0.000496839921850729,-0.779815404902415,0.000246523662669723
0.384851023883439,0.584101469500895,-0.0247537046157341,-0.217454723918865,0.000505532679838007,-0.0273693472752755,0.000500377335079853,-0.779833752631425,0.000251714198498981
0.387520022852263,0.584092168017711,-0.0249264983920779,-0.217456091431668,0.000509202713238295,-0.0273695335406401,0.000503941082164153,-0.779852338787133,0.000257010606966451
0.390207531725059,0.584082725545592,-0.0251005109593136,-0.217457477214805,0.00051290146702666,-0.0273697218196584,0.000507531379449213,-0.779871166235581,0.000262414983089432
0.392913678870758,0.584073139830013,-0.0252757510971989,-0.217458881502787,0.000516629203285043,-0.0273699121252186,0.000511148445356626,-0.779890237870929,0.000267929461491623
0.395638593548549,0.584063408578092,-0.0254522276500421,-0.217460304532902,0.000520386187053282,-0.0273701044700073,0.000514792500406359,-0.779909556615556,0.000273556217091298
0.398382405914052,0.584053529457897,-0.0256299495271301,-0.217461746545235,0.000524172686368127,-0.0273702988664973,0.000518463767239302,-0.779929125420147,0.000279297465800271
0.401145247025537,0.584043500097761,-0.025808925703157,-0.217463207782699,0.000527988972302693,-0.0273704953269357,0.000522162470640021,-0.779948947263783,0.000285155465232056
0.403927248850181,0.584033318085564,-0.0259891652186512,-0.217464688491064,0.000531835319006514,-0.0273706938633311,0.000525888837559703,-0.779969025154024,0.00029113251542065
0.406728544270374,0.584022980968018,-0.0261706771804032,-0.217466188918978,0.000535712003746006,-0.0273708944874411,0.000529643097139299,-0.779989362126978,0.000297230959549588
0.409549267090063,0.584012486249934,-0.0263534707618929,-0.217467709318005,0.000539619306945556,-0.0273710972107585,0.000533425480732879,-0.780009961247373,0.000303453184690577
0.412389552041149,0.584001831393472,-0.0265375552037154,-0.217469249942643,0.000543557512229023,-0.0273713020444981,0.000537236221931141,-0.78003082560862,0.000309801622553285
0.415249534789915,0.583991013817387,-0.0267229398140064,-0.217470811050358,0.000547526906461853,-0.0273715089995824,0.000541075556585157,-0.780051958332864,0.000316278750244647
0.418129351943512,0.583980030896254,-0.0269096339688674,-0.21747239290161,0.000551527779793691,-0.0273717180866271,0.000544943722830276,-0.780073362571035,0.000322887091039614
0.421029141056481,0.583968879959682,-0.0270976471127881,-0.217473995759882,0.000555560425701495,-0.0273719293159261,0.000548840961110217,-0.780095041502887,0.000329629215160943
0.423949040637325,0.583957558291519,-0.0272869887590697,-0.21747561989171,0.000559625141033276,-0.0273721426974368,0.000552767514201383,-0.780116998337034,0.000336507740571312
0.426889190155123,0.583946063129035,-0.0274776684902448,-0.217477265566708,0.00056372222605227,-0.0273723582407635,0.0005567236272373,-0.78013923631097,0.000343525333774186
0.429849730046193,0.583934391662096,-0.0276696959584964,-0.2174789330576,0.000567851984481732,-0.0273725759551418,0.000560709547733282,-0.780161758691091,0.000350684710626714
0.432830801720801,0.583922541032327,-0.0278630808860755,-0.217480622640247,0.000572014723550297,-0.0273727958494219,0.000564725525611262,-0.780184568772703,0.000357988637162937
0.435832547569911,0.583910508332253,-0.0280578330657168,-0.217482334593677,0.000576210754037838,-0.0273730179320512,0.000568771813224786,-0.780207669880021,0.000365439930426814
0.438855110971994,0.58389829060443,-0.0282539623610503,-0.217484069200115,0.000580440390321901,-0.0273732422110573,0.000572848665384186,-0.780231065366159,0.000373041459317575
0.441898636299867,0.583885884840564,-0.0284514787070139,-0.217485826745009,0.000584703950424726,-0.0273734686940294,0.000576956339381931,-0.780254758613118,0.000380796145444257
0.444963268927599,0.583873287980605,-0.02865039211026,-0.217487607517065,0.000589001756060846,-0.0273736973881001,0.000581095095018126,-0.780278753031751,0.000388706963992486
0.448049155237445,0.583860496911842,-0.0288507126495616,-0.217489411808269,0.000593334132685202,-0.0273739282999262,0.00058526519462618,-0.780303052061733,0.000396776944600802
0.451156442626847,0.583847508467966,-0.0290524504762146,-0.217491239913924,0.000597701409541899,-0.0273741614356696,0.000589466903098635,-0.780327659171509,0.000405009172248672
0.454285279515466,0.583834319428128,-0.0292556158144365,-0.217493092132675,0.000602103919713508,-0.0273743968009766,0.00059370048791314,-0.78035257785824,0.000413406788155268
0.457435815352278,0.583820926515981,-0.0294602189617625,-0.217494968766541,0.000606542000170938,-0.027374634400958,0.000597966219158576,-0.780377811647731,0.000421972990688441
0.46060820062271,0.583807326398697,-0.029666270289437,-0.217496870120944,0.000611015991823956,-0.0273748742401674,0.000602264369561321,-0.780403364094356,0.000430711036285475
0.463802586855826,0.583793515685981,-0.029873780242802,-0.217498796504741,0.000615526239572223,-0.0273751163225801,0.000606595214511672,-0.780429238780965,0.000439624240384157
0.467019126631568,0.583779490929059,-0.0300827593416808,-0.217500748230251,0.000620073092356998,-0.0273753606515704,0.000610959032090371,-0.780455439318784,0.000448715978364683
0.470257973588042,0.583765248619654,-0.0302932181807573,-0.217502725613287,0.000624656903213382,-0.0273756072298892,0.000615356103095282,-0.780481969347298,0.000457989686502708
0.473519282428857,0.583750785188942,-0.0305051674299506,-0.217504728973189,0.000629278029323201,-0.0273758560596406,0.000619786711068178,-0.780508832534126,0.000467448862932873
0.476803208930514,0.583736097006499,-0.030718617834785,-0.217506758632851,0.000633936832068494,-0.0273761071422576,0.000624251142321656,-0.780536032574883,0.000477097068623283
0.480109909949849,0.58372118037922,-0.0309335802167545,-0.217508814918751,0.000638633677085604,-0.027376360478478,0.000628749685966155,-0.780563573193027,0.000486937928360798
0.483439543431522,0.583706031550228,-0.0311500654736809,-0.217510898160986,0.000643368934319842,-0.027376616068319,0.000633282633937062,-0.780591458139693,0.000496975131746624
0.486792268415562,0.583690646697765,-0.0313680845800684,-0.217513008693301,0.000648142978080902,-0.0273768739110516,0.000637850281021964,-0.780619691193513,0.000507212434203513
0.490168245044966,0.583675021934065,-0.0315876485874493,-0.217515146853117,0.000652956187098713,-0.027377134005174,0.000642452924887922,-0.780648276160425,0.00051765365799214
0.493567634573345,0.583659153304206,-0.0318087686247253,-0.217517312981566,0.000657808944580059,-0.0273773963483846,0.000647090866108883,-0.780677216873465,0.000528302693239224
0.496990599372628,0.58364303678495,-0.0320314558985007,-0.217519507423523,0.000662701638265779,-0.0273776609375543,0.000651764408193144,-0.780706517192541,0.000539163498975731
0.500437302940819,0.583626668283562,-0.0322557216934101,-0.217521730527632,0.000667634660488567,-0.0273779277686983,0.00065647385761088,-0.780736181004199,0.000550240104185112
0.503907909909802,0.583610043636606,-0.0324815773724371,-0.217523982646342,0.000672608408231483,-0.0273781968369469,0.000661219523821736,-0.780766212221366,0.000561536608862184
0.50740258605321,0.583593158608734,-0.0327090343772261,-0.217526264135937,0.000677623283187016,-0.0273784681365156,0.00066600171930247,-0.780796614783085,0.000573057185082215
0.510921498294339,0.583576008891444,-0.0329381042283862,-0.217528575356569,0.000682679691816849,-0.027378741660675,0.000670820759574639,-0.780827392654222,0.000584806078080063
0.514464814714125,0.583558590101831,-0.0331687985257861,-0.217530916672286,0.00068777804541224,-0.0273790174017193,0.000675676963232296,-0.780858549825171,0.000596787607338972
0.518032704559168,0.583540897781306,-0.0334011289488409,-0.217533288451069,0.000692918760155096,-0.0273792953509349,0.000680570651969746,-0.780890090311529,0.000609006167689441
0.52162533824982,0.58352292739431,-0.0336351072567889,-0.21753569106486,0.000698102257179617,-0.0273795754985673,0.000685502150609275,-0.780922018153759,0.000621466230418255
0.525242887388322,0.583504674326997,-0.0338707452889598,-0.217538124889596,0.000703328962634663,-0.0273798578337879,0.000690471787128907,-0.780954337416834,0.000634172344386036
0.528885524767003,0.583486133885906,-0.0341080549650326,-0.217540590305239,0.000708599307746763,-0.0273801423446603,0.000695479892690134,-0.780987052189864,0.000647129137155034
0.532553424376533,0.583467301296608,-0.0343470482852828,-0.217543087695811,0.000713913728883766,-0.0273804290181047,0.000700526801665634,-0.781020166585704,0.000660341316125995
0.536246761414231,0.583448171702338,-0.03458773733082,-0.217545617449425,0.000719272667619175,-0.0273807178398629,0.000705612851666968,-0.781053684740537,0.000673813669683776
0.539965712292437,0.583428740162602,-0.034830134263813,-0.217548179958317,0.00072467657079715,-0.0273810087944617,0.000710738383572195,-0.781087610813447,0.000687551068351833
0.543710454646936,0.583409001651771,-0.0350742513277049,-0.21755077561888,0.000730125890598159,-0.0273813018651752,0.000715903741553481,-0.781121948985963,0.000701558465956237
0.547481167345445,0.583388951057646,-0.0353201008474146,-0.217553404831695,0.000735621084605353,-0.0273815970339874,0.000721109273104591,-0.781156703461585,0.000715840900796516
0.551278030496154,0.583368583180013,-0.0355676952295278,-0.217556068001565,0.00074116261587151,-0.027381894281553,0.000726355329068337,-0.781191878465297,0.000730403496826459
0.55510122545633,0.583347892729171,-0.0358170469624735,-0.217558765537547,0.000746750952986812,-0.0273821935871578,0.000731642263663897,-0.781227478243041,0.000745251464841251
0.558950934840979,0.583326874324438,-0.0360681686166889,-0.217561497852985,0.000752386570147191,-0.027382494928678,0.00073697043451407,-0.781263507061188,0.000760390103674208
0.56282734253157,0.583305522492649,-0.0363210728447686,-0.217564265365544,0.000758069947223369,-0.0273827982825388,0.000742340202672324,-0.781299969205971,0.000775824801398622
0.566730633684818,0.583283831666615,-0.0365757723816016,-0.217567068497243,0.00076380156983067,-0.0273831036236723,0.000747751932649811,-0.78133686898291,0.000791561036539101
0.570660994741526,0.583261796183577,-0.0368322800444926,-0.217569907674488,0.00076958192939942,-0.0273834109254743,0.000753205992442147,-0.781374210716197,0.000807604379288479
0.574618613435493,0.583239410283632,-0.0370906087332687,-0.217572783328105,0.00077541152324612,-0.0273837201597601,0.000758702753556053,-0.781411998748074,0.00082396049273134
0.578603678802477,0.583216668108139,-0.0373507714303695,-0.217575695893374,0.000781290854645289,-0.0273840312967197,0.000764242591035797,-0.781450237438172,0.000840635134074286
0.582616381189231,0.583193563698107,-0.0376127812009231,-0.217578645810063,0.000787220432902004,-0.0273843443048719,0.000769825883489465,-0.781488931162836,0.000857634155881887
0.586656912262587,0.58317009099256,-0.0378766511928032,-0.217581633522463,0.000793200773425172,-0.0273846591510176,0.000775453013114959,-0.781528084314419,0.000874963507317972
0.590725465018618,0.583146243826879,-0.0381423946366708,-0.217584659479419,0.000799232397801494,-0.0273849758001919,0.00078112436572581,-0.781567701300555,0.000892629235392822
0.594822233791852,0.583122015931126,-0.0384100248459978,-0.217587724134365,0.000805315833870144,-0.0273852942156157,0.000786840330776701,-0.781607786543399,0.000910637486214089
0.598947414264556,0.583097400928352,-0.0386795552170718,-0.217590827945361,0.000811451615798178,-0.027385614358646,0.000792601301388728,-0.781648344478847,0.000928994506243175
0.603101203476082,0.583072392332871,-0.0389509992289837,-0.217593971375125,0.000817640284156644,-0.0273859361887254,0.000798407674374374,-0.781689379555728,0.000947706643555146
0.607283799832281,0.583046983548526,-0.0392243704435947,-0.217597154891067,0.000823882385997496,-0.0273862596633305,0.000804259850262161,-0.781730896234962,0.000966780349102053
0.611495403114975,0.583021167866928,-0.0394996825054844,-0.217600378965324,0.000830178474931085,-0.0273865847379194,0.000810158233320973,-0.781772898988702,0.000986222177979584
0.615736214491506,0.582994938465673,-0.0397769491418784,-0.217603644074798,0.000836529111204579,-0.0273869113658785,0.000816103231584037,-0.781815392299436,0.00100603879069688
0.620006436524339,0.582968288406544,-0.040056184162555,-0.217606950701186,0.000842934861780966,-0.0273872394984676,0.00082209525687251,-0.781858380659067,0.0010262369544472
0.624306273180741,0.582941210633682,-0.0403374014597301,-0.21761029933102,0.000849396300418886,-0.0273875690847649,0.000828134724818688,-0.78190186856796,0.00104682354438163
0.628635929842521,0.582913697971752,-0.0406206150079221,-0.217613690455697,0.000855914007753207,-0.0273879000716099,0.000834222054888813,-0.781945860533964,0.00106780554488317
0.632995613315842,0.582885743124069,-0.0409058388637908,-0.217617124571521,0.000862488571376319,-0.0273882324035465,0.00084035767040539,-0.7819903610714,0.00108919005084157
0.637385531841099,0.582857338670721,-0.0411930871659569,-0.217620602179734,0.000869120585920275,-0.0273885660227644,0.000846541998569111,-0.782035374700014,0.00111098426892856
0.641805895102865,0.582828477066657,-0.0414823741347951,-0.217624123786554,0.000875810653139575,-0.027388900869039,0.000852775470480242,-0.782080905943914,0.00113319551887181
0.646256914239905,0.582799150639768,-0.0417737140722044,-0.217627689903209,0.000882559381994847,-0.0273892368796716,0.000859058521159529,-0.782126959330459,0.00115583123472868
0.650738801855265,0.582769351588936,-0.0420671213613532,-0.217631301045977,0.000889367388737263,-0.0273895739894272,0.000865391589568569,-0.782173539389123,0.00117889896615758
0.655251772026422,0.582739071982069,-0.0423626104663981,-0.21763495773622,0.000896235296993723,-0.0273899121304718,0.000871775118629618,-0.78222065065033,0.00120240637968735
0.659796040315516,0.582708303754115,-0.0426601959321781,-0.217638660500421,0.000903163737852847,-0.0273902512323091,0.000878209555244814,-0.78226829764425,0.00122636125998302
0.664371823779638,0.582677038705056,-0.0429598923838814,-0.217642409870222,0.000910153349951818,-0.0273905912217153,0.000884695350314818,-0.782316484899567,0.00125077151110917
0.668979340981204,0.58264526849788,-0.0432617145266845,-0.217646206382463,0.000917204779564005,-0.0273909320226734,0.000891232958756794,-0.782365216942212,0.00127564515778716
0.673618811998395,0.582612984656538,-0.0435656771453641,-0.217650050579213,0.00092431868068734,-0.0273912735563063,0.000897822839521732,-0.782414498294056,0.0013009903466486
0.678290458435663,0.582580178563877,-0.0438717951038802,-0.217653943007818,0.000931495715133682,-0.0273916157408085,0.000904465455611118,-0.782464333471582,0.00132681534748283
0.682994503434323,0.582546841459555,-0.0441800833449303,-0.21765788422093,0.000938736552618846,-0.0273919584913774,0.000911161274092843,-0.782514726984509,0.00135312855447697
0.687731171683206,0.582512964437941,-0.0444905568894731,-0.21766187477655,0.000946041870853658,-0.0273923017201429,0.000917910766116395,-0.782565683334391,0.00137993848744972
0.692500689429393,0.582478538445989,-0.0448032308362237,-0.217665915238067,0.000953412355635678,-0.0273926453360963,0.000924714406927303,-0.782617207013172,0.00140725379307602
0.697303284489026,0.5824435542811,-0.0451181203611156,-0.217670006174296,0.000960848700942003,-0.0273929892450178,0.000931572675880729,-0.782669302501713,0.00143508324610367
0.70213918625818,0.582408002588963,-0.0454352407167323,-0.217674148159516,0.000968351609022797,-0.0273933333494032,0.000938486056454292,-0.78272197426828,0.00146343575055963
0.70700862572383,0.582371873861378,-0.0457546072317067,-0.217678341773514,0.000975921790495732,-0.0273936775483895,0.000945455036259978,-0.782775226766995,0.00149232034094526
0.71191183547488,0.58233515843406,-0.0460762353100876,-0.217682587601621,0.00098355996444147,-0.0273940217376791,0.000952480107055216,-0.782829064436249,0.00152174618342132
0.716849049713269,0.582297846484432,-0.0464001404306725,-0.217686886234755,0.000991266858499897,-0.0273943658094633,0.000959561764752996,-0.782883491697086,0.001551722576979
0.721820504265165,0.582259928029393,-0.0467263381463062,-0.217691238269459,0.000999043208967414,-0.0273947096523446,0.000966700509431065,-0.782938512951541,0.00158225895459879
0.726826436592224,0.58222139292307,-0.0470548440831455,-0.217695644307947,0.00100688976089513,-0.0273950531512576,0.000973896845340127,-0.782994132580943,0.00161336488439442
0.731867085802933,0.582182230854565,-0.0473856739398883,-0.217700104958142,0.00101480726818802,-0.0273953961873898,0.000981151280911049,-0.783050354944185,0.00164505007074167
0.736942692664033,0.582142431345668,-0.0477188434869653,-0.21770462083372,0.00102279649370509,-0.0273957386380996,0.000988464328761001,-0.783107184375952,0.00167732435539131
0.742053499612018,0.582101983748571,-0.0480543685656986,-0.217709192554149,0.00103085820936056,-0.0273960803768353,0.000995836505698552,-0.783164625184911,0.00171019771856434
0.747199750764715,0.582060877243557,-0.0483922650874187,-0.21771382074474,0.00103899319622599,-0.0273964212730513,0.00100326833272763,-0.783222681651869,0.00174368028002919
0.752381691932944,0.582019100836676,-0.0487325490325481,-0.217718506036681,0.00104720224463351,-0.0273967611921244,0.00101076033505036,-0.783281358027884,0.00177778230015957
0.757599570632259,0.581976643357413,-0.0490752364496433,-0.217723249067088,0.00105548615428015,-0.0273970999952685,0.00101831304206871,-0.783340658532343,0.00181251418097228
0.762853636094773,0.58193349345633,-0.0494203434543998,-0.217728050479046,0.00106384573433312,-0.027397437539448,0.00102592698738498,-0.783400587351005,0.00184788646714318
0.768144139281058,0.581889639602709,-0.0497678862286173,-0.217732910921657,0.00107228180353633,-0.0273977736772913,0.00103360270880097,-0.783461148633996,0.00188390984700071
0.773471332892138,0.58184507008217,-0.0501178810191236,-0.21773783105008,0.00108079519031796,-0.0273981082570018,0.00104134074831596,-0.783522346493777,0.00192059515349652
0.778835471381553,0.581799772994285,-0.0504703441366593,-0.217742811525586,0.00108938673289914,-0.0273984411222689,0.00104914165212331,-0.783584185003062,0.00195795336514987
0.784236810967519,0.581753736250176,-0.0508252919547212,-0.217747853015596,0.00109805727940394,-0.0273987721121778,0.00105700597060576,-0.783646668192713,0.00199599560696756
0.78967560964516,0.581706947570101,-0.051182740908362,-0.217752956193733,0.00110680768797042,-0.0273991010611181,0.00106493425832936,-0.783709800049578,0.00203473315133595
0.795152127198837,0.581659394481034,-0.0515427074929513,-0.21775812173987,0.001115638826863,-0.0273994277986915,0.00107292707403594,-0.783773584514306,0.00207417741888521
0.800666625214554,0.581611064314229,-0.0519052082628897,-0.217763350340177,0.00112455157458599,-0.0273997521496186,0.00108098498063419,-0.783838025479118,0.0021143399793237
0.806219367092452,0.581561944202781,-0.0522702598302818,-0.217768642687169,0.00113354681999856,-0.0274000739336449,0.0010891085451892,-0.78390312678554,0.00215523255224176
0.811810618059391,0.581512021079172,-0.052637878863566,-0.217773999479762,0.00114262546243085,-0.0274003929654453,0.00109729833891059,-0.783968892222098,0.00219686700788391
0.817440645181619,0.581461281672808,-0.0530080820860974,-0.217779421423315,0.00115178841180152,-0.0274007090545287,0.00110555493713894,-0.78403532552198,0.00223925536788794
0.823109717377527,0.581409712507558,-0.0533808862746872,-0.217784909229687,0.00116103658873671,-0.0274010220051403,0.00111387891933072,-0.784102430360652,0.00228240980598815
0.828818105430497,0.581357299899276,-0.0537563082580978,-0.217790463617288,0.00117037092469035,-0.0274013316161644,0.00112227086904165,-0.784170210353449,0.00232634264868614
0.834566082001833,0.581304029953318,-0.0541343649154896,-0.217796085311132,0.00117979236206593,-0.0274016376810258,0.00113073137390828,-0.784238669053117,0.0023710663758803
0.840353921643785,0.581249888562056,-0.0545150731748234,-0.217801775042886,0.00118930185433982,-0.0274019399875896,0.00113926102562797,-0.784307809947327,0.00241659362146168
0.846181900812664,0.58119486140239,-0.0548984500112146,-0.217807533550933,0.00119890036618603,-0.0274022383180616,0.0011478604199371,-0.784377636456153,0.00246293717386609
0.852050297882047,0.581138933933246,-0.0552845124452418,-0.217813361580417,0.00120858887360259,-0.027402532448887,0.00115653015658758,-0.78444815192951,0.00251010997658846
0.857959393156072,0.581082091393079,-0.0556732775412061,-0.217819259883306,0.00121836836403959,-0.0274028221506484,0.00116527083932144,-0.784519359644558,0.00255812512865372
0.863909468882829,0.581024318797367,-0.0560647624053435,-0.217825229218447,0.00122823983652872,-0.027403107187963,0.00117408307584376,-0.784591262803078,0.00260699588504409
0.86990080926784,0.580965600936111,-0.0564589841839877,-0.21783127035162,0.00123820430181466,-0.0274033873193798,0.00118296747779355,-0.784663864528807,0.00265673565708152
0.875933700487633,0.580905922371323,-0.056855960061686,-0.217837384055602,0.00124826278248817,-0.0274036622972752,0.00119192466071291,-0.784737167864743,0.00270735801276567
0.882008430703416,0.580845267434521,-0.0572557072592641,-0.217843571110221,0.00125841631312095,-0.0274039318677482,0.00120095524401412,-0.784811175770415,0.00275887667706087
0.888125290074835,0.58078362022422,-0.0576582430318421,-0.217849832302418,0.00126866594040227,-0.0274041957705152,0.00121005985094484,-0.784885891119128,0.00281130553213821
0.894284570773836,0.580720964603425,-0.0580635846668007,-0.21785616842631,0.00127901272327767,-0.0274044537388043,0.00121923910855127,-0.784961316695167,0.00286465861756535
0.900486566998624,0.580657284197128,-0.0584717494816981,-0.217862580283246,0.00128945773308951,-0.0274047054992484,0.00122849364763933,-0.785037455190978,0.00291895013044419
0.906731574987708,0.580592562389803,-0.0588827548221343,-0.217869068681879,0.00130000205371943,-0.0274049507717781,0.00123782410273369,-0.78511430920432,0.00297419442549779
0.913019893034057,0.580526782322905,-0.059296618059567,-0.217875634438219,0.00131064678173302,-0.0274051892695148,0.00124723111203479,-0.785191881235384,0.00303040601510168
0.919351821499347,0.580459926892375,-0.0597133565890749,-0.217882278375705,0.00132139302652648,-0.0274054206986616,0.00125671531737368,-0.785270173683885,0.00308759956925958
0.925727662828307,0.580391978746149,-0.0601329878270711,-0.217889001325269,0.00133224191047558,-0.0274056447583959,0.00126627736416475,-0.785349188846133,0.00314578991552411
0.932147721563161,0.580322920281671,-0.0605555292089643,-0.217895804125401,0.00134319456908671,-0.0274058611407599,0.00127591790135618,-0.785428928912073,0.00320499203885649
0.938612304358183,0.580252733643413,-0.0609809981867677,-0.217902687622216,0.0013542521511503,-0.0274060695305512,0.00128563758137826,-0.785509395962303,0.00326522108142974
0.945121719994339,0.580181400720403,-0.0614094122266583,-0.217909652669526,0.00136541581889663,-0.027406269605214,0.00129543706008946,-0.785590591965065,0.00332649234236893
0.951676279394036,0.580108903143759,-0.0618407888064816,-0.217916700128906,0.00137668674815399,-0.0274064610347286,0.0013053169967201,-0.785672518773222,0.00338882127743151
0.958276295635973,0.580035222284233,-0.0622751454132063,-0.217923830869764,0.00138806612850946,-0.0274066434815014,0.00131527805381393,-0.785755178121207,0.0034522234986229
0.964922083970099,0.579960339249766,-0.0627124995403257,-0.217931045769417,0.00139955516347201,-0.0274068166002549,0.00132532089716714,-0.785838571621956,0.00351671477374788
0.971613961832666,0.579884234883049,-0.0631528686852069,-0.217938345713157,0.00141115507063858,-0.027406980037917,0.00133544619576519,-0.785922700763821,0.0035823110258974
0.978352248861393,0.579806889759097,-0.0635962703463878,-0.217945731594331,0.00142286708186258,-0.0274071334335106,0.00134565462171719,-0.786007566907465,0.00364902833286695
0.985137266910738,0.579728284182838,-0.0640427220208213,-0.217953204314409,0.00143469244342528,-0.0274072764180428,0.00135594685018783,-0.786093171282751,0.00371688292650857
0.991969340067262,0.57964839818671,-0.0644922412010678,-0.217960764783064,0.00144663241621016,-0.0274074086143947,0.00136632355932696,-0.786179514985603,0.00378589119201228
0.998848794665118,0.579567211528273,-0.0649448453724338,-0.217968413918247,0.00145868827587996,-0.0274075296372102,0.00137678543019667,-0.786266598974867,0.00385606966711854
1.00577595930163,0.57948470368784,-0.0654005520100585,-0.217976152646263,0.00147086131305702,-0.0274076390927857,0.00138733314669586,-0.786354424069155,0.00392743504125798
1.01275116485301,0.57940085386611,-0.0658593785759491,-0.21798398190185,0.00148315283350655,-0.0274077365789601,0.0013979673954824,-0.786442990943683,0.0040000041546201
1.01977474449012,0.579315640981836,-0.0663213425159611,-0.217991902628262,0.00149556415832316,-0.0274078216850038,0.00140868886589267,-0.7865323001271,0.00407379399714758
1.02684703369442,0.579229043669492,-0.0667864612567279,-0.217999915777341,0.00150809662412061,-0.0274078939915093,0.00141949824985866,-0.786622351998313,0.00414882170745728
1.033968370274,0.579141040276963,-0.067254752202537,-0.218008022309607,0.00152075158322496,-0.0274079530702814,0.00143039624182241,-0.78671314678331,0.00422510457168435
1.04113909437969,0.579051608863262,-0.0677262327321549,-0.218016223194335,0.00153353040387118,-0.0274079984842274,0.00144138353864799,-0.786804684551977,0.0043026600222516
1.0483595485213,0.578960727196253,-0.0682009201955979,-0.218024519409639,0.00154643447040329,-0.0274080297872486,0.00145246083953082,-0.786896965214922,0.00438150563656114
1.05563007758401,0.578868372750396,-0.0686788319108528,-0.218032911942556,0.00155946518347806,-0.0274080465241314,0.0014636288459044,-0.786989988520293,0.00446165913560825
1.06295102884484,0.578774522704521,-0.0691599851605434,-0.218041401789132,0.00157262396027254,-0.0274080482304393,0.00147488826134444,-0.787083754050611,0.00454313838251674
1.07032275198921,0.578679153939614,-0.0696443971885464,-0.218049989954508,0.00158591223469545,-0.0274080344324053,0.00148623979147037,-0.787178261219598,0.00462596138099486
1.07774559912768,0.578582243036625,-0.0701320851965554,-0.218058677453001,0.00159933145760225,-0.0274080046468253,0.00149768414384418,-0.787273509269022,0.00471014627371114
1.08521992481272,0.578483766274307,-0.0706230663405918,-0.218067465308199,0.00161288309701449,-0.0274079583809514,0.00150922202786669,-0.78736949726555,0.00479571134059015
1.0927460860557,0.578383699627064,-0.0711173577274661,-0.218076354553046,0.00162656863834313,-0.0274078951323866,0.00152085415467105,-0.787466224097615,0.0048826749970266
1.1003244423439,0.578282018762836,-0.0716149764111864,-0.218085346229928,0.0016403895846162,-0.02740781438898,0.0015325812370137,-0.787563688472297,0.00497105579201818
1.10795535565772,0.578178699040997,-0.072115939389316,-0.218094441390768,0.00165434745671054,-0.0274077156287228,0.00154440398916263,-0.78766188891222,0.00506087240621633
1.11563919048792,0.578073715510291,-0.0726202635992809,-0.218103641097109,0.00166844379358837,-0.0274075983196454,0.0015563231267829,-0.787760823752476,0.00515214364989469
1.12337631385307,0.577967042906777,-0.0731279659146239,-0.218112946420213,0.00168268015253785,-0.0274074619197154,0.00156833936681961,-0.787860491137565,0.00524488846083515
1.13116709531708,0.577858655651812,-0.073639063141212,-0.218122358441147,0.00169705810941882,-0.0274073058767361,0.00158045342737812,-0.787960889018358,0.00533912590213059
1.13901190700682,0.57774852785006,-0.0741535720133888,-0.218131878250876,0.00171157925891292,-0.0274071296282471,0.00159266602760166,-0.788062015149098,0.00543487515990532
1.14691112362992,0.57763663328752,-0.074671509190081,-0.218141506950354,0.0017262452147787,-0.0274069326014251,0.00160497788754619,-0.788163867084415,0.00553215554095188
1.15486512249268,0.577522945429589,-0.0751928912508511,-0.218151245650622,0.00174105761011165,-0.0274067142129864,0.00161738972805272,-0.788266442176392,0.00563098647028537
1.16287428351806,0.577407437419148,-0.0757177346919029,-0.218161095472895,0.00175601809760939,-0.0274064738690903,0.00162990227061686,-0.78836973757165,0.00573138748861474
1.17093898926384,0.577290082074685,-0.0762460559220357,-0.218171057548658,0.00177112834984192,-0.0274062109652445,0.00164251623725581,-0.788473750208475,0.00583337824973096
1.1790596249409,0.577170851888435,-0.0767778712585502,-0.218181133019761,0.00178639005952724,-0.0274059248862109,0.00165523235037268,-0.788578476813995,0.00593697851781361
1.18723657843162,0.577049719024555,-0.0773131969231032,-0.218191323038511,0.00180180493981238,-0.0274056150059136,0.00166805133261815,-0.788683913901382,0.00604220816465451
1.19547024030838,0.576926655317336,-0.0778520490375163,-0.218201628767766,0.00181737472455995,-0.0274052806873483,0.00168097390674957,-0.788790057767115,0.0061490871667999
1.20376100385228,0.576801632269431,-0.0783944436195324,-0.218212051381032,0.0018331011686403,-0.027404921282493,0.00169400079548746,-0.788896904488286,0.00625763560261217
1.21210926507183,0.576674621050126,-0.0789403965785251,-0.218222592062553,0.00184898604822951,-0.0274045361322203,0.00170713272136938,-0.789004449919949,0.00636787364924968
1.22051542272196,0.576545592493632,-0.0794899237111601,-0.218233252007405,0.00186503116111316,-0.0274041245662118,0.00172037040660125,-0.789112689692536,0.00647982157956833
1.22897987832301,0.576414517097417,-0.0800430406970057,-0.218244032421593,0.00188123832699608,-0.0274036859028739,0.00173371457290614,-0.789221619209323,0.00659349975894236
1.23750303617991,0.576281365020566,-0.0805997630940979,-0.218254934522144,0.00189760938781839,-0.0274032194492557,0.00174716594137054,-0.789331233643949,0.00670892864200934
1.24608530340153,0.57614610608217,-0.081160106334455,-0.218265959537195,0.00191414620807748,-0.0274027245009682,0.00176072523228806,-0.789441527938005,0.00682612876933486
1.25472708992008,0.57600870975975,-0.0817240857195451,-0.21827710870609,0.00193085067515656,-0.027402200342106,0.00177439316500077,-0.789552496798687,0.00694512076400466
1.26342880851072,0.575869145187716,-0.0822917164157053,-0.218288383279472,0.00194772469965955,-0.0274016462451709,0.0017881704577379,-0.789664134696509,0.00706592532813882
1.27219087481126,0.575727381155851,-0.0828630134495126,-0.218299784519372,0.00196477021575255,-0.0274010614709974,0.00180205782745231,-0.789776435863092,0.00718856323933409
1.28101370734203,0.575583386107838,-0.0834379917031078,-0.218311313699298,0.00198198918151201,-0.0274004452686803,0.0018160559896544,-0.789889394289025,0.00731305534703397
1.28989772752585,0.575437128139811,-0.0840166659094695,-0.218322972104329,0.00199938357927979,-0.0273997968755044,0.00183016565824378,-0.790003003721798,0.00743942256882746
1.29884335970818,0.575288574998944,-0.0845990506476425,-0.218334761031201,0.00201695541602492,-0.0273991155168767,0.00184438754533845,-0.790117257663813,0.00756768588667844
1.30785103117738,0.575137694082076,-0.0851851603379165,-0.218346681788392,0.00203470672371269,-0.0273984004062608,0.00185872236110184,-0.790232149370479,0.00769786634308867
1.31692117218509,0.574984452434359,-0.0857750092369564,-0.21835873569621,0.00205263955968064,-0.0273976507451132,0.00187317081356741,-0.790347671848385,0.0078299850371944
1.32605421596686,0.574828816747956,-0.0863686114328868,-0.218370924086881,0.00207075600702198,-0.0273968657228227,0.00188773360846119,-0.790463817853563,0.00796406312079939
1.33525059876274,0.574670753360757,-0.0869659808403247,-0.218383248304623,0.00208905817497632,-0.0273960445166516,0.00190241144902193,-0.790580579889836,0.00810012179434627
1.34451075983821,0.574510228255141,-0.0875671311953666,-0.218395709705736,0.00210754819932794,-0.0273951862916797,0.00191720503581928,-0.790697950207254,0.00823818230282797
1.3538351415051,0.574347207056767,-0.0881720760505255,-0.218408309658678,0.00212622824281157,-0.0273942902007511,0.00193211506656968,-0.790815920800633,0.0083782659316422
1.36322418914273,0.574181655033398,-0.0887808287696188,-0.21842104954414,0.00214510049552606,-0.0273933553844228,0.00194714223595029,-0.790934483408173,0.00852039400239046
1.37267835121923,0.574013537093764,-0.0893934025226082,-0.218433930755126,0.00216416717535578,-0.0273923809709167,0.00196228723541085,-0.79105362951019,0.00866458786862417
1.38219807931287,0.573842817786459,-0.0900098102803887,-0.218446954697023,0.00218343052839994,-0.0273913660760741,0.00197755075298351,-0.791173350327937,0.00881086891154109
1.39178382813373,0.57366946129887,-0.0906300648095279,-0.218460122787671,0.00220289282941001,-0.0273903098033128,0.00199293347309076,-0.791293636822532,0.00895925853563401
1.40143605554534,0.573493431456143,-0.0912541786669566,-0.218473436457433,0.00222255638223529,-0.0273892112435868,0.00200843607635143,-0.791414479693985,0.00910977816429359
1.4111552225866,0.573314691720184,-0.0918821641946061,-0.218486897149261,0.0022424235202768,-0.0273880694753497,0.0020240592393849,-0.791535869380341,0.00926244923537128
1.42094179349378,0.573133205188698,-0.0925140335139973,-0.218500506318753,0.00226249660694942,-0.0273868835645196,0.00203980363461338,-0.791657796056917,0.00941729319669993
1.43079623572268,0.572948934594259,-0.0931497985207748,-0.218514265434219,0.00228277803615262,-0.0273856525644481,0.00205566993006257,-0.791780249635664,0.00957433150158143
1.440719019971,0.572761842303419,-0.0937894708791917,-0.218528175976731,0.0023032702327497,-0.0273843755158919,0.00207165878916051,-0.791903219764629,0.0097335856042387
1.45071062020079,0.572571890315852,-0.0944330620165401,-0.218542239440178,0.00232397565305571,-0.0273830514469871,0.00208777087053488,-0.792026695827537,0.00989507695523872
1.46077151366109,0.572379040263537,-0.0950805831175282,-0.218556457331314,0.00234489678533419,-0.0273816793732267,0.00210400682780857,-0.79215066694349,0.0100588269968892
1.47090218091073,0.572183253409971,-0.0957320451186032,-0.218570831169804,0.00236603615030273,-0.0273802582974413,0.00212036730939382,-0.792275121966771,0.010224857158611
1.48110310584131,0.57198449064943,-0.096387458702219,-0.21858536248826,0.00238739630164754,-0.027378787209783,0.00213685295828481,-0.792400049486783,0.0103931888522916
1.49137477570027,0.571782712506251,-0.0970468342910499,-0.218600052832284,0.00240897982654698,-0.0273772650877119,0.0021534644118488,-0.792525437828097,0.0105638434676198
1.50171768111418,0.571577879134171,-0.0977101820421449,-0.218614903760494,0.00243078934620435,-0.0273756908959863,0.0021702023016159,-0.792651275050619,0.0107368423674113
1.5121323161122,0.571369950315687,-0.0983775118410263,-0.218629916844553,0.00245282751638985,-0.0273740635866562,0.00218706725306752,-0.792777548949889,0.0109122068829211
1.52261917814963,0.571158885461467,-0.0990488332957304,-0.218645093669191,0.00247509702799181,-0.0273723820990589,0.00220405988542351,-0.792904247057494,0.0110899583091529
1.53317876813171,0.570944643609786,-0.0997241557307874,-0.218660435832224,0.00249760060757748,-0.0273706453598197,0.00222118081142812,-0.793031356641607,0.0112701179001649
1.54381159043753,0.57072718342602,-0.100403488181142,-0.21867594494456,0.00252034101796306,-0.0273688522828543,0.00223843063713477,-0.793158864707652,0.0114527068643799
1.55451815294413,0.570506463202162,-0.101086839386011,-0.21869162263021,0.00254332105879349,-0.0273670017693748,0.00225580996168971,-0.793286757999096,0.0116377463598979
1.56529896705074,0.57028244085639,-0.101774217782682,-0.218707470526286,0.0025665435671317,-0.0273650927079001,0.00227331937711466,-0.79341502299836,0.011825257489822
1.57615454770323,0.570055073932668,-0.102465631500243,-0.218723490282994,0.00259001141805776,-0.0273631239742682,0.00229095946808841,-0.793543645927865,0.0120152612975956
1.58708541341869,0.569824319600401,-0.103161088353255,-0.218739683563622,0.00261372752527752,-0.0273610944316525,0.00230873081172752,-0.793672612751193,0.0122077787623585
1.5980920863102,0.569590134654116,-0.103860595835347,-0.218756052044522,0.00263769484174137,-0.027359002930582,0.00232663397736613,-0.79380190917439,0.0124028307943242
1.60917509211179,0.5693524755132,-0.104564161112755,-0.218772597415082,0.0026619163602726,-0.0273568483089637,0.00234466952633492,-0.793931520647378,0.0126004382301842
1.62033496020352,0.569111298221679,-0.105271791017787,-0.218789321377693,0.00268639511420603,-0.0273546293921095,0.00236283801173935,-0.794061432365508,0.0128006218285411
1.63157222363676,0.568866558448038,-0.105983492042219,-0.218806225647709,0.00271113417803628,-0.0273523449927661,0.00238113997823713,-0.79419162927123,0.0130034022653766
1.64288741915971,0.568618211485092,-0.106699270330617,-0.218823311953398,0.00273613666807639,-0.0273499939111482,0.00239957596181509,-0.794322096055889,0.0132088001295572
1.65428108724297,0.568366212249904,-0.107419131673591,-0.218840582035888,0.0027614057431264,-0.0273475749349751,0.00241814648956539,-0.79445281716165,0.0134168359183828
1.6657537721054,0.568110515283749,-0.108143081500971,-0.218858037649098,0.00278694460515204,-0.0273450868395115,0.00243685207946124,-0.794583776783548,0.0136275300331823
1.67730602174008,0.567851074752134,-0.108871124874909,-0.218875680559668,0.00281275649997371,-0.0273425283876105,0.00245569324013208,-0.794714958871649,0.013840902774959
1.68893838794052,0.567587844444859,-0.109603266482905,-0.218893512546875,0.00283884471796559,-0.0273398983297614,0.00247467047063833,-0.79484634713335,0.0140569743400918
1.70065142632699,0.567320777776144,-0.110339510630751,-0.218911535402545,0.00286521259476501,-0.0273371954041398,0.00249378426024576,-0.794977925035791,0.0142757648160944
1.71244569637308,0.567049827784799,-0.111079861235396,-0.21892975093095,0.00289186351199212,-0.0273344183366622,0.00251303508819957,-0.795109675808381,0.0144972941774394
1.72432176143241,0.566774947134459,-0.111824321817732,-0.218948160948696,0.0029188008979798,-0.0273315658410431,0.00253242342349806,-0.795241582445455,0.0147215822814475
1.73628018876552,0.566496088113869,-0.112572895495294,-0.218966767284607,0.00294602822851389,-0.0273286366188564,0.00255194972466618,-0.795373627709036,0.0149486488642503
1.74832154956701,0.566213202637233,-0.113325584974875,-0.218985571779593,0.0029735490275839,-0.0273256293595998,0.00257161443952887,-0.795505794131718,0.0151785135368266
1.7604464189928,0.565926242244625,-0.114082392545056,-0.219004576286503,0.00300136686814374,-0.0273225427407628,0.00259141800498424,-0.795638064019657,0.0154111957811193
1.77265537618758,0.565635158102464,-0.114843320068647,-0.219023782669981,0.00302948537288301,-0.0273193754278982,0.00261136084677663,-0.795770419455677,0.0156467149462344
1.78494900431252,0.565339901004051,-0.115608368975038,-0.219043192806297,0.00305790821500863,-0.0273161260746972,0.00263144337926972,-0.795902842302478,0.0158850902447288
1.79732789057308,0.565040421370176,-0.116377540252461,-0.219062808583173,0.00308663911903663,-0.0273127933230677,0.00265166600521956,-0.796035314205958,0.0161263407489876
1.80979262624709,0.564736669249798,-0.117150834440157,-0.219082631899595,0.0031156818615944,-0.027309375803216,0.00267202911554765,-0.796167816598627,0.0163704853876968
1.82234380671297,0.564428594320795,-0.117928251620447,-0.219102664665612,0.00314504027223318,-0.0273058721337327,0.00269253308911414,-0.796300330703133,0.0166175429424142
1.83498203147818,0.564116145890791,-0.118709791410715,-0.219122908802125,0.00317471823425071,-0.0273022809216808,0.00271317829249116,-0.796432837535873,0.0168675320442431
1.84770790420785,0.563799272898061,-0.119495452955284,-0.219143366240663,0.00320471968552434,-0.0272986007626887,0.00273396507973626,-0.796565317910714,0.0171204711706096
1.86052203275364,0.563477923912515,-0.1202852349172,-0.219164038923138,0.00323504861935416,-0.0272948302410454,0.00275489379216616,-0.796697752442787,0.017376378642152
1.87342502918271,0.56315204713677,-0.121079135469909,-0.219184928801597,0.00326570908531625,-0.0272909679297996,0.00277596475813059,-0.796830121552387,0.0176352726197181
1.88641750980704,0.562821590407307,-0.121877152288844,-0.219206037837953,0.00329670519012613,-0.0272870123908627,0.00279717829278661,-0.796962405468942,0.0178971711014832
1.89950009521279,0.562486501195718,-0.122679282542893,-0.219227368003702,0.0033280410985124,-0.0272829621751145,0.00281853469787305,-0.797094584235075,0.0181620919201819
1.91267341029,0.562146726610049,-0.123485522885778,-0.21924892127963,0.00335972103409996,-0.0272788158225126,0.00284003426148545,-0.797226637710735,0.0184300527404649
1.92593808426241,0.561802213396236,-0.12429586944732,-0.219270699655494,0.00339174928030347,-0.0272745718622054,0.00286167725785128,-0.797358545577409,0.0187010710563784
1.93929475071751,0.561452907939648,-0.125110317824594,-0.219292705129702,0.00342413018123065,-0.0272702288126482,0.00288346394710563,-0.797490287342398,0.0189751641889721
1.95274404763682,0.561098756266727,-0.125928863072987,-0.219314939708963,0.00345686814259503,-0.0272657851817229,0.00290539457506732,-0.797621842343161,0.0192523492840354
1.96628661742637,0.560739704046746,-0.126751499697137,-0.219337405407928,0.00348996763263868,-0.0272612394668609,0.00292746937301547,-0.797753189751719,0.019532643309968
1.97992310694735,0.560375696593671,-0.127578221641767,-0.219360104248813,0.00352343318306434,-0.0272565901551699,0.0029496885574666,-0.797884308579123,0.0198160630557837
1.99365416754703,0.560006678868139,-0.128409022282405,-0.219383038261006,0.00355726938997705,-0.0272518357235631,0.00297205232995223,-0.798015177679962,0.0201026251292521
2.00748045508988,0.559632595479568,-0.129243894415995,-0.219406209480648,0.00359148091483488,-0.0272469746388932,0.00299456087679703,-0.798145775756939,0.0203923459551794
2.0214026299889,0.559253390688377,-0.130082830251392,-0.219429619950208,0.00362607248540931,-0.0272420053580881,0.00301721436889752,-0.798276081365468,0.0206852417738285
2.03542135723711,0.558869008408349,-0.130925821399748,-0.21945327171803,0.00366104889675417,-0.0272369263282916,0.00304001296150143,-0.798406072918334,0.0209813286394852
2.0495373064394,0.558479392209118,-0.13177285886478,-0.219477166837867,0.00369641501218383,-0.0272317359870063,0.00306295679398758,-0.79853572869037,0.0212806224191649
2.06375115184445,0.558084485318801,-0.132623933032926,-0.219501307368389,0.00373217576426002,-0.0272264327622405,0.00308604598964648,-0.798665026823177,0.0215831387914684
2.07806357237695,0.557684230626771,-0.133479033663388,-0.219525695372677,0.00376833615578724,-0.0272210150726583,0.00310928065546153,-0.79879394532986,0.021888893245583
2.09247525167004,0.557278570686581,-0.134338149878053,-0.219550332917694,0.00380490126081667,-0.027215481327733,0.00313266088189093,-0.79892246209979,0.0221979010804325
2.10698687809795,0.556867447719043,-0.135201270151309,-0.219575222073736,0.00384187622565815,-0.0272098299279041,0.00315618674265026,-0.799050554903385,0.0225101774039762
2.12159914480891,0.556450803615456,-0.136068382299739,-0.219600364913858,0.00387926626990036,-0.0272040592647375,0.00317985829449575,-0.799178201396894,0.0228257371326583
2.1363127497582,0.556028579941018,-0.136939473471704,-0.219625763513286,0.00391707668743868,-0.0271981677210892,0.00320367557700828,-0.799305379127196,0.0231445949910073
2.15112839574156,0.555600717938385,-0.137814530136809,-0.219651419948796,0.0039553128475109,-0.0271921536712725,0.0032276386123782,-0.799432065536591,0.0234667655113879
2.1660467904287,0.555167158531426,-0.138693538075258,-0.219677336298083,0.00399398019573995,-0.0271860154812284,0.00325174740519077,-0.799558237967597,0.0237922630339025
2.18106864639712,0.554727842329145,-0.139576482367091,-0.219703514639095,0.00403308425518404,-0.0271797515086996,0.00327600194221247,-0.799683873667728,0.0241211017064457
2.19619468116618,0.554282709629795,-0.140463347381319,-0.219729957049347,0.00407263062739357,-0.027173360103408,0.00330040219217808,-0.799808949794272,0.024453295484909
2.21142561723131,0.55383170042519,-0.141354116764932,-0.21975666560522,0.00411262499347471,-0.0271668396072354,0.00332494810557846,-0.79993344341903,0.0247888581335381
2.22676218209858,0.553374754405205,-0.142248773431813,-0.219783642381217,0.00415307311515919,-0.0271601883544083,0.00334963961444935,-0.800057331533056,0.0251278032254401
2.24220510831939,0.552911810962489,-0.143147299551532,-0.219810889449212,0.00419398083588028,-0.0271534046716852,0.00337447663216078,-0.800180591051344,0.0254701441432399
2.25775513352553,0.552442809197389,-0.144049676538035,-0.219838408877664,0.00423535408185427,-0.0271464868785486,0.00339945905320746,-0.800303198817501,0.0258158940798895
2.27341300046436,0.551967687923085,-0.144955885038235,-0.219866202730801,0.00427719886316771,-0.0271394332873998,0.003424586753,-0.800425131608366,0.0261650660396209
2.28917945703428,0.551486385670957,-0.145865904920484,-0.219894273067792,0.00431952127486929,-0.0271322422037572,0.00344985958765697,-0.800546366138598,0.0265176728390509
2.30505525632052,0.550998840696177,-0.146779715262961,-0.219922621941874,0.00436232749806681,-0.0271249119264592,0.0034752773937979,-0.800666879065205,0.0268737271084283
2.32104115663104,0.550504990983533,-0.147697294341949,-0.219951251399464,0.00440562380102812,-0.0271174407478693,0.00350083998833721,-0.800786646992028,0.0272332412930295
2.33713792153279,0.550004774253512,-0.148618619620019,-0.219980163479241,0.00444941654028643,-0.027109826954086,0.00352654716827896,-0.800905646474159,0.0275962276546931
2.35334631988814,0.549498127968614,-0.149543667734119,-0.220009360211191,0.00449371216174888,-0.0271020688251564,0.00355239871051269,-0.801023854022303,0.0279626982734987
2.36966712589169,0.548984989339931,-0.150472414483576,-0.220038843615634,0.00453851720180846,-0.0270941646352925,0.00357839437161013,-0.801141246107071,0.0283326650495844
2.38610111910714,0.548465295333993,-0.151404834818007,-0.220068615702212,0.00458383828845827,-0.0270861126530927,0.00360453388762298,-0.801257799163196,0.0287061397051002
2.40264908450462,0.54793898267988,-0.152340902825145,-0.220098678468857,0.00462968214240882,-0.0270779111417663,0.00363081697388164,-0.801373489593677,0.0290831337862982
2.41931181249812,0.547405987876602,-0.153280591718589,-0.220129033900715,0.00467605557820612,-0.0270695583593619,0.00365724332479502,-0.80148829377384,0.0294636586657535
2.43609009898327,0.54686624720078,-0.154223873825475,-0.220159683969052,0.00472296550535202,-0.0270610525590004,0.00368381261365144,-0.801602188055319,0.029847725544717
2.45298474537537,0.546319696714603,-0.155170720574072,-0.220190630630116,0.00477041892942469,-0.0270523919891109,0.00371052449242062,-0.801715148769934,0.0302353454555936
2.46999655864764,0.545766272274089,-0.156121102481319,-0.22022187582398,0.00481842295319984,-0.0270435748936719,0.00373737859155677,-0.801827152233494,0.030626529264546
2.48712635136979,0.545205909537644,-0.157074989140288,-0.22025342147334,0.00486698477777148,-0.0270345995124558,0.00376437451980293,-0.801938174749482,0.0310212876742197
2.50437494174681,0.544638543974942,-0.158032349207601,-0.220285269482287,0.00491611170367193,-0.0270254640812777,0.00379151186399645,-0.802048192612654,0.0314196312265866
2.52174315365806,0.54406411087611,-0.158993150390782,-0.220317421735043,0.00496581113199047,-0.0270161668322483,0.00381879018887576,-0.802157182112524,0.0318215703059027
2.53923181669665,0.543482545361248,-0.159957359435576,-0.22034988009466,0.00501609056549,-0.027006705994032,0.00384620903688844,-0.802265119536742,0.0322271151417786
2.55684176620901,0.542893782390276,-0.160924942113212,-0.220382646401691,0.00506695760972111,-0.0269970797921077,0.0038737679280006,-0.802371981174359,0.032636275812358
2.57457384333485,0.542297756773118,-0.161895863207646,-0.220415722472821,0.00511841997413295,-0.0269872864490357,0.00390146635950767,-0.802477743318973,0.0330490622476
2.59242889504728,0.541694403180232,-0.162870086502763,-0.22044911009946,0.00517048547318022,-0.026977324184728,0.00392930380584669,-0.802582382271762,0.0334654842326644
2.61040777419332,0.541083656153492,-0.163847574769566,-0.220482811046305,0.0052231620274255,-0.0269671912167237,0.00395727971840999,-0.802685874344385,0.0338855514113912
2.6285113395346,0.540465450117431,-0.164828289753343,-0.220516827049861,0.00527645766463641,-0.0269568857604684,0.00398539352536056,-0.80278819586176,0.0343092732898764
2.64674045578839,0.53983971939084,-0.165812192160835,-0.220551159816931,0.00533038052087679,-0.0269464060295992,0.00401364463144901,-0.80288932316472,0.0347366592401347
2.6650959936689,0.539206398198748,-0.166799241647395,-0.220585811023057,0.00538493884159105,-0.0269357502362339,0.00404203241783215,-0.802989232612523,0.0351677185038491
2.68357882992886,0.538565420684773,-0.167789396804165,-0.220620782310936,0.00544014098268111,-0.0269249165912649,0.00407055624189355,-0.803087900585243,0.0356024601961998
2.70218984740145,0.537916720923862,-0.168782615145258,-0.220656075288786,0.00549599541157502,-0.0269139033046584,0.00409921543706571,-0.803185303486011,0.036040893309772
2.72092993504239,0.537260232935412,-0.169778853094973,-0.220691691528683,0.00555251070828638,-0.0269027085857584,0.00412800931265438,-0.803281417743122,0.0364830267185344
2.73979998797246,0.536595890696803,-0.170778065975046,-0.220727632564848,0.00560969556646417,-0.0268913306435961,0.00415693715366482,-0.803376219812005,0.0369288691818869
2.75880090752022,0.535923628157314,-0.171780207991929,-0.220763899891906,0.00566755879443111,-0.0268797676872038,0.00418599822063016,-0.803469686177039,0.0373784293487711
2.77793360126509,0.535243379252461,-0.172785232224142,-0.22080049496309,0.00572610931621118,-0.0268680179259345,0.00421519174944205,-0.803561793353232,0.0378317157618418
2.79719898308069,0.534555077918744,-0.173793090609668,-0.22083741918842,0.00578535617254396,-0.0268560795697869,0.00424451695118359,-0.803652517887747,0.0382887368616913
2.81659797317847,0.533858658108808,-0.174803733933432,-0.22087467393283,0.00584530852188557,-0.0268439508297354,0.00427397301196475,-0.803741836361282,0.0387495009911246
2.83613149815172,0.533154053807038,-0.175817111814857,-0.220912260514255,0.00590597564139542,-0.0268316299180659,0.00430355909276028,-0.803829725389299,0.0392140163994816
2.85580049101974,0.532441199045576,-0.176833172695517,-0.220950180201683,0.00596736692790714,-0.0268191150487166,0.00433327432925032,-0.803916161623104,0.0396822912469978
2.87560589127251,0.53172002792077,-0.177851863826887,-0.220988434213152,0.00602949189888344,-0.0268064044376255,0.00436311783166387,-0.804001121750763,0.0401543336092043
2.89554864491548,0.530990474610075,-0.178873131258216,-0.221027023713719,0.00609236019335313,-0.0267934963030821,0.00439308868462508,-0.804084582497879,0.0406301514813566
2.91562970451479,0.530252473389379,-0.179896919824521,-0.221065949813376,0.00615598157283014,-0.026780388866086,0.00442318594700271,-0.804166520628203,0.0411097527828928
2.93585002924278,0.529505958650794,-0.180923173134724,-0.221105213564926,0.00622036592221233,-0.0267670803507112,0.00445340865176277,-0.804246912944097,0.0415931453619142
2.95621058492378,0.528750864920885,-0.181951833559939,-0.221144815961813,0.00628552325066024,-0.0267535689844754,0.00448375580582453,-0.804325736286832,0.0420803369996817
2.97671234408028,0.527987126879364,-0.182982842221918,-0.221184757935917,0.00635146369245369,-0.0267398529987165,0.00451422638992002,-0.80440296753674,0.0425713354151281
2.99735628597932,0.527214679378238,-0.184016138981678,-0.221225040355293,0.00641819750782557,-0.0267259306289741,0.00454481935845732,-0.804478583613199,0.0430661482693766
3.01814339667932,0.526433457461418,-0.185051662428321,-0.221265664021872,0.00648573508377133,-0.026711800115378,0.00457553363938756,-0.80455256147447,0.0435647831702652
3.03907466907719,0.525643396384799,-0.186089349868042,-0.22130662966912,0.00655408693483371,-0.0266974597030418,0.0046063681340761,-0.804624878117371,0.0440672476768689
3.06015110295567,0.5248444316368,-0.187129137313373,-0.221347937959647,0.00662326370386036,-0.0266829076424635,0.0046373217171778,-0.804695510576796,0.044573549304018
3.08137370503119,0.524036498959378,-0.188170959472641,-0.221389589482775,0.00669327616273406,-0.0266681421899322,0.00466839323651677,-0.804764435925077,0.0450836955268054
3.10274348900188,0.523219534369516,-0.189214749739678,-0.221431584752058,0.00676413521307385,-0.0266531616079409,0.0046995815129707,-0.804831631271193,0.0455976937850817
3.12426147559604,0.522393474181175,-0.190260440183794,-0.221473924202761,0.00683585188690614,-0.0266379641656056,0.00473088534035993,-0.804897073759818,0.0461155514879282
3.14592869262085,0.521558255027735,-0.19130796154001,-0.221516608189292,0.00690843734730368,-0.0266225481390913,0.00476230348534164,-0.804960740570221,0.0466372760181115
3.16774617501149,0.520713813884893,-0.192357243199597,-0.221559636982588,0.00698190288899229,-0.0266069118120435,0.00479383468730909,-0.805022608915004,0.0471628747365059
3.18971496488059,0.519860088094055,-0.193408213200904,-0.221603010767454,0.00705625993892293,-0.0265910534760269,0.00482547765829652,-0.805082656038694,0.0476923549864879
3.21183611156796,0.51899701538619,-0.194460798220519,-0.221646729639867,0.00713152005680816,-0.0265749714309705,0.00485723108288941,-0.805140859216181,0.0482257240982926
3.23411067169074,0.518124533906168,-0.19551492356475,-0.22169079360422,0.0072076949356219,-0.0265586639856186,0.00488909361814098,-0.805197195751,0.0487629893933304
3.25653970919388,0.517242582237566,-0.196570513161477,-0.221735202570534,0.00728479640206049,-0.0265421294579889,0.00492106389349446,-0.805251642973473,0.0493041581884601
3.27912429540095,0.516351099427953,-0.197627489552349,-0.221779956351618,0.00736283641696406,-0.0265253661758369,0.00495314051071207,-0.805304178238694,0.0498492378002128
3.30186550906528,0.515450025014642,-0.198685773885384,-0.221825054660187,0.00744182707569646,-0.0265083724771264,0.00498532204381032,-0.805354778924373,0.0503982355489642
3.32476443642155,0.514539299050915,-0.199745285907961,-0.221870497105932,0.00752178060848283,-0.0264911467105072,0.00501760703900238,-0.805403422428531,0.0509511587630498
3.3478221712376,0.513618862132713,-0.200805943960228,-0.221916283192556,0.00760270938070244,-0.0264736872357985,0.00504999401464751,-0.805450086167056,0.0515080147828216
3.37103981486675,0.512688655425787,-0.201867664968949,-0.221962412314752,0.00768462589313623,-0.0264559924244795,0.00508248146120788,-0.805494747571111,0.0520688109646395
3.39441847630035,0.511748620693317,-0.202930364441797,-0.222008883755145,0.00776754278216681,-0.0264380606601855,0.00511506784121308,-0.805537384084412,0.0526335546847961
3.41795927222076,0.510798700323976,-0.203993956462126,-0.222055696681193,0.00785147281993005,-0.026419890339211,0.00514775158923251,-0.805577973160355,0.0532022533433699
3.44166332705473,0.509838837360452,-0.205058353684214,-0.222102850142042,0.00793642891441593,-0.0264014798710189,0.00518053111185604,-0.805616492259022,0.0537749143680047
3.46553177302703,0.508868975528416,-0.206123467329024,-0.222150343065333,0.00802242410951785,-0.0263828276787559,0.00521340478768319,-0.80565291884404,0.0543515452176103
3.48956575021462,0.507889059265926,-0.207189207180476,-0.222198174253978,0.0081094715850285,-0.0263639321997742,0.005246370967321,-0.805687230379319,0.0549321533859822
3.51376640660105,0.506899033753269,-0.20825548158227,-0.222246342382889,0.0081975846565806,-0.0263447918861588,0.00527942797339106,-0.805719404325655,0.0555167464053365
3.53813489813128,0.505898844943223,-0.209322197435251,-0.222294845995662,0.00828677677553097,-0.0263254052052616,0.00531257410054584,-0.805749418137207,0.0561053318497581
3.56267238876697,0.504888439591745,-0.210389260195362,-0.222343683501228,0.0083770615287868,-0.0263057706402404,0.00534580761549478,-0.805777249257849,0.0566979173385562
3.58738005054197,0.50386776528907,-0.211456573872185,-0.22239285317046,0.00846845263857156,-0.0262858866906046,0.00537912675704021,-0.805802875117408,0.0572945105395278
3.61225906361841,0.502836770491201,-0.212524041028089,-0.222442353132744,0.00856096396213013,-0.0262657518727657,0.00541252973612369,-0.805826273127766,0.0578951191721238
3.63731061634298,0.501795404551809,-0.213591562778018,-0.222492181372505,0.00865460949137027,-0.0262453647205942,0.00544601473588272,-0.805847420678862,0.0584997510105156
3.66253590530377,0.500743617754499,-0.214659038789914,-0.222542335725708,0.00874940335244005,-0.0262247237859807,0.00547957991171857,-0.80586629513457,0.0591084138865596
3.68793613538733,0.49968136134546,-0.215726367285815,-0.222592813876309,0.00884535980523851,-0.0262038276394036,0.00551322339137508,-0.805882873828469,0.0597211156926578
3.71351251983634,0.498608587566466,-0.216793445043626,-0.222643613352681,0.00894249324285874,-0.0261826748705003,0.00554694327502903,-0.805897134059501,0.0603378643845086
3.73926628030746,0.497525249688237,-0.217860167399603,-0.222694731523997,0.00904081819096146,-0.0261612640886444,0.00558073763539237,-0.805909053087525,0.0609586679837515
3.76519864692972,0.496431302044125,-0.218926428251543,-0.222746165596587,0.00914034930707718,-0.0261395939235272,0.00561460451782645,-0.805918608128766,0.0615835345804966
3.7913108583633,0.495326700064125,-0.219992120062723,-0.222797912610255,0.00924110137983605,-0.0261176630257433,0.00564854194046871,-0.805925776351169,0.0622124723357416
3.81760416185865,0.4942114003092,-0.221057133866582,-0.222849969434573,0.00934308932812287,-0.0260954700673807,0.00568254789437213,-0.80593053486964,0.0628454894836713
3.84407981331609,0.493085360505896,-0.222121359272183,-0.222902332765137,0.00944632820015659,-0.026073013742615,0.00571662034365765,-0.805932860741211,0.063482594333839
3.87073907734582,0.491948539581233,-0.223184684470455,-0.222954999119798,0.0095508331724921,-0.0260502927683066,0.00575075722567995,-0.805932730960099,0.0641237952732277
3.89758322732826,0.490800897697863,-0.224246996241253,-0.223007964834866,0.00965661954894259,-0.0260273058846026,0.00578495645120686,-0.80593012245268,0.0647691007681878
3.92461354547494,0.489642396289467,-0.225308179961225,-0.223061226061284,0.00976370275942184,-0.0260040518555403,0.00581921590461272,-0.805925012072373,0.0654185193662518
3.95183132288971,0.48847299809639,-0.226368119612532,-0.223114778760781,0.0098720983587036,-0.0259805294696549,0.00585353344408597,-0.805917376594449,0.0660720596978219
3.97923785963041,0.487292667201474,-0.227426697792417,-0.223168618702002,0.00998182202509762,-0.0259567375405891,0.00588790690185119,-0.805907192710745,0.0667297304777305
4.00683446477099,0.48610136906609,-0.228483795723644,-0.223222741456609,0.0100928895590402,-0.0259326749077051,0.00592233408440609,-0.805894437024317,0.0673915405066713
4.03462245646401,0.484899070566337,-0.229539293265826,-0.223277142395372,0.010205316881598,-0.0259083404366983,0.00595681277277343,-0.805879086043996,0.0680574986724993
4.06260316200361,0.483685740029391,-0.230593068927656,-0.223331816684234,0.0103191200328834,-0.025883733020213,0.00599134072276847,-0.805861116178896,0.0687276139513996
4.09077791788892,0.482461347269988,-0.231644999880057,-0.223386759280364,0.0104343151703804,-0.0258588515784588,0.00602591566528191,-0.80584050373283,0.0694018954089215
4.11914806988789,0.481225863627009,-0.232694961970254,-0.223441964928186,0.010550918567179,-0.0258336950598281,0.00606053530657884,-0.805817224898674,0.0700803522008784
4.14771497310157,0.479979262000153,-0.233742829736808,-0.223497428155408,0.0106689466101176,-0.0258082624415139,0.00609519732861378,-0.805791255752663,0.0707629935741114
4.17647999202884,0.478721516886671,-0.234788476425592,-0.223553143269031,0.0107884157978308,-0.0257825527301279,0.00612989938936217,-0.80576257224862,0.0714498288671164
4.20544450063156,0.477452604418139,-0.235831774006751,-0.223609104351347,0.0109093427387024,-0.0257565649623174,0.00616463912316851,-0.805731150212135,0.0721408675105316
4.23460988240025,0.476172502397243,-0.236872593192644,-0.223665305255934,0.011031744148722,-0.0257302982053825,0.0061994141411113,-0.805696965334686,0.0728361190274872
4.26397753042013,0.474881190334552,-0.237910803456777,-0.223721739603647,0.0111556368492433,-0.025703751557891,0.00623422203138518,-0.8056599931677,0.073535593033814
4.29354884743766,0.473578649485251,-0.238946273053756,-0.223778400778601,0.011281037764644,-0.0256769241502919,0.00626906035970031,-0.805620209116577,0.0742392992381112
4.32332524592758,0.472264862885816,-0.239978869040248,-0.223835281924153,0.0114079639198848,-0.0256498151455267,0.00630392666969923,-0.805577588434654,0.0749472474416718
4.35330814816033,0.47093981539059,-0.241008457296974,-0.22389237593889,0.0115364324379684,-0.0256224237396383,0.00633881848339151,-0.805532106217131,0.0756594475382661
4.38349898627002,0.469603493708239,-0.242034902551744,-0.223949675472619,0.0116664605372944,-0.0255947491623757,0.00637373330160612,-0.805483737394956,0.0763759095137805
4.41389920232282,0.468255886438065,-0.243058068403538,-0.224007172922356,0.0117980655289126,-0.0255667906777959,0.00640866860446197,-0.805432456728665,0.0770966434457141
4.44451024838583,0.466896984106136,-0.244077817347635,-0.224064860428333,0.0119312648136704,-0.0255385475848612,0.00644362185185644,-0.805378238802189,0.0778216595025274
4.47533358659646,0.46552677920121,-0.245094010801815,-0.22412272987001,0.0120660758792566,-0.0255100192180314,0.00647859048397242,-0.805321058016629,0.0785509679428491
4.50637068923228,0.464145266210422,-0.246106509133625,-0.224180772862101,0.0122025162971371,-0.0254812049478507,0.00651357192180356,-0.805260888583993,0.0792845791145345
4.53762303878129,0.462752441654698,-0.247115171688715,-0.224238980750615,0.0123406037193855,-0.0254521041815293,0.00654856356769817,-0.80519770452091,0.0800225034535782
4.56909212801278,0.461348304123876,-0.248119856820257,-0.224297344608922,0.0124803558754052,-0.0254227163635172,0.00658356280592164,-0.805131479642315,0.0807647514828803
4.60077946004862,0.459932854311486,-0.249120421919449,-0.224355855233827,0.0126217905685431,-0.0253930409760725,0.00661856700323757,-0.805062187555109,0.0815113338108638
4.63268654843505,0.458506095049169,-0.250116723447099,-0.224414503141678,0.012764925672595,-0.0253630775398202,0.00665357350950758,-0.804989801651801,0.0822622611299463
4.66481491721498,0.457068031340699,-0.2511086169663,-0.224473278564502,0.0129097791282007,-0.0253328256143039,0.00668857965830988,-0.804914295104125,0.0830175442148618
4.69716610100076,0.455618670395571,-0.252095957176189,-0.22453217144616,0.0130563689391301,-0.0253022847985286,0.00672358276757656,-0.804835640856649,0.0837771939208345
4.72974164504755,0.454158021662125,-0.253078597946799,-0.22459117143854,0.0132047131684583,-0.0252714547314927,0.00675858014024965,-0.804753811620358,0.0845412211816039
4.76254310532705,0.452686096860171,-0.254056392354996,-0.224650267897789,0.0133548299346307,-0.0252403350927114,0.00679356906495587,-0.804668779866237,0.0853096370073007
4.79557204860185,0.451202910013075,-0.255029192721497,-0.224709449880578,0.0135067374074167,-0.0252089256027279,0.00682854681670008,-0.804580517818838,0.0860824524821729
4.82883005250031,0.449708477479285,-0.255996850648974,-0.224768706140404,0.0136604538037527,-0.0251772260236136,0.00686351065757723,-0.804488997449838,0.0868596787621629
4.86231870559183,0.448202817983243,-0.256959217061232,-0.224828025123945,0.0138159973834744,-0.0251452361594565,0.00689845783750292,-0.804394190471597,0.0876413270723332
4.89603960746281,0.446685952645662,-0.257916142243459,-0.224887394967454,0.0139733864449375,-0.0251129558568363,0.00693338559496222,-0.80429606833071,0.0884274087041442
4.92999436879299,0.445157905013128,-0.258867475883543,-0.224946803493208,0.0141326393205276,-0.0250803850052859,0.00696829115777683,-0.804194602201559,0.0892179350125789
4.96418461143244,0.443618701086989,-0.259813067114438,-0.225006238206005,0.0142937743720598,-0.0250475235377389,0.00700317174389023,-0.804089762979869,0.0900129174131195
4.99861196847899,0.442068369351496,-0.260752764557583,-0.225065686289722,0.0144568099860672,-0.0250143714309627,0.00703802456217076,-0.803981521276262,0.0908123673785707
5.03327808435624,0.44050694080116,-0.261686416367361,-0.225125134603929,0.0146217645689801,-0.0249809287059751,0.00707284681323236,-0.803869847409823,0.091616296435734
5.06818461489212,0.438934448967294,-0.262613870276572,-0.225184569680562,0.0147886565421946,-0.0249471954284455,0.00710763569027276,-0.803754711401672,0.0924247161619301
5.10333322739797,0.43735092994369,-0.263534973642931,-0.22524397772067,0.0149575043370333,-0.0249131717090789,0.00714238837992882,-0.803636082968544,0.0932376381813688
5.13872560074817,0.435756422411413,-0.264449573496552,-0.225303344591223,0.0151283263895964,-0.0248788577039825,0.00717710206314876,-0.803513931516387,0.094055074161369
5.17436342546036,0.434150967662661,-0.265357516588426,-0.225362655821991,0.0153011411355064,-0.0248442536150136,0.00721177391608102,-0.803388226133967,0.0948770358084258
5.21024840377617,0.432534609623662,-0.266258649439857,-0.225421896602506,0.0154759670045447,-0.024809359690109,0.00724640111097923,-0.803258935586495,0.0957035348641258
5.24638224974252,0.430907394876573,-0.267152818392846,-0.225481051779088,0.0156528224151836,-0.0247741762235948,0.00728098081712319,-0.80312602830927,0.0965345831009107
5.2827666892935,0.429269372680338,-0.268039869661407,-0.225540105851967,0.0158317257690129,-0.0247387035564758,0.00731551020175525,-0.802989472401346,0.0973701923176876
5.31940346033281,0.42762059499048,-0.268919649383787,-0.22559904297248,0.0160126954450623,-0.0247029420767036,0.0073499864310317,-0.802849235619215,0.0982103743352877
5.35629431281677,0.425961116477785,-0.269792003675574,-0.225657846940355,0.0161957497940227,-0.0246668922194239,0.00738440667098886,-0.802705285370523,0.0990551409917712
5.39344100883792,0.424290994545844,-0.270656778683662,-0.225716501201088,0.0163809071323656,-0.0246305544672009,0.00741876808852331,-0.802557588707805,0.0999045041375802
5.43084532270915,0.422610289347422,-0.271513820641059,-0.225774988843414,0.016568185736363,-0.024593929350219,0.00745306785238559,-0.802406112322253,0.100758475630538
5.4685090410485,0.420919063799618,-0.2723629759225,-0.225833292596871,0.0167576038360093,-0.0245570174464612,0.00748730313418725,-0.802250822537516,0.101617067330693
5.50643396286443,0.41921738359778,-0.273204091100846,-0.225891394829466,0.016949179608847,-0.0245198193818627,0.00752147110942026,-0.802091685303527,0.102480291095014
5.54462189964184,0.417505317228146,-0.274037013004241,-0.225949277545443,0.017142931173698,-0.0244823358304408,0.0075555689584885,-0.801928666190371,0.103348158771925
5.58307467542852,0.415782935979184,-0.274861588773982,-0.226006922383157,0.0173388765843013,-0.024444567514398,0.00758959386775052,-0.801761730382185,0.10422068219569
5.6217941269223,0.414050313951585,-0.275677665923095,-0.226064310613053,0.017537033822861,-0.0244065152042009,0.00762354303057312,-0.801590842671103,0.105097873180644
5.66078210355879,0.412307528066893,-0.276485092395563,-0.226121423135758,0.0177374207935048,-0.0243681797186308,0.00765741364839495,-0.80141596745123,0.105979743515264
5.70004046759971,0.410554658074737,-0.277283716626179,-0.226178240480291,0.0179400553156563,-0.0243295619248086,0.00769120293179947,-0.801237068712674,0.106866304956089
5.73957109422183,0.40879178655863,-0.278073387600995,-0.226234742802383,0.018144955117323,-0.0242906627381914,0.00772490810159661,-0.801054110035611,0.107757569221486
5.77937587160657,0.407018998940317,-0.278853954918318,-0.226290909882921,0.0183521378283023,-0.0242514831225412,0.00775852638991234,-0.800867054584401,0.108653547985255
5.81945670103016,0.405236383482645,-0.279625268850228,-0.226346721126512,0.0185616209733079,-0.0242120240898647,0.0077920550412854,-0.800675865101754,0.109554252870083
5.85981549695445,0.40344403129091,-0.28038718040457,-0.226402155560175,0.0187734219650194,-0.0241722867003244,0.00782549131377042,-0.800480503902949,0.110459695440837
5.90045418711838,0.401642036312689,-0.281139541387378,-0.226457191832152,0.0189875580970578,-0.0241322720621201,0.00785883248004653,-0.800280932870097,0.111369887197704
5.94137471263004,0.399830495336097,-0.281882204465703,-0.226511808210864,0.0192040465368891,-0.0240919813313399,0.00789207582853084,-0.800077113446471,0.112284839569169
5.9825790280594,0.39800950798648,-0.282615023230786,-0.226565982583981,0.0194229043186591,-0.0240514157117813,0.00792521866449562,-0.799869006630887,0.113204563904843
6.02406910153166,0.396179176721496,-0.283337852261545,-0.226619692457641,0.019644148335963,-0.0240105764547417,0.00795825831118857,-0.799656572972141,0.114129071468122
6.06584691482126,0.394339606824577,-0.284050547188318,-0.226672914955798,0.019867795334551,-0.0239694648587768,0.00799119211095515,-0.799439772563519,0.115058373428698
6.10791446344653,0.392490906396755,-0.284752964756837,-0.226725626819712,0.0200938619049756,-0.0239280822694288,0.00802401742636207,-0.799218565037362,0.115992480854905
6.15027375676503,0.390633186346826,-0.285444962892359,-0.226777804407578,0.0203223644751807,-0.0238864300789219,0.00805673164132096,-0.798992909559697,0.116931404705903
6.19292681806951,0.38876656037984,-0.286126400763934,-0.226829423694299,0.0205533193030384,-0.0238445097258257,0.00808933216221138,-0.798762764824943,0.117875155823712
6.23587568468454,0.38689114498391,-0.286797138848739,-0.226880460271405,0.0207867424688351,-0.0238023226946877,0.00812181641900202,-0.798528089050683,0.118823744925075
6.27912240806387,0.385007059415312,-0.287457038996444,-0.226930889347119,0.0210226498677111,-0.023759870515631,0.00815418186636927,-0.79828883997251,0.119777182593164
6.32266905388835,0.383114425681877,-0.28810596449355,-0.226980685746565,0.0212610572020566,-0.0237171547639217,0.00818642598481195,-0.798044974838949,0.120735479269128
6.36651770216467,0.381213368524665,-0.288743780127656,-0.227029823912133,0.0215019799738679,-0.0236741770595016,0.00821854628176139,-0.797796450406461,0.121698645243471
6.41067044732463,0.379304015397896,-0.289370352251595,-0.227078277903994,0.0217454334770674,-0.0236309390664893,0.00825054029268569,-0.797543222934519,0.122666690647276
6.45512939832527,0.377386496447165,-0.289985548847395,-0.227126021400766,0.0219914327897904,-0.0235874424926474,0.00828240558218706,-0.797285248180775,0.123639625443258
6.49989667874954,0.375460944485895,-0.290589239590009,-0.227173027700333,0.0222399927666435,-0.0235436890888172,0.00831413974509138,-0.797022481396312,0.124617459416662
6.54497442690774,0.373527494970065,-0.291181295910756,-0.227219269720821,0.0224911280309368,-0.0234996806483202,0.00834574040752861,-0.796754877320978,0.125600202165989
6.5903647959397,0.371586285971176,-0.291761591060429,-0.22726472000173,0.0227448529668949,-0.0234554190063264,0.0083772052280033,-0.79648239017882,0.12658786309356
6.63606995391757,0.369637458147489,-0.292330000172009,-0.227309350705224,0.0230011817118498,-0.0234109060391899,0.00840853189845384,-0.796204973673607,0.127580451395916
6.68209208394941,0.367681154713511,-0.292886400322931,-0.227353133617574,0.0232601281484196,-0.0233661436637517,0.00843971814529948,-0.795922580984448,0.128577976054053
6.72843338428345,0.365717521407746,-0.293430670596852,-0.227396040150763,0.0235217058966764,-0.0233211338366094,0.00847076173047398,-0.795635164761515,0.129580445823486
6.77509606841313,0.363746706458718,-0.293962692144863,-0.227438041344252,0.023785928306309,-0.023275878553355,0.00850166045244491,-0.795342677121866,0.13058786922415
6.82208236518274,0.361768860549272,-0.294482348246084,-0.227479107866901,0.024052808448781,-0.0232303798477799,0.00853241214721722,-0.795045069645369,0.131600254530135
6.86939451889399,0.359784136779158,-0.294989524367608,-0.227519210019052,0.0243223591094919,-0.0231846397910482,0.00856301468932031,-0.794742293370743,0.132617609759247
6.91703478941313,0.357792690625922,-0.29548410822371,-0.22755831773477,0.0245945927799418,-0.0231386604908383,0.00859346599277724,-0.794434298791708,0.133639942662406
6.96500545227891,0.355794679904103,-0.295965989834291,-0.227596400584244,0.024869521649906,-0.0230924440904528,0.00862376401205507,-0.794121035853242,0.134667260712875
7.0133087988113,0.35379026472277,-0.296435061582491,-0.227633427776353,0.0251471575996219,-0.0230459927678978,0.00865390674299533,-0.793802453947969,0.135699571095314
7.06194713622089,0.351779607441398,-0.296891218271419,-0.22766936816138,0.0254275121919924,-0.0229993087349316,0.00868389222372336,-0.79347850191266,0.136736880694672
7.11092278771915,0.349762872624117,-0.297334357179945,-0.2277041902339,0.0257105966648102,-0.0229523942360831,0.00871371853553552,-0.793149128024862,0.137779196084903
7.16023809262934,0.347740226992352,-0.297764378117506,-0.22773786213581,0.0259964219230056,-0.0229052515476411,0.00874338380376323,-0.792814279999654,0.138826523517512
7.20989540649828,0.345711839375872,-0.298181183477866,-0.227770351659536,0.0262849985309232,-0.0228578829766139,0.00877288619861278,-0.792473904986537,0.139878868909933
7.25989710120885,0.343677880662285,-0.298584678291783,-0.227801626251375,0.0265763367046295,-0.0228102908596607,0.00880222393597971,-0.792127949566459,0.140936237833731
7.31024556509332,0.341638523744993,-0.298974770278532,-0.227831653015016,0.0268704463042567,-0.022762477561996,0.00883139527823701,-0.791776359748977,0.141998635502636
7.36094320304735,0.339593943469654,-0.299351369896225,-0.227860398715201,0.0271673368263853,-0.0227144454762656,0.00886039853499578,-0.791419080969567,0.143066066760403
7.41199243664497,0.33754431657916,-0.299714390390895,-0.227887829781544,0.0274670173964696,-0.0226661970213968,0.00888923206383771,-0.791056058087078,0.1441385360685
7.46339570425412,0.335489821657188,-0.300063747844276,-0.22791391231251,0.0277694967613091,-0.0226177346414232,0.00891789427101807,-0.790687235381335,0.145216047493622
7.51515546115323,0.333430639070341,-0.30039936122024,-0.227938612079534,0.0280747832815706,-0.022569060804284,0.00894638361213843,-0.790312556550904,0.146298604695037
7.56727417964842,0.331366950908924,-0.300721152409852,-0.227961894531305,0.028382884924363,-0.0225201780005995,0.00897469859278821,-0.789931964711013,0.147386210911751
7.61975434919166,0.329298940926396,-0.301029046274979,-0.227983724798183,0.0286938092558688,-0.0224710887424235,0.00900283776915398,-0.789545402391629,0.148478868949507
7.67259847649959,0.327226794477531,-0.301322970690424,-0.228004067696777,0.029007563434036,-0.0224217955619732,0.00903079974859575,-0.789152811535717,0.149576581167607
7.72580908567334,0.325150698455334,-0.30160285658454,-0.228022887734661,0.0293241542013327,-0.0223723010103377,0.00905858319018936,-0.788754133497664,0.150679349465566
7.77938871831903,0.323070841226758,-0.301868637978267,-0.228040149115236,0.0296435878775687,-0.0223226076561661,0.0090861868052341,-0.788349309041874,0.151787175269583
7.83333993366922,0.320987412567265,-0.302120252022578,-0.228055815742737,0.0299658703527862,-0.0222727180843363,0.00911360935772479,-0.787938278341558,0.152900059518853
7.8876653087051,0.318900603594274,-0.302357639034269,-0.22806985122737,0.0302910070802227,-0.0222226348946051,0.00914084966478754,-0.787520980977699,0.154018002651691
7.94236743827963,0.316810606699552,-0.302580742530069,-0.228082218890601,0.0306190030693499,-0.0221723607002413,0.00916790659707845,-0.787097355938213,0.155141004591499
7.99744893524145,0.314717615480592,-0.302789509259038,-0.228092881770569,0.03094986287899,-0.0221218981266421,0.00919477907914452,-0.786667341617305,0.156269064732549
8.0529124305597,0.31262182467103,-0.302983889233204,-0.228101802627639,0.0312835906105136,-0.0220712498099349,0.0092214660897461,-0.786230875815023,0.1574021819256
8.10876057344967,0.310523430070159,-0.303163835756422,-0.228108943950079,0.0316201899011201,-0.0220204183955648,0.00924796666214032,-0.785787895737026,0.158540354463345
8.16499603149936,0.30842262847158,-0.303329305451417,-0.228114267959878,0.0319596639172045,-0.0219694065368692,0.00927427988432479,-0.785338337994553,0.159683580065683
8.22162149079689,0.306319617591061,-0.303480258284979,-0.228117736618675,0.0323020153478126,-0.0219182168936408,0.00930040489924104,-0.784882138604614,0.160831855864828
8.27863965605879,0.304214595993649,-0.303616657591291,-0.228119311633826,0.0326472463981864,-0.0218668521306806,0.00932634090493725,-0.784419232990402,0.16198517839024
8.33605325075921,0.302107763020096,-0.303738470093362,-0.22811895446458,0.0329953587834021,-0.0218153149163416,0.00935208715468974,-0.783949555981932,0.163143543553398
8.39386501726,0.299999318712654,-0.303845665922539,-0.228116626328383,0.0333463537221028,-0.0217636079210639,0.00937764295708269,-0.783473041816914,0.164306946632399
8.45207771694168,0.297889463740304,-0.303938218636077,-0.228112288207292,0.0337002319303284,-0.0217117338159041,0.0094030076760459,-0.782989624141858,0.165475382256394
8.51069413033537,0.295778399323468,-0.30401610523276,-0.228105900854508,0.0340569936154425,-0.0216596952710594,0.00942818073085005,-0.782499236013435,0.16664884438986
8.56971705725559,0.293666327158274,-0.304079306166533,-0.228097424801011,0.0344166384701612,-0.0216074949543869,0.00945316159605926,-0.782001809900073,0.167827326316704
8.62914931693396,0.291553449340431,-0.304127805358154,-0.228086820362312,0.0347791656666819,-0.0215551355299211,0.00947794980144058,-0.781497277683822,0.169010820624215
8.68899374815392,0.289439968288771,-0.304161590204842,-0.228074047645305,0.0351445738509159,-0.0215026196563896,0.00950254493183033,-0.780985570662472,0.170199319186844
8.74925320938629,0.28732608666853,-0.304180651587907,-0.228059066555224,0.0355128611368253,-0.0214499499857291,0.00952694662695703,-0.780466619551946,0.171392813149833
8.80993057892579,0.285212007314415,-0.304184983878362,-0.228041836802696,0.0358840251008655,-0.0213971291616026,0.00955115458122078,-0.779940354488957,0.17259129291269
8.87102875502857,0.283097933153543,-0.304174584940509,-0.228022317910897,0.0362580627765337,-0.0213441598179197,0.00957516854342902,-0.779406705033957,0.173794748112498
8.93255065605059,0.280984067128279,-0.304149456133489,-0.228000469222797,0.0366349706490259,-0.021291044577361,0.00959898831648876,-0.778865600174364,0.175003167607084
8.99449922058705,0.278870612119078,-0.304109602310804,-0.2279762499085,0.0370147446500017,-0.0212377860499074,0.00962261375705502,-0.778316968328086,0.176216539458032
9.05687740761275,0.276757770867356,-0.304055031817802,-0.22794961897267,0.0373973801524581,-0.0211843868313775,0.00964604477513584,-0.777760737347341,0.177434850913549
9.11968819662343,0.274645745898477,-0.303985756487135,-0.227920535262045,0.0377828719657133,-0.0211308495019724,0.00966928133365381,-0.777196834522792,0.178658088391186
9.18293458777804,0.272534739444911,-0.303901791632192,-0.227888957473039,0.0381712143305003,-0.0210771766248303,0.00969232344796424,-0.776625186587981,0.179886237460417
9.2466196020421,0.270424953369617,-0.303803156038513,-0.227854844159415,0.0385624009141718,-0.0210233707445929,0.00971517118533028,-0.776045719724094,0.181119282825082
9.31074628133199,0.268316589089729,-0.303689871953196,-0.227818153740047,0.038956424806015,-0.0209694343859831,0.00973782466435522,-0.775458359565049,0.18235720830569
9.3753176886602,0.266209847500593,-0.303561965072306,-0.227778844506751,0.0393532785126775,-0.0209153700523975,0.00976028405437218,-0.774863031202915,0.183599996821589
9.44033690828169,0.264104928900223,-0.3034194645263,-0.227736874632194,0.039752953953705,-0.0208611802245136,0.00978254957479163,-0.774259659193671,0.184847630373014
9.50580704584117,0.262002032914234,-0.30326240286349,-0.227692202177877,0.040155442457189,-0.0208068673589136,0.0098046214944071,-0.77364816756332,0.186100090022999
9.57173122852146,0.25990135842131,-0.303090816031546,-0.227644785102175,0.0405607347555256,-0.0207524338867262,0.00982650013065948,-0.773028479814344,0.187357355879178
9.63811260519287,0.257803103479272,-0.30290474335708,-0.227594581268461,0.0409688209812851,-0.0206978822122872,0.00984818584886044,-0.772400518932531,0.188619407075463
9.70495434656358,0.255707465251797,-0.302704227523315,-0.22754154845328,0.041379690663192,-0.020643214711821,0.00986967906137553,-0.771764207394169,0.189886221753612
9.7722596453311,0.253614639935849,-0.302489314545874,-0.227485644354597,0.0417933327222143,-0.020588433732144,0.00989098022676734,-0.77111946717361,0.191157777044685
9.84003171633479,0.251524822689881,-0.302260053746707,-0.2274268266001,0.0422097354677622,-0.0205335415893901,0.00991208984889964,-0.770466219751223,0.192434049050403
9.90827379670937,0.249438207562855,-0.302016497726195,-0.227365052755562,0.0426288865939966,-0.0204785405677617,0.00993300847600286,-0.769804386121733,0.193715012824404
9.97698914603959,0.247354987424144,-0.301758702333441,-0.227300280333264,0.0430507731762447,-0.0204234329183056,0.00995373669970183,-0.769133886802964,0.195000642353406
10.0461810465159,0.24527535389436,-0.301486726634809,-0.227232466800469,0.0434753816675236,-0.0203682208577153,0.00997427515400632,-0.768454641844977,0.196290910538287
10.1158528030912,0.243199497277165,-0.301200632880706,-0.227161569587957,0.0439026978951706,-0.0203129065671623,0.00999462451426539,-0.767766570839631,0.197585789175079
10.1860077436388,0.241127606492117,-0.300900486470685,-0.227087546098604,0.0443327070575802,-0.020257492191155,0.0100147854960862,-0.767069592930556,0.198885248935887
10.2566492191112,0.239059869008596,-0.300586355916864,-0.227010353716023,0.0447653937210449,-0.0202019798364293,0.010034758854218,-0.766363626823556,0.20018925934974
10.3277806037004,0.236996470780851,-0.300258312805734,-0.226929949813244,0.045200741816702,-0.0201463715708691,0.0100545453814027,-0.765648590797449,0.201497788783383
10.3994052949988,0.234937596184234,-0.299916431758366,-0.22684629176145,0.0456387346375826,-0.0200906694224603,0.0100741459071926,-0.764924402715344,0.202810804422002
10.4715267141616,0.232883427952643,-0.299560790389086,-0.226759336938764,0.0460793548357639,-0.0200348753782774,0.0100935612967357,-0.764190980036371,0.204128272249916
10.5441483060703,0.230834147117231,-0.299191469262635,-0.226669042739075,0.0465225844196228,-0.0199789913835047,0.0101127924495309,-0.763448239827868,0.205450157031211
10.6172735394972,0.228789932946418,-0.298808551849876,-0.226575366580917,0.0469684047511908,-0.0199230193404935,0.010131840298153,-0.762696098778029,0.206776422290354
10.6909059072708,0.226750962887246,-0.298412124482084,-0.226478265916391,0.0474167965436073,-0.0198669611078543,0.0101507058069488,-0.761934473209026,0.208107030292772
10.7650489264432,0.224717412508108,-0.298002276303869,-0.226377698240136,0.047867739858674,-0.0198108184995875,0.010169389970706,-0.761163279090611,0.209441942025423
10.8397061384575,0.222689455442902,-0.297579099224778,-0.226273621098341,0.048321214104505,-0.0197545932842515,0.0101878938132949,-0.760382432054201,0.210781117177344
10.9148811093176,0.220667263336632,-0.297142687869619,-0.226165992097805,0.0487771980332755,-0.0196982871841697,0.0102062183862852,-0.759591847407458,0.212124514120214
10.9905774297578,0.218651005792487,-0.296693139527568,-0.22605476891504,0.049235669739066,-0.0196419018746773,0.0102243647675383,-0.758791440149368,0.213472089888917
11.0667987154147,0.216640850320439,-0.296230554100101,-0.225939909305423,0.0496966066558022,-0.0195854389834087,0.0102423340597766,-0.757981124985833,0.214823800162126
11.1435486070002,0.214636962287382,-0.295755034047798,-0.225821371112385,0.0501599855552897,-0.0195289000896258,0.0102601273891308,-0.757160816345769,0.216179599242916
11.2208307704748,0.212639504868836,-0.295266684336084,-0.225699112276654,0.0506257825453419,-0.0194722867235882,0.0102777459036669,-0.75633042839773,0.217539440039413
11.2986488972231,0.210648639002247,-0.294765612379946,-0.225573090845539,0.0510939730680017,-0.0194156003659658,0.0102951907718935,-0.755489875067061,0.218903274045499
11.3770067042298,0.208664523341903,-0.294251927987682,-0.22544326498226,0.0515645318978558,-0.0193588424472946,0.0103124631812513,-0.754639070053587,0.220271051321566
11.4559079342577,0.206687314215483,-0.293725743303745,-0.225309592975327,0.052037433140441,-0.0193020143474761,0.0103295643365856,-0.753777926849836,0.22164272047535
11.535356356026,0.204717165582269,-0.293187172750719,-0.225172033247965,0.0525126502307423,-0.0192451173953203,0.0103464954586032,-0.752906358759819,0.223018228642844
11.6153557643908,0.202754228993026,-0.2926363329705,-0.225030544367585,0.0529901559317814,-0.0191881528681339,0.0103632577823156,-0.752024278918361,0.224397521469304
11.6959099805258,0.200798653551565,-0.292073342764713,-0.224885085055311,0.0534699223332977,-0.0191311219913536,0.0103798525554687,-0.751131600310988,0.225780543090363
11.7770228521052,0.198850585878022,-0.291498323034444,-0.22473561419555,0.053951920850519,-0.0190740259382237,0.0103962810369615,-0.750228235794387,0.227167236113264
11.8586982534876,0.196910170073831,-0.290911396719328,-0.224582090845615,0.0544361222230234,-0.0190168658295206,0.0104125444952545,-0.749314098117436,0.228557541598225
11.9409400859005,0.194977547688432,-0.290312688736043,-0.224424474245403,0.0549224965136919,-0.0189596427333227,0.0104286442067691,-0.748389099942807,0.229951399039944
12.0237522776272,0.193052857687702,-0.28970232591628,-0.224262723827125,0.0554110131077524,-0.018902357664827,0.0104445814542793,-0.74745315386916,0.23134874634927
12.1071387841942,0.19113623642412,-0.289080436944231,-0.22409679922509,0.0559016407119139,-0.0188450115862113,0.0104603575252987,-0.746506172453918,0.232749519835041
12.1911035885602,0.18922781760867,-0.288447152293645,-0.223926660285549,0.0563943473535945,-0.018787605406544,0.0104759737104604,-0.745548068236644,0.234153654186109
12.2756507013062,0.187327732284486,-0.287802604164533,-0.22375226707659,0.056889100380239,-0.0187301399817405,0.0104914313018963,-0.744578753763003,0.23556108245357
12.3607841608273,0.185436108802232,-0.287146926419532,-0.2235735798981,0.0573858664587322,-0.0186726161145658,0.0105067315916117,-0.743598141609341,0.2369717360332
12.4465080335254,0.183553072797224,-0.286480254520026,-0.223390559291786,0.0578846115749041,-0.0186150345546848,0.0105218758698618,-0.74260614440786,0.23838554464814
12.5328264140034,0.181678747168283,-0.285802725462042,-0.223203166051253,0.058385301033131,-0.018557395998759,0.0105368654235269,-0.741602674872407,0.239802436331807
12.6197434252612,0.179813252058312,-0.285114477711995,-0.223011361232154,0.0588878994560325,-0.0184997010905906,0.0105517015344911,-0.74058764582488,0.241222337411084
12.7072632188919,0.177956704836605,-0.284415651142325,-0.222815106162406,0.0593923707842658,-0.0184419504213127,0.0105663854780238,-0.739560970222245,0.242645172489783
12.7953899752808,0.176109220082858,-0.28370638696707,-0.222614362452461,0.0598986782764188,-0.0183841445296267,0.0105809185211661,-0.738522561184181,0.244070864432403
12.8841279038047,0.174270909572887,-0.282986827677447,-0.222409092005666,0.0604067845090042,-0.0183262839020861,0.0105953019211238,-0.737472332021341,0.245499334348204
12.9734812430331,0.172441882266032,-0.282257116977463,-0.22219925702868,0.0609166513765556,-0.0182683689734268,0.0106095369236675,-0.736410196264239,0.246930501575611
13.0634542609305,0.170622244294246,-0.281517399719624,-0.221984820041965,0.0614282400918284,-0.018210400126943,0.0106236247615414,-0.735336067692774,0.248364283666964
13.1540512550606,0.168812098952829,-0.280767821840787,-0.221765743890362,0.0619415111861068,-0.0181523776949093,0.0106375666528832,-0.734249860366364,0.249800596373639
13.2452765527909,0.167011546692829,-0.280008530298189,-0.221541991753729,0.0624564245096206,-0.0180943019590486,0.0106513637996539,-0.733151488654727,0.251239353631548
13.3371345115004,0.165220685115045,-0.279239673005722,-0.221313527157666,0.0629729392320733,-0.0180361731510445,0.0106650173860821,-0.732040867269284,0.252680467547047
13.4296295187868,0.16343960896566,-0.278461398770472,-0.221080313984322,0.0634910138432836,-0.0179779914530989,0.0106785285771211,-0.73091791129519,0.254123848383263
13.5227659926764,0.161668410133446,-0.277673857229592,-0.220842316483272,0.0640106061539458,-0.0179197569985342,0.0106918985169221,-0.729782536224,0.25556940454687
13.6165483818355,0.159907177648542,-0.276877198787526,-0.220599499282486,0.0645316732965093,-0.0178614698724387,0.0107051283273232,-0.728634657986965,0.257017042575314
13.7109811657822,0.158155997682769,-0.276071574553656,-0.22035182739938,0.0650541717261824,-0.0178031301123563,0.0107182191063568,-0.727474192988948,0.258466667124533
13.806068855101,0.156414953551467,-0.275257136280377,-0.220099266251953,0.065578057222063,-0.0177447377090183,0.0107311719267762,-0.726301058142974,0.259918180957172
13.9018159916578,0.154684125716822,-0.274434036301673,-0.219841781670006,0.0661032848884,-0.0176862926071184,0.0107439878346015,-0.725115170905402,0.261371484931319
13.998227148817,0.152963591792664,-0.273602427472212,-0.219579339906455,0.0666298091559898,-0.0176277947061288,0.010756667847688,-0.723916449311714,0.262826477989789
14.0953069316601,0.151253426550698,-0.272762463106997,-0.219311907648727,0.0671575837837111,-0.0175692438611578,0.0107692129543164,-0.722704812012928,0.264283057149969
14.1930599772055,0.149553701928149,-0.271914296921625,-0.219039452030255,0.0676865618602026,-0.0175106398838479,0.0107816241118069,-0.721480178312616,0.26574111749425
14.2914909546299,0.14786448703679,-0.271058082973167,-0.218761940642052,0.0682166958056886,-0.0174519825433137,0.0107939022451587,-0.72024246820454,0.267200552161063
14.3906045654914,0.146185848173323,-0.270193975601721,-0.218479341544383,0.0687479373739554,-0.0173932715671188,0.0108060482457142,-0.718991602410883,0.268661252336552
14.4904055439544,0.144517848831076,-0.269322129372656,-0.218191623278532,0.0692802376544853,-0.0173345066422919,0.0108180629698516,-0.717727502421085,0.270123107246886
14.5908986570152,0.142860549712994,-0.268442699019586,-0.21789875487865,0.0698135470747515,-0.0172756874163791,0.0108299472377047,-0.716450090531263,0.271586004151255
14.6920887047298,0.141214008745889,-0.267555839388098,-0.21760070588371,0.0703478154026797,-0.0172168134985347,0.010841701831912,-0.715159289884221,0.273049828335555
14.7939805204436,0.139578281095915,-0.266661705380273,-0.21729744634954,0.0708829917492817,-0.0171578844606467,0.0108533274963962,-0.713855024510034,0.274514463106795
14.8965789710218,0.137953419185233,-0.265760451900003,-0.216988946860958,0.0714190245714653,-0.0170988998384989,0.0108648249351743,-0.712537219367193,0.275979789788239
14.999888957082,0.136339472709833,-0.264852233799158,-0.216675178543997,0.0719558616750283,-0.0170398591329657,0.0108761948112001,-0.711205800384322,0.277445687715316
15.1039154132284,0.134736488658489,-0.263937205824609,-0.216356113078216,0.0724934502178389,-0.016980761811242,0.0108874377452402,-0.709860694502426,0.278912034232318
15.2086633082875,0.133144511332797,-0.26301552256613,-0.216031722709108,0.0730317367132119,-0.0169216073081048,0.0108985543147824,-0.708501829717691,0.280378704689901
15.3141376455451,0.131563582368268,-0.262087338405211,-0.215701980260592,0.0735706670334841,-0.0168623950272066,0.0109095450529809,-0.707129135124799,0.281845572443422
15.4203434629857,0.129993740756446,-0.261152807464788,-0.215366859147599,0.0741101864137954,-0.0168031243423995,0.0109204104476357,-0.705742540960761,0.283312508852132
15.5272858335329,0.12843502286801,-0.260212083559924,-0.215026333388737,0.0746502394560826,-0.0167437945990892,0.0109311509402088,-0.704341978649247,0.284779383279243
15.6349698652918,0.126887462476819,-0.259265320149444,-0.214680377619047,0.0751907701332918,-0.0166844051156179,0.0109417669248787,-0.702927380845407,0.286246063092907
15.7434007017931,0.125351090784882,-0.258312670288546,-0.214328967102838,0.0757317217938147,-0.0166249551846739,0.0109522587476312,-0.701498681481156,0.287712413668103
15.8525835222385,0.1238259364482,-0.257354286582408,-0.213972077746605,0.0762730371661562,-0.0165654440747297,0.0109626267053911,-0.700055815810922,0.289178298389488
15.9625235417481,0.122312025603446,-0.256390321140794,-0.213609686112022,0.0768146583638411,-0.0165058710315039,0.0109728710451918,-0.698598720457824,0.290643578655207
16.07322601161,0.120809381895466,-0.255420925533681,-0.213241769429013,0.0773565268905625,-0.0164462352794492,0.0109829919633861,-0.697127333460279,0.292108113881703
16.1846962195303,0.119318026505536,-0.254446250747906,-0.21286830560889,0.077898583645583,-0.0163865360232627,0.0109929896048982,-0.695641594319006,0.293571761509541
16.2969394898867,0.117837978180363,-0.253466447144865,-0.212489273257568,0.0784407689293927,-0.0163267724494198,0.011002864062516,-0.694141444044424,0.295034377010268
16.4099611839816,0.116369253261789,-0.252481664419237,-0.21210465168883,0.0789830224496308,-0.0162669437277283,0.0110126153762276,-0.692626825204399,0.296495813894335
16.5237667002994,0.11491186571715,-0.251492051558782,-0.211714420937671,0.0795252833272791,-0.0162070490129034,0.0110222435325986,-0.691097681972348,0.297955923720106
16.6383614747635,0.113465827170275,-0.250497756805182,-0.21131856177368,0.0800674901031317,-0.0161470874461618,0.0110317484641944,-0.689553960175656,0.299414556103967
16.7537509809962,0.112031146933075,-0.249498927615954,-0.210917055714487,0.0806095807445501,-0.0160870581568331,0.0110411300490458,-0.687995607344393,0.300871558731561
16.8699407305804,0.110607832037696,-0.248495710627433,-0.210509885039247,0.0811514926525086,-0.0160269602639884,0.0110503881101585,-0.686422572760308,0.302326777370175
16.9869362733223,0.109195887269192,-0.24748825161882,-0.210097032802173,0.0816931626689369,-0.0159667928780844,0.0110595224150686,-0.68483480750607,0.30378005588229
17.1047431975172,0.107795315198702,-0.246476695477309,-0.209678482846093,0.082234527084368,-0.0159065551026217,0.0110685326754426,-0.683232264514738,0.30523123624032
17.2233671302159,0.106406116217076,-0.245461186164279,-0.209254219816049,0.082775521645895,-0.0158462460358164,0.0110774185467237,-0.681614898619418,0.306680158542567
17.3428137374936,0.105028288568932,-0.244441866682571,-0.208824229172911,0.0833160815654467,-0.0157858647722838,0.0110861796278237,-0.679982666603109,0.308126661030396
17.4630887247206,0.103661828387106,-0.243418879044826,-0.208388497207007,0.0838561415283858,-0.0157254104047321,0.0110948154608622,-0.678335527248672,0.309570580106659
17.5841978368348,0.102306729727462,-0.242392364242902,-0.207947011051765,0.0843956357024368,-0.0156648820256667,0.0111033255309518,-0.676673441388923,0.311011750355389
17.7061468586161,0.100962984604036,-0.241362462218349,-0.207499758697352,0.0849344977469503,-0.0156042787291018,0.0111117092660312,-0.674996371956807,0.312450004562771
17.8289416149627,0.0996305830244749,-0.240329311833955,-0.207046729004317,0.0854726608225088,-0.0155435996122795,0.0111199660367453,-0.673304284035622,0.313885173739422
17.9525879711692,0.0983095130257425,-0.239293050846342,-0.206587911717202,0.0860100576008805,-0.0154828437773946,0.0111280951563729,-0.67159714490926,0.315317087143982
18.0770918332073,0.0969997607100685,-0.238253815879623,-0.20612329747815,0.0865466202753265,-0.0154220103333236,0.0111360958808025,-0.669874924112444,0.316745572308044
18.2024591480069,0.0957013102811018,-0.237211742400097,-0.205652877840468,0.0870822805712667,-0.0153610983973573,0.0111439674085561,-0.668137593480902,0.318170455062424
18.3286959037413,0.0944141440802453,-0.236166964691985,-0.205176645282151,0.0876169697573112,-0.0153001070969349,0.0111517088808611,-0.666385127201474,0.319591559564806
18.4558081301122,0.0931382426231419,-0.235119615834198,-0.204694593219363,0.0881506186566595,-0.0152390355713793,0.0111593193817704,-0.664617501862093,0.321008708328757
18.5838018986386,0.091873584636284,-0.234069827678125,-0.204206716019849,0.0886831576588749,-0.0151778829736313,0.0111667979383314,-0.662834696501612,0.322421722254129
18.7126833229461,0.0906201470937194,-0.233017730826433,-0.203713009016285,0.0892145167320386,-0.0151166484719819,0.0111741435208024,-0.66103669265944,0.32383042065887
18.8424585590593,0.0893779052538289,-0.231963454612872,-0.20321346851954,0.0897446254352856,-0.0150553312518018,0.0111813550429189,-0.659223474424951,0.325234621312242
18.9731338056957,0.0881468326961469,-0.230907127083068,-0.20270809183185,0.0902734129317291,-0.0149939305172658,0.0111884313622067,-0.657395028486619,0.326634140469462
19.1047153045619,0.0869269013582025,-0.229848874976297,-0.202196877259894,0.0908008080017761,-0.0149324454930717,0.0111953712803448,-0.655551344180847,0.328028792907773
19.2372093406515,0.0857180815723555,-0.228788823708232,-0.201679824127746,0.0913267390568376,-0.0148708754261521,0.011202173543576,-0.653692413540445,0.329418391963958
19.3706222425457,0.0845203421026043,-0.227727097354641,-0.201156932789713,0.0918511341534366,-0.0148092195873776,0.0112088368431654,-0.65181823134272,0.330802749573296
19.5049603827152,0.0833336501813411,-0.226663818636031,-0.200628204643026,0.0923739210077175,-0.0147474772732504,0.0112153598159077,-0.649928795157129,0.332181676309968
19.6402301778248,0.0821579715460351,-0.225599108903221,-0.200093642140386,0.0928950270103581,-0.0146856478075867,0.0112217410446816,-0.648024105392463,0.333554981428921
19.7764380890397,0.0809932704758183,-0.224533088123835,-0.199553248802351,0.0934143792418878,-0.0146237305431869,0.0112279790590526,-0.6461041653435,0.334922472909194
19.9135906223344,0.0798395098279566,-0.223465874869694,-0.199007029229535,0.093931904488412,-0.014561724863492,0.0112340723359227,-0.644168981237111,0.336283957498691
20.0516943288031,0.0786966510741828,-0.222397586305094,-0.198454989114636,0.0944475292577461,-0.014499630184225,0.0112400193002274,-0.642218562277744,0.337639240760434
20.1907558049731,0.0775646543368749,-0.221328338175966,-0.197897135254254,0.094961179795958,-0.0144374459550165,0.0112458183256797,-0.640252920692266,0.338988127120258
20.3307816931193,0.0764434784250581,-0.220258244799886,-0.197333475560487,0.0954727821043209,-0.014375171661012,0.0112514677355604,-0.638272071774098,0.340330419915977
20.4717786815819,0.0753330808702145,-0.219187419056929,-0.196764019072315,0.095982261956676,-0.014312806824461,0.0112569658035544,-0.636276033926611,0.341665921447995
20.6137535050858,0.0742334179618823,-0.218115972381354,-0.196188775966727,0.0964895449172048,-0.0142503510062854,0.0112623107546333,-0.63426482870573,0.342994433031376
20.756712945062,0.0731444447830274,-0.217044014754096,-0.195607757569597,0.0969945563586098,-0.0141878038076273,0.0112675007659823,-0.632238480861695,0.344315755049344
20.900663829972,0.0720661152451715,-0.215971654696054,-0.195020976366293,0.0974972214807029,-0.014125164871373,0.0112725339679726,-0.630197018379947,0.345629687008228
21.0456130356336,0.0709983821232621,-0.21489899926216,-0.194428446011992,0.0979974653293985,-0.0140624338836541,0.0112774084451777,-0.628140472521069,0.346936027593828
21.1915674855492,0.0699411970902687,-0.213826154036206,-0.193830181341703,0.0984952128161106,-0.0139996105753227,0.0112821222374339,-0.626068877859751,0.348234574729195
21.338534151237,0.0688945107514916,-0.212753223126422,-0.193226198379971,0.0989903887375491,-0.0139366947234006,0.0112866733409426,-0.623982272322732,0.349525125633809
21.4865200525637,0.0678582726785702,-0.211680309161777,-0.192616514350254,0.0994829177959136,-0.0138736861525002,0.011291059709417,-0.621880697225653,0.350807476884147
21.6355322580795,0.066832431443177,-0.210607513288993,-0.192001147683956,0.0999727246194793,-0.0138105847362173,0.0112952792552685,-0.619764197308796,0.352081424475621
21.7855778853565,0.0658169346503873,-0.209534935170262,-0.191380118029099,0.100459733783572,-0.0137473903984931,0.0112993298508362,-0.61763282077164,0.353346763885864
21.9366641013278,0.0648117289717107,-0.208462672981626,-0.190753446258622,0.100943869831925,-0.0136841031149453,0.011303209329655,-0.615486619306203,0.354603290139355
22.0887981226306,0.0638167601777756,-0.207390823412035,-0.190121154478296,0.101425057298415,-0.0136207229141662,0.0113069154877647,-0.613325648129108,0.355850797873348
22.2419872159503,0.0628319731706553,-0.206319481663033,-0.189483266034226,0.101903220729169,-0.0135572498789875,0.0113104460850569,-0.611149966012338,0.357089081405097
22.396238698368,0.0618573120158269,-0.205248741449083,-0.188839805519941,0.102378284705036,-0.0134936841477105,0.0113137988466607,-0.608959635312613,0.358317934800339
22.5515599377096,0.0608927199737533,-0.204178694998496,-0.188190798783054,0.102850173864412,-0.0134300259152995,0.0113169714643646,-0.606754721999371,0.359537151943014
22.7079583528983,0.0599381395310807,-0.203109433054955,-0.18753627293146,0.103318812926424,-0.0133662754345391,0.0113199615980755,-0.604535295681274,0.360746526606198
22.8654414143084,0.0589935124314431,-0.202041044879615,-0.186876256339088,0.103784126714441,-0.0133024330171523,0.0113227668773121,-0.602301429631211,0.361945852524213
23.0240166441225,0.0580587797058672,-0.200973618253757,-0.186210778651163,0.104246040179933,-0.0132384990348804,0.0113253849027331,-0.600053200809758,0.363134923465876
23.1836916166905,0.05713388170277,-0.199907239481996,-0.185539870788983,0.104704478426632,-0.0131744739205219,0.0113278132476985,-0.597790689887023,0.364313533308876
23.3444739588916,0.0562187581175443,-0.198841993396004,-0.184863564954183,0.105159366735027,-0.0131103581689299,0.0113300494598629,-0.595513981262861,0.365481476115211
23.5063713504986,0.0553133480217255,-0.197777963358745,-0.18418189463249,0.10561063058714,-0.0130461523379682,0.0113320910628001,-0.593223163085393,0.366638546207679
23.6693915245447,0.0544175898917341,-0.196715231269207,-0.18349489459693,0.106058195691601,-0.0129818570494226,0.0113339355576579,-0.590918327267799,0.36778453824736
23.8335422676926,0.0535314216371915,-0.195653877567606,-0.182802600910501,0.106501988009,-0.0129174729898695,0.0113355804248412,-0.588599569503334,0.368919247312065
23.9988314206069,0.0526547806288018,-0.194593981241053,-0.18210505092827,0.1069419337775,-0.0128530009114977,0.0113370231257229,-0.586266989278531,0.370042468975698
24.1652668783283,0.0517876037257989,-0.193535619829663,-0.181402283298914,0.107377959538702,-0.0127884416328859,0.0113382611043821,-0.583920689884546,0.37115399938849
24.3328565906507,0.0509298273029535,-0.192478869433097,-0.180694337965654,0.107809992163746,-0.0127237960397315,0.011339291789366,-0.581560778426606,0.372253635358064
24.5016085625011,0.0500813872771386,-0.191423804717513,-0.17998125616661,0.10823795887964,-0.0126590650855329,0.0113401125954772,-0.579187365831531,0.373341174431275
24.6715308543219,0.0492422191334503,-0.190370498922913,-0.179263080434527,0.108661787295787,-0.0125942497922227,0.0113407209255825,-0.576800566853271,0.374416414976782
24.8426315824557,0.0484122579508828,-0.189319023870885,-0.17853985459589,0.109081405430714,-0.0125293512507517,0.0113411141724436,-0.57440050007645,0.375479156268292
25.0149189195333,0.0475914384275554,-0.188269449972693,-0.1778116237694,0.109496741738969,-0.0124643706216226,0.0113412897205679,-0.571987287917862,0.376529198568442
25.1884010948637,0.0467796949054909,-0.187221846237737,-0.177078434363806,0.109907725138182,-0.0123993091353738,0.0113412449480772,-0.569561056625889,0.377566343213235
25.3630863948277,0.0459769613949436,-0.186176280282344,-0.176340334075084,0.110314285036265,-0.0123341680930103,0.0113409772285937,-0.567121936277817,0.378590392697007
25.538983163273,0.0451831715982788,-0.185132818338878,-0.175597371882947,0.110716351358738,-0.0122689488663845,0.0113404839331425,-0.564670060775023,0.379601150757838
25.7160998019135,0.0443982589334009,-0.184091525265173,-0.174849598046683,0.111113854576162,-0.0122036528985227,0.0113397624320669,-0.562205567835979,0.380598422463372
25.89444477073,0.0436221565567328,-0.183052464554251,-0.174097064100311,0.111506725731655,-0.0121382817038996,0.0113388100969577,-0.559728598987086,0.381582014296969
26.0740265883745,0.0428547973857459,-0.182015698344322,-0.173339822847048,0.111894896468485,-0.012072836868659,0.0113376243025929,-0.557239299551279,0.382551734244138
26.2548538325773,0.0420961141210417,-0.180981287429065,-0.172577928353069,0.112278299057696,-0.0120073200507802,0.0113362024288874,-0.554737818634396,0.38350739187918
26.4369351405564,0.0413460392679877,-0.179949291268149,-0.171811435940573,0.112656866425784,-0.01194173298019,0.0113345418628511,-0.552224309109296,0.384448798451978
26.6202792094301,0.0406045051579069,-0.178919767998011,-0.171040402180126,0.113030532182359,-0.0118760774588207,0.0113326400005527,-0.549698927597687,0.385375766974883
26.8048947966327,0.0398714439688246,-0.177892774442856,-0.170264884882296,0.113399230647814,-0.0118103553606118,0.0113304942490894,-0.547161834449665,0.386288112309602
26.9907907203326,0.0391467877457733,-0.176868366125878,-0.169484943088561,0.113762896880945,-0.0117445686314575,0.0113281020285594,-0.544613193720946,0.38718565125405
27.1779758598533,0.0384304684206592,-0.175846597280689,-0.168700637061486,0.114121466706524,-0.0116787192890981,0.0113254607740364,-0.542053173147772,0.388068202629071
27.3664591560979,0.0377224178316914,-0.174827520862938,-0.167912028274179,0.114474876742794,-0.0116128094229557,0.0113225679375439,-0.539481944119482,0.388935587364984
27.556249611976,0.0370225677423786,-0.173811188562121,-0.167119179399008,0.11482306442886,-0.0115468411939143,0.0113194209900283,-0.53689968164875,0.389787628587859
27.7473562928336,0.0363308498600939,-0.172797650813554,-0.166322154295581,0.115165968051967,-0.011480816834044,0.0113160174233286,-0.534306564339471,0.390624151705474
27.9397883268864,0.0356471958542129,-0.171786956810509,-0.165521017997992,0.115503526774625,-0.0114147386462698,0.0113123547521414,-0.531702774352297,0.391444984492865
28.1335549056553,0.0349715373738275,-0.170779154516506,-0.164715836701333,0.115835680661569,-0.0113486090039834,0.0113084305159792,-0.529088497367827,0.392249957177406
28.3286652844062,0.0343038060650392,-0.169774290677739,-0.163906677747461,0.116162370706537,-0.0112824303506007,0.0113042422811206,-0.526463922547446,0.393038902523342
28.5251287825912,0.0336439335878359,-0.168772410835632,-0.163093609610037,0.11648353885882,-0.0112162051990627,0.0112997876425508,-0.523829242491815,0.393811655915709
28.7229547842946,0.0329918516325553,-0.167773559339515,-0.162276701878821,0.116799128049592,-0.0111499361312822,0.0112950642258901,-0.521184653197028,0.394568055443555
28.9221527386804,0.03234749193594,-0.166777779359413,-0.161456025243251,0.117109082217964,-0.0110836257975338,0.0112900696893099,-0.518530354008439,0.395307941982401
29.1227321604441,0.031710786296788,-0.165785112898932,-0.160631651475274,0.117413346336771,-0.0110172769157911,0.0112848017254331,-0.515866547572169,0.396031159275859
29.324702630267,0.0310816665912026,-0.164795600808237,-0.159803653411473,0.117711866438037,-0.0109508922710077,0.0112792580632184,-0.51319343978431,0.396737554016347
29.5280737952738,0.0304600647874468,-0.163809282797115,-0.158972104934459,0.118004589638122,-0.0108844747143457,0.0112734364698264,-0.510511239737842,0.397426975924804
29.7328553694936,0.0298459129604062,-0.16282619744811,-0.158137080953561,0.118291464162509,-0.0108180271623498,0.0112673347524656,-0.507820159667288,0.39809927782936
29.9390571343235,0.0292391433056654,-0.161846382229725,-0.157298657384806,0.118572439370216,-0.0107515525960691,0.0112609507602171,-0.505120414891115,0.398754315742864
30.1466889389963,0.0286396881532026,-0.160869873509681,-0.156456911130205,0.118847465777808,-0.010685054060126,0.0112542823858364,-0.502412223751924,0.399391948939213
30.3557607010504,0.0280474799807067,-0.159896706568225,-0.155611920056341,0.119116495082987,-0.0106185346617337,0.0112473275675298,-0.499695807554438,0.4000120400284
30.566282406804,0.0274624514265229,-0.158926915611484,-0.154763762972287,0.119379480187738,-0.0105519975696632,0.0112400842907054,-0.496971390501335,0.40061445503022
30.7782641118319,0.0268845353022309,-0.15796053378485,-0.153912519606849,0.119636375220997,-0.010485446013159,0.0112325505896956,-0.494239199626945,0.401199063446549
30.9917159414457,0.0263136646048606,-0.156997593186393,-0.153058270585153,0.119887135560845,-0.0104188832808062,0.0112247245494504,-0.491499464728856,0.401765738332142
31.2066480911777,0.0257497725287513,-0.156038124880299,-0.152201097404581,0.120131717856173,-0.010352312719349,0.0112166043071997,-0.488752418297456,0.402314356363865
31.4230708272674,0.0251927924770587,-0.15508215891032,-0.15134108241008,0.120370080047822,-0.0102857377324612,0.0112081880540834,-0.485998295443466,0.402844797908312
31.6409944871527,0.0246426580729152,-0.154129724313231,-0.150478308768846,0.120602181389163,-0.0102191617794699,0.011199474036747,-0.483237333823493,0.403356947087715
31.8604294799627,0.0240993031702492,-0.153180849132287,-0.149612860444404,0.120827982466105,-0.0101525883740346,0.0111904605589024,-0.480469773563653,0.403850691844114
32.0813862870155,0.0235626618642671,-0.152235560430685,-0.148744822170097,0.121047445216494,-0.0100860210827802,0.0111811459828519,-0.477695857181315,0.404325924001683
32.3038754623189,0.0230326685016051,-0.151293884305005,-0.147874279422002,0.121260532948911,-0.0100194635238875,0.0111715287309735,-0.474915829505017,0.404782539327193
32.5279076330741,0.0225092576901554,-0.150355845898641,-0.147001318391286,0.121467210360819,-0.00995291936564133,0.0111616072871675,-0.472129937592592,0.40522043758851
32.7534935001834,0.0219923643085713,-0.149421469415216,-0.146126025956026,0.121667443556056,-0.00988639232493699,0.0111513801982614,-0.469338430647583,0.4056395226111
32.9806438387618,0.0214819235154576,-0.14849077813196,-0.145248489652505,0.12186120006166,-0.00981988616574745,0.0111408460753739,-0.46654155993398,0.40603970233246
33.2093694986511,0.0209778707582507,-0.147563794413066,-0.144368797645999,0.122048448843993,-0.00975340469755169,0.0111300035952342,-0.463739578689357,0.406420888854439
33.4396814049384,0.0204801417817952,-0.14664053972301,-0.143487038701097,0.122229160324158,-0.00968695177372581,0.0111188515014579,-0.460932742036457,0.406782998493377
33.6715905584778,0.0199886726366198,-0.145721034639827,-0.142603302151541,0.122403306392691,-0.00962053128989838,0.011107388605777,-0.458121306893294,0.407125951828022
33.9051080364161,0.0195033996869201,-0.14480529886835,-0.141717677869634,0.122570860423502,-0.00955414718227134,0.0110956137892229,-0.455305531881842,0.40744967374517
34.1402449927217,0.0190242596182523,-0.143893351253387,-0.140830256235227,0.122731797287068,-0.00948780342590792,0.0110835260032622,-0.452485677235367,0.407754093482978
34.3770126587175,0.0185511894449435,-0.142985209792866,-0.139941128104304,0.122886093362846,-0.00942150403298911,0.0110711242708829,-0.449662004704482,0.408039144671916
34.6154223436172,0.0180841265172235,-0.142080891650905,-0.1390503847772,0.123033726550897,-0.00935525305104019,0.0110584076876318,-0.446834777461985,0.408304765373295
34.8554854350656,0.0176230085280835,-0.14118041317083,-0.138158117966458,0.123174676282721,-0.00928905456112884,0.011045375422601,-0.444004260006566,0.408550898115353
35.0972133996824,0.0171677735198664,-0.140283789888135,-0.137264419764365,0.123308923531265,-0.00922291267603653,0.0110320267193627,-0.441170718065446,0.408777489926837
35.3406177836102,0.0167183598905951,-0.139391036543365,-0.136369382610181,0.123436450820117,-0.00915683153840466,0.0110183608968518,-0.438334418496021,0.408984492368072
35.5857102130658,0.0162747064000417,-0.138502167094939,-0.135473099257092,0.123557242231863,-0.00909081531885727,0.0110043773501962,-0.435495629186605,0.409171861559453
35.8325023948954,0.0158367521755448,-0.137617194731893,-0.134575662738908,0.1236712834156,-0.00902486821410177,0.0109900755514928,-0.432654618956327,0.40933955820736
36.081006117134,0.0154044367175787,-0.136736131886551,-0.133677166336533,0.123778561593592,-0.00895899444500971,0.0109754550505292,-0.429811657454283,0.409487547627448
36.3312332495683,0.0149776999050792,-0.135858990247119,-0.132777703544233,0.123879065567074,-0.00889319825467882,0.0109605154754513,-0.426967015058002,0.409615799765286
36.5831957443038,0.0145564820005321,-0.134985780770196,-0.131877368035727,0.123972785721176,-0.00882748390647868,0.0109452565333751,-0.424120962771328,0.409724289214348
36.8369056363357,0.0141407236548281,-0.134116513693202,-0.130976253630136,0.124059714028981,-0.00876185568208104,0.0109296780109425,-0.421273772121782,0.409812995231295
37.0923750441235,0.0137303659118894,-0.133251198546724,-0.130074454257797,0.124139844054701,-0.00869631787947731,0.0109137797748218,-0.4184257150575,0.409881901748577
37.3496161701702,0.0133253502130728,-0.132389844166766,-0.129172063925993,0.124213170955972,-0.00863087481098429,0.010897561772151,-0.415577063843819,0.409930997384302
37.6086413016048,0.0129256184013535,-0.13153245870692,-0.128269176684606,0.124279691485253,-0.0085655308012405,0.0108810240309249,-0.41272809095961,0.409960275449389
37.8694628107695,0.0125311127252951,-0.130679049650438,-0.127365886591737,0.124339403990345,-0.00850029018519439,0.010864166660325,-0.409879068993418,0.409969733951982
38.1320931558105,0.0121417758428095,-0.129829623822215,-0.126462287679304,0.124392308414015,-0.0084351573060867,0.0108469898509925,-0.407030270539525,0.409959375599126
38.3965448812729,0.0117575508247117,-0.128984187400669,-0.125558473918656,0.12443840629273,-0.00837013651342835,0.0108294938752447,-0.404181968093984,0.409929207795704
38.6628306187004,0.011378381158074,-0.128142745929538,-0.124654539186233,0.124477700754495,-0.00830523216097592,0.0108116790872329,-0.40133443395075,0.409879242640632
38.9309630872381,0.0110042107493833,-0.127305304329562,-0.123750577229286,0.12451019651581,-0.00824044860470639,0.0107935459230453,-0.398487940097946,0.409809496920318
39.2009550942403,0.0106349839275077,-0.126471866910082,-0.122846681631695,0.124535899877733,-0.00817579020079291,0.0107750949007512,-0.395642758114395,0.409719992099396
39.4728195358824,0.0102706454464738,-0.125642437380524,-0.121942945779916,0.124554818721065,-0.00811126130358344,0.0107563266203893,-0.392799159066459,0.409610754308741
39.7465693977764,0.0099111404880617,-0.124817018861789,-0.121039462829066,0.124566962500647,-0.00804686626358403,0.0107372417638995,-0.389957413405307,0.409481814330773
40.0222177555915,0.00955641466422035,-0.12399561389754,-0.120136325669192,0.124572342238795,-0.00798260942544835,0.010717841094998,-0.387117790864657,0.409333207582079
40.2997777756789,0.00920641401930767,-0.123178224465376,-0.119233626891744,0.124570970517859,-0.00791849512597534,0.0106981254589973,-0.384280560359112,0.409164974093362
40.5792627157,0.00886108503215965,-0.122364851987912,-0.118331458756268,0.124562861471924,-0.00785452769211672,0.0106780957825699,-0.381445989883137,0.408977158486738
40.8606859252603,0.00852037461799227,-0.121555497343747,-0.117429913157369,0.124548030777659,-0.00779071143899595,0.0106577530734577,-0.378614346410783,0.408769809950413
41.1440608465467,0.0081842301301402,-0.120750160878323,-0.116529081591938,0.124526495644322,-0.00772705066794032,0.0106370984201268,-0.375785895796222,0.408542982210758
41.4294010149697,0.00785259936163627,-0.119948842414681,-0.1156290551267,0.12449827480293,-0.00766354966452795,0.0106161329913683,-0.372960902675179,0.408296733501821
41.7167200598098,0.00752543054663526,-0.119151541264107,-0.114729924366087,0.124463388494614,-0.00760021269665122,0.0105948580358458,-0.370139630367335,0.408031126532301
42.0060317048688,0.00720267236168603,-0.118358256236668,-0.113831779420463,0.12442185845815,-0.00753704401259819,0.010573274881591,-0.367322340779772,0.407746228450024
42.2973497691249,0.00688427392685557,-0.117568985651636,-0.112934709874736,0.124373707916704,-0.00747404783915372,0.0105513849354467,-0.364509294311551,0.407442110803958
42.5906881673929,0.00657018480670849,-0.11678372734781,-0.112038804757372,0.124318961563785,-0.00741122837972174,0.0105291896824596,-0.361700749759473,0.4071188495038
42.8860609109892,0.00626035501114577,-0.116002478693722,-0.111144152509831,0.124257645548425,-0.00734858981247008,0.0105066906852226,-0.35889696422511,0.406776524777197
43.1834821084004,0.00595473499610602,-0.11522523659773,-0.110250840956457,0.12418978745961,-0.00728613628849959,0.010483889583168,-0.356098193023168,0.40641522112462
43.4829659659579,0.00565327566413285,-0.114451997518004,-0.109358957274837,0.124115416309962,-0.00722387193003868,0.0104607880918123,-0.353304689591257,0.406035027271959
43.7845267885158,0.00535592836481182,-0.113682757472405,-0.10846858796665,0.124034562518704,-0.00716180082866482,0.0104373880019542,-0.350516705401125,0.40563603612088
44.0881789801347,0.00506264489508009,-0.112917512048239,-0.107579818829037,0.123947257893909,-0.00709992704355447,0.0104136911788255,-0.347734489871423,0.405218344696994
44.3939370447695,0.00477337749941222,-0.112156256411915,-0.106692734926488,0.123853535614067,-0.00703825459976243,0.0103896995611982,-0.344958290282065,0.404782054095897
44.701815586962,0.00448807886988541,-0.111398985318483,-0.1058074205633,0.123753430208974,-0.00697678748653218,0.010365415160446,-0.342188351690242,0.404327269427134
45.0118293125388,0.00420670214612699,-0.110645693121058,-0.104923959256592,0.123646977539974,-0.00691552965563831,0.0103408400595642,-0.339424916848145,0.403854099756143
45.3239930293136,0.00392920091514792,-0.10989637378014,-0.104042433709915,0.12353421477956,-0.00685448501976212,0.0103159764121473,-0.336668226122451,0.403362658044241
45.6383216477945,0.00365552921106465,-0.10915102087282,-0.103162925787466,0.123415180390372,-0.00679365745090174,0.0102908264413262,-0.333918517415634,0.40285306108671
45.954830181896,0.00338564151471292,-0.108409627601868,-0.102285516488921,0.12328991410359,-0.00673305077881764,0.0102653924386664,-0.33117602608914,0.402325429449046
46.2735337496566,0.00311949275315604,-0.107672186804717,-0.101410285924911,0.123158456896764,-0.00667266878951464,0.0102396767630283,-0.328440984888479,0.401779887401445
46.5944475739604,0.002857038299091,-0.106938690962336,-0.10053731329315,0.123020850971091,-0.00661251522376142,0.0102136818393904,-0.325713623870284,0.401216562851564
46.9175869832646,0.00259823397015482,-0.106209132207986,-0.0996666768552212,0.122877139728161,-0.00655259377564848,0.0101874101576381,-0.322994170331374,0.400635587275664
47.2429674123316,0.0023430360281342,-0.105483502335869,-0.0987984539140551,0.1227273677462,-0.00649290809118527,0.0101608642713178,-0.320282848739863,0.400037095648159
47.5706044029659,0.00209140117808124,-0.10476179280967,-0.0979327207920887,0.122571580755827,-0.00643346176693759,0.0101340467963594,-0.31757988066836,0.399421226369678
47.9005136047569,0.00184328656733784,-0.104043994770979,-0.0970695528101342,0.122409825615349,-0.0063742583487057,0.0101069604097667,-0.314885484729277,0.398788121193684
48.2327107758263,0.00159864978447151,-0.103330099047614,-0.096209024266959,0.12224215028562,-0.00631530133024417,0.0100796078482789,-0.312199876512312,0.39813792515173
48.5672117835806,0.00135744885812516,-0.102620096161826,-0.0953512084195906,0.122068603804485,-0.00625659415202394,0.0100519919070036,-0.309523268524095,0.397470786477426
48.904032605469,0.00111964225578346,-0.101913976338403,-0.0944961774643531,0.121889236260834,-0.00619814020003725,0.0100241154380233,-0.30685587013006,0.396786856529182
49.243189329747,0.000885188882458312,-0.101211729512654,-0.0936440025186454,0.121704098768282,-0.00613994280464604,0.00999598134897634,-0.304197887498551,0.396086289711807
49.5846981562442,0.000654048079295872,-0.100513345338296,-0.0927947536034663,0.12151324343852,-0.00608200523947425,0.0099675926016139,-0.301549523547189,0.39536924339703
49.9285753971387,0.000426179622107623,-0.0998188131952295,-0.0919484996266949,0.121316723354328,-0.0060243307203446,0.00993895221033521,-0.298910977891516,0.394635877843017
50.2748374777359,0.000201543719827783,-0.0991281221972001,-0.0911053083671294,0.121114592542309,-0.00596692240426003,0.00991006324070145,-0.296282446795942,0.393886356112967
50.6235009372529,-1.98989871004912e-05,-0.0984412611993637,-0.0902652464592922,0.120906905945345,-0.00590978338843041,0.00988092880793051,-0.293664123127,0.393120843992847
50.974582429609,-0.00023818742840788,-0.0977582188057385,-0.089428379379001,0.120693719394801,-0.00585291670934459,0.00985155207537384,-0.291056196308929,0.392339509908345
51.3280987242209,-0.000453360105748439,-0.097078983376553,-0.0885947714297125,0.120475089582517,-0.00579632534188813,0.00982193625297698,-0.288458852281587,0.39154252484112
51.6840667068035,-0.000665455094513446,-0.0964035430354891,-0.0877644857296393,0.120251074032591,-0.00574001219850695,0.00979208459572514,-0.285872273460712,0.390730062244416
52.0425033801768,-0.000874510045707644,-0.0957318856768209,-0.0869375841996407,0.120021731072995,-0.00568398012841685,0.00976200040207546,-0.28329663870052,0.389902297958111
52.4034258650778,-0.00108056218788567,-0.0950639989724483,-0.0861141275518888,0.119787119807033,-0.00562823191685919,0.00973168701237732,-0.280732123258661,0.38905941012328
52.7668514009784,-0.0012836483291465,-0.0943998703788281,-0.0852941752793095,0.119547300084672,-0.00557277028440265,0.00970114780728217,-0.278178898763512,0.388201579096342
53.1327973469088,-0.00148380485918383,-0.0937394871438025,-0.0844777856457969,0.11930233247378,-0.00551759788629105,0.00967038620614446,-0.275637133183823,0.387328987362861
53.5012811822866,-0.00168106775139051,-0.0930828363133246,-0.0836650156771995,0.119052278231263,-0.00546271731183723,0.00963940566541485,-0.273106990800697,0.386441819451073
53.8723205077517,-0.00187547256501494,-0.092429904738084,-0.0828559211530754,0.118797199274166,-0.0054081310838628,0.00960820967702751,-0.270588632181905,0.38554026184521
54.2459330460073,-0.00206705444736748,-0.0917806790800301,-0.0820505565992132,0.118537158150719,-0.00535384165818372,0.00957680176678248,-0.268082214158519,0.384624502898687
54.6221366426659,-0.00225584813607501,-0.0911351458187964,-0.081248975280914,0.118272218011389,-0.00529985142314128,0.00954518549272491,-0.265587889803862,0.383694732747231
55.0009492671021,-0.00244188796138179,-0.0904932912580255,-0.0804512291970308,0.118002442579925,-0.00524616269917853,0.00951336444352226,-0.263105808414744,0.382751143222
55.3823890133107,-0.00262520784849462,-0.089855101531595,-0.0796573690747579,0.117727896124445,-0.00519277773846158,0.0094813422368409,-0.260636115494983,0.381793927762784
55.7664741007712,-0.00280584131997078,-0.0892205626097466,-0.0788674443651666,0.117448643428576,-0.00513969872454569,0.00944912251772357,-0.258178952741189,0.380823281331332
56.1532228753178,-0.00298382149814671,-0.0885896603051168,-0.0780815032394773,0.117164749762657,-0.00508692777208552,0.00941670895696879,-0.25573445803078,0.37983940032488
56.5426538100157,-0.00315918110760583,-0.087962380278673,-0.077299592586063,0.116876280855051,-0.00503446692658934,0.00938410524951366,-0.253302765412224,0.378842482489939
56.9347855060436,-0.00333195247768384,-0.087338708045553,-0.0765217580081753,0.116583302863563,-0.0049823181642166,0.00935131511282133,-0.250884005097467,0.377832726836413
57.3296366935823,-0.00350216754500979,-0.0867186289808101,-0.0757480438223828,0.116285882346994,-0.00493048339161846,0.00931834228527422,-0.248478303456536,0.376810333552092
57.7272262327089,-0.00366985785608118,-0.0861021283250648,-0.0749784930577151,0.115984086236852,-0.00487896444582068,0.00928519052457438,-0.246085783014273,0.375775503917599
58.1275731142982,-0.00383505456987176,-0.085489191190063,-0.0742131474555004,0.115677981809229,-0.00482776309414835,0.00925186360615204,-0.243706562449187,0.374728440221826
58.5306964609293,-0.00399778846047017,-0.0848798025641422,-0.0734520474698872,0.115367636656882,-0.00477688103419185,0.0092183653215835,-0.241340756594377,0.373669345677939
58.9366155277994,-0.0041580899197482,-0.0842739473176069,-0.0726952322690396,0.115053118661507,-0.0047263198938134,0.00918469947701966,-0.238988476440504,0.372598424339987
59.3453497036433,-0.00431598896005684,-0.0836716102080124,-0.0719427397369937,0.114734495966254,-0.00467608123119356,0.00915086989162594,-0.236649829140779,0.371515881020181
59.7569185116595,-0.00447151521694893,-0.0830727758853599,-0.0711946064761645,0.114411836948473,-0.00462616653491702,0.00911688039603501,-0.234324918017917,0.370421921206885
60.1713416104428,-0.00462469795192689,-0.0824774288972028,-0.0704508678104901,0.114085210192733,-0.00457657722409685,0.00908273483081305,-0.232013842573042,0.369316750983374
60.5886387949234,-0.00477556605521407,-0.0818855536936646,-0.0697115577892014,0.113754684464101,-0.00452731464853663,0.00904843704494071,-0.229716698496482,0.368200576947415
61.0088299973121,-0.00492414804854837,-0.0812971346323704,-0.0689767091912032,0.113420328681727,-0.00447838008892958,0.00901399089430968,-0.227433577680431,0.367073606131691
61.4319352880526,-0.00507047208799694,-0.0807121559832919,-0.0682463535300545,0.11308221189272,-0.00442977475709394,0.00897940024023575,-0.225164568233434,0.365936045925153
61.8579748767801,-0.0052145659667904,-0.0801306019335075,-0.0675205210595332,0.112740403246357,-0.0043814997962438,0.00894466894798924,-0.222909754496649,0.364788103995297
62.2869691132868,-0.00535645711817558,-0.0795524565918777,-0.0667992407797721,0.112394971968608,-0.00433355628129452,0.00890980088534372,-0.220669217061844,0.363629988211454
62.7189384884933,-0.00549617261828524,-0.0789777039936378,-0.0660825404439508,0.112045987337027,-0.00428594521920198,0.00887479992114377,-0.218443032791094,0.362461906569086
63.1539036354283,-0.00563373918902388,-0.0784063281049075,-0.0653704465655301,0.11169351865598,-0.00423866754933462,0.00883966992389255,-0.216231274838125,0.361284067115171
63.5918853302131,-0.00576918320096814,-0.0778383128271189,-0.0646629844260132,0.111337635232259,-0.00419172414387765,0.00880441476035997,-0.214034012671261,0.36009667787467
64.032904493055,-0.00590253067628088,-0.077273642001365,-0.063960178083219,0.110978406351063,-0.00414511580826825,0.00876903829421212,-0.211851312097934,0.35889994677815
64.4769821892457,-0.00603380729163768,-0.0767122994126665,-0.0632620503800523,0.110615901252386,-0.00409884328166112,0.00873354438466263,-0.209683235290707,0.357694081590556
64.9241396301678,-0.0061630383811647,-0.0761542687941622,-0.0625686229537555,0.110250189107786,-0.00405290723742327,0.00869793688514665,-0.207529840814764,0.356479289841202
65.3743981743082,-0.00629024893938683,-0.0755995338312196,-0.0618799162456258,0.109881338997584,-0.00400730828365721,0.00866221964201793,-0.205391183656823,0.355255778754975
65.827779328278,-0.00641546362418514,-0.0750480781654696,-0.0611959495111836,0.10950941988847,-0.00396204696375164,0.00862639649326967,-0.203267315255414,0.354023755184798
66.2843047478397,-0.00653870675976246,-0.0744998853987654,-0.0605167408307741,0.109134500611536,-0.00391712375695859,0.00859047126727967,-0.201158283532493,0.352783425545379
66.7439962389419,-0.0066600023396164,-0.0739549390970654,-0.0598423071205889,0.108756649840754,-0.00387253907899624,0.00855444778158008,-0.199064132926323,0.351534995748254
67.2068757587607,-0.00677937402951849,-0.0734132227942435,-0.0591726641440893,0.108375936071882,-0.0038282932826762,0.00851832984165251,-0.196984904425595,0.350278671138161
67.6729654167483,-0.00689684517049884,-0.0728747199958248,-0.0585078265238175,0.10799242760183,-0.00378438665855466,0.00848212123974862,-0.194920635604721,0.349014656430757
68.1422874756894,-0.00701243878183523,-0.0723394141826503,-0.0578478077535776,0.107606192508474,-0.00374081943560607,0.00844582575373682,-0.192871360660264,0.347743155651693
68.6148643527643,-0.00712617756404582,-0.0718072888144698,-0.0571926202109726,0.107217298630931,-0.00369759178191877,0.00840944714597519,-0.190837110448451,0.346464372077078
69.0907186206199,-0.00723808390188464,-0.0712783273334644,-0.0565422751702802,0.106825813550298,-0.00365470380541126,0.00837298916221115,-0.188817912523727,0.345178508175328
69.5698730084476,-0.00734817986733903,-0.0707525131677004,-0.0558967828156512,0.106431804570857,-0.00361215555456845,0.00833645553050807,-0.186813791178292,0.343885765550426
70.0523504030693,-0.00745648722262822,-0.0702298297345139,-0.0552561522546163,0.106035338701759,-0.00356994701919681,0.00829984996019904,-0.184824767482581,0.342586344886597
70.5381738500302,-0.00756302742320238,-0.0697102604438285,-0.0546203915318844,0.105636482639175,-0.00352807813119742,0.00826317614086806,-0.182850859326637,0.341280445894421
71.0273665547,-0.00766782162074127,-0.0691937887014069,-0.053989507643416,0.105235302748932,-0.00348654876535617,0.00822643774135884,-0.180892081462332,0.339968267258365
71.5199518833807,-0.00777089066615183,-0.0686803979120359,-0.0533635065507586,0.104831865049623,-0.00344535874014996,0.00818963840881134,-0.178948445546379,0.338650006585779
72.0159533644237,-0.00787225511256417,-0.0681700714826473,-0.0527423931956261,0.104426235196203,-0.00340450781856809,0.00815278176772621,-0.177019960184108,0.337325860357326
72.5153946893524,-0.00797193521832497,-0.0676627928253758,-0.0521261715147085,0.104018478464065,-0.00336399570894799,0.00811587141905721,-0.175106630973936,0.335996023878868
73.0182997139948,-0.00806995094998799,-0.067158545360553,-0.051514844454697,0.103608659733606,-0.00332382206582422,0.00807891093933161,-0.173208460552507,0.334660691234814
73.5246924596224,-0.00816632198530091,-0.0666573125196401,-0.0509084139875075,0.103196843475265,-0.00328398649078994,0.00804190387979876,-0.171325448640439,0.333320055242913
74.0345971140979,-0.00826106771618798,-0.0661590777481002,-0.0503068811256907,0.102783093735059,-0.00324448853336998,0.00800485376560669,-0.169457592088646,0.331974307410512
74.5480380330304,-0.00835420725172775,-0.0656638245082094,-0.0497102459380118,0.102367474120587,-0.00320532769190452,0.00796776409500682,-0.167604884925187,0.330623637892259
75.0650397409388,-0.00844575942112568,-0.0651715362818102,-0.0491185075651868,0.101950047787533,-0.00316650341444273,0.00793063833858669,-0.165767318402592,0.329268235449271
75.585626932423,-0.00853574277668076,-0.0646821965730056,-0.0485316642357606,0.101530877426633,-0.00312801509964521,0.00789347993853067,-0.163944881045634,0.327908287409732
76.1098244733437,-0.00862417559674588,-0.0641957889107968,-0.0479497132821135,0.101110025251131,-0.00308986209769472,0.00785629230790853,-0.162137558699495,0.326543979630946
76.6376574020103,-0.00871107588868136,-0.0637122968516639,-0.047372651156582,0.100687552984711,-0.00305204371121412,0.00781907882999184,-0.160345334578289,0.325175496462814
77.1691509303763,-0.00879646139180131,-0.0632317039820915,-0.0468004734476805,0.100263521849895,-0.00301455919619086,0.00778184285759791,-0.158568189313906,0.323803020712753
77.7043304452438,-0.00888034958031226,-0.0627539939210395,-0.0462331748964113,0.0998379925569253,-0.00297740776290712,0.00774458771246126,-0.156806101005121,0.322426733612016
78.2432215094763,-0.00896275766624375,-0.0622791503223606,-0.0456707494126487,0.0994110252930986,-0.00294058857687498,0.00770731668463239,-0.155059045266948,0.321046814783434
78.7858498632195,-0.00904370260237057,-0.0618071568771642,-0.0451131900915862,0.0989826797125781,-0.00290410075977559,0.00767003303190359,-0.153326995280191,0.319663442210552
79.3322414251308,-0.00912320108512605,-0.0613379973161288,-0.0445604892302331,0.0985530149266574,-0.00286794339040193,0.00763273997926169,-0.151609921841152,0.318276792208148
79.8824222936175,-0.00920126955750636,-0.0608716554117633,-0.0440126383439494,0.0981220894944833,-0.0028321155056041,0.00759544071836739,-0.149907793411471,0.316887039394131
80.436418748083,-0.00927792421196532,-0.0604081149806181,-0.0434696281830056,0.097689961414229,-0.0027966161012367,0.00755813840706102,-0.148220576168045,0.315494356662796
80.9942572501823,-0.00935318099329944,-0.0599473598854459,-0.0429314487491583,0.097256688114715,-0.00276144413310737,0.00752083616889435,-0.146548234053005,0.314098915159425
81.555964445086,-0.00942705560152302,-0.0594893740373148,-0.042398089312228,0.0968223264474698,-0.00272659851792604,0.00748353709268831,-0.144890728823716,0.312700884256221
82.121567162753,-0.0094995634947329,-0.0590341413976734,-0.0418695384266698,0.0963869326792282,-0.00269207813425401,0.00744624423211613,-0.143248020102758,0.311300431529554
82.6910924192116,-0.00957071989196281,-0.0585816459803682,-0.0413457839481251,0.0959505624848597,-0.00265788182345236,0.00740896060531173,-0.141620065427864,0.309897722738508
83.2645674178507,-0.00964053977602686,-0.0581318718536155,-0.0408268130499456,0.0955132709407218,-0.00262400839062907,0.00737168919450301,-0.140006820301778,0.308492921804703
83.8420195507184,-0.00970903789635231,-0.0576848031419276,-0.0403126122396777,0.0950751125184323,-0.00259045660558409,0.00733443294566959,-0.138408238242014,0.307086190793391
84.423476399831,-0.00977622877180104,-0.0572404240279938,-0.0398031673754988,0.0946361410790546,-0.00255722520375201,0.00729719476822479,-0.136824270830466,0.305677689895787
85.0089657384898,-0.00984212669347993,-0.0567987187545188,-0.0392984636825957,0.0941964098676888,-0.00252431288714151,0.00725997753472134,-0.135254867762865,0.304267577412627
85.5985155326084,-0.00990674572753969,-0.0563596716260158,-0.0387984857694766,0.093755971508464,-0.00249171832527121,0.00722278408058059,-0.133699976898034,0.302856009738941
86.1921539420481,-0.00997009971796227,-0.0559232670105595,-0.0383032176442063,0.0933148779999222,-0.00245944015610138,0.00718561720384468,-0.13215954430693,0.301443141349996
86.7899093219629,-0.0100322022893366,-0.0554894893414952,-0.0378126427305585,0.0928731807107901,-0.00242747698696086,0.00714847966495141,-0.130633514321437,0.300029124788423
87.3918102241541,-0.0100930668496225,-0.0550583231191087,-0.0373267438840744,0.0924309303761301,-0.00239582739546885,0.00711137418653128,-0.129121829582893,0.298614110652472
87.9978853984339,-0.010152706592903,-0.0546297529122545,-0.0368455034080222,0.0919881770938633,-0.00236448993045101,0.00707430345322642,-0.127624431090321,0.297198247585405
88.6081637939989,-0.0102111345021243,-0.0542037633599449,-0.036368903069248,0.0915449703216583,-0.00233346311284943,0.00703727011153084,-0.126141258248343,0.295781682265982
89.2226745608124,-0.0102683633518246,-0.0537803391729004,-0.0358969241139121,0.0911013588741777,-0.00230274543662601,0.00700027676965171,-0.12467224891476,0.294364559400029
89.8414470509972,-0.0103244057108499,-0.0533594651350609,-0.0354295472831029,0.0906573909206761,-0.00227233536965888,0.00696332599739115,-0.123217339447769,0.292947021713066
90.4645108202374,-0.0103792739450586,-0.0529411261050602,-0.0349667528283223,0.0902131139829401,-0.00224223135463141,0.00692642032604816,-0.121776464752802,0.29152920994397
91.0918956291901,-0.0104329802200142,-0.0525253070176627,-0.0345085205268361,0.0897685749335651,-0.0022124318099134,0.00688956224834016,-0.120349558328964,0.290111262839653
91.7236314449071,-0.0104855365036649,-0.052111992885164,-0.0340548296968832,0.08932381999456,-0.00218293513043417,0.00685275421834375,-0.118936552315062,0.288693317150725
92.3597484422661,-0.0105369545690126,-0.0517011687987555,-0.0336056592127376,0.0888788947362722,-0.00215373968854711,0.00681599865145433,-0.117537377535189,0.287275507628132
93.0002770054119,-0.010587245996769,-0.0512928199298537,-0.0331609875196186,0.088433844076626,-0.0021248438348854,0.00677929792436389,-0.116151963543865,0.285857967020736
93.645247729208,-0.0106364221780001,-0.050886931531395,-0.032720792648443,0.0879887122806661,-0.00209624589920855,0.00674265437505679,-0.114780238670707,0.28444082607381
94.2946914206979,-0.0106844943167585,-0.050483488939096,-0.0322850522304146,0.0875435429603985,-0.00206794419123955,0.0067060703028229,-0.113422130064621,0.283024213528447
94.9486391005764,-0.0107314734327048,-0.0500824775726805,-0.0318537435114466,0.0870983790749218,-0.00203993700149219,0.00666954796828768,-0.112077563737497,0.281608256121828
95.6071220046713,-0.0107773703637161,-0.0496838829370729,-0.0314268433664131,0.0866532629308397,-0.00201222260208842,0.00663308959345879,-0.110746464607393,0.280193078588353
96.2701715854358,-0.0108221957684832,-0.04928769062356,-0.0310043283132234,0.0862082361829495,-0.00198479924756545,0.00659669736178872,-0.109428756541201,0.278778803661596
96.9378195134503,-0.0108659601290969,-0.0488938863109194,-0.0305861745267183,0.0857633398351954,-0.00195766517567234,0.00656037341825305,-0.108124362396782,0.27736555207707
97.6100976789355,-0.0109086737536217,-0.0485024557665171,-0.0301723578523819,0.0853186142418831,-0.00193081860815588,0.00652411986944379,-0.106833204064547,0.275953442575771
98.2870381932754,-0.0109503467786591,-0.048113384847374,-0.0297628538198682,0.0848740991091437,-0.00190425775153554,0.00648793878367743,-0.105555202508503,0.274542591908485
98.9686733905512,-0.0109909891718989,-0.0477266595012011,-0.0293576376563364,0.0844298334966433,-0.0018779807978673,0.00645183219111721,-0.104290277806714,0.273133114840831
99.6550358290861,-0.0110306107346597,-0.0473422657674045,-0.0289566842995952,0.0839858558195271,-0.00185198592549624,0.00641580208390922,-0.103038349191207,0.27172512415902
100.346158292999,-0.0110692211044183,-0.0469601897780611,-0.0285599684110511,0.0835422038505941,-0.00182627129979762,0.00637985041633172,-0.101799335087293,0.270318730676304
101.042073793774,-0.0111068297573281,-0.0465804177588641,-0.0281674643884592,0.0830989147226911,-0.00180083507390636,0.00634397910495749,-0.100573153152298,0.268914043240094
101.742815571832,-0.011143446010727,-0.0462029360300395,-0.0277791463784747,0.0826560249313222,-0.00177567538943487,0.00630819002882851,-0.0993597203137057,0.26751116873973
102.448417098122,-0.0111790790256344,-0.0458277310072344,-0.0273949882890023,0.0822135703374635,-0.00175079037717892,0.00627248502964277,-0.0981589528066962,0.266110212114868
103.15891207572,-0.0112137378092375,-0.0454547892023757,-0.027014963801342,0.0817715861705776,-0.00172617815781161,0.00623686591195251,-0.0969707662110861,0.264711276364482
103.874334441436,-0.0112474312173681,-0.0450840972245021,-0.0266390463821305,0.08133010703182,-0.00170183684256529,0.00620133444337377,-0.0957950754876544,0.263314462556434
104.594718367439,-0.0112801679569679,-0.0447156417805673,-0.0262672092950755,0.08088916689743,-0.00167776453390131,0.00616589235480654,-0.0946317950138577,0.261919869837615
105.320098262886,-0.0113119565885452,-0.0443494096762156,-0.0258994256124835,0.0804487991222992,-0.00165395932616753,0.00613054134066533,-0.0934808386189286,0.260527595444624
106.050508775566,-0.0113428055286206,-0.0439853878165315,-0.025535668226578,0.0800090364437112,-0.00163041930624367,0.00609528305911951,-0.0923421196183551,0.259137734714955
106.785984793556,-0.0113727230521635,-0.0436235632067608,-0.0251759098606094,0.0795699109852448,-0.00160714255417419,0.00606011913234319,-0.0912155508477378,0.257750381098698
107.526561446888,-0.0114017172950189,-0.0432639229530058,-0.024820123079755,0.0791314542608339,-0.00158412714378892,0.00602505114677423,-0.0901010446960247,0.256365626170703
108.272274109224,-0.0114297962563245,-0.0429064542628941,-0.024468280301808,0.0786936971789784,-0.00156137114331129,0.00599008065338183,-0.0889985131381206,0.254983559643211
109.023158399549,-0.0114569678009192,-0.0425511444462208,-0.0241203538076574,0.0782566700470976,-0.00153887261595406,0.00595520916794244,-0.0879078677668719,0.253604269378913
109.779250183872,-0.0114832396617421,-0.0421979809155643,-0.0237763157515559,0.0778204025760225,-0.0015166296205028,0.0059204381713236,-0.0868290198244262,0.252227841404441
110.540585576935,-0.0115086194422221,-0.0418469511868773,-0.0234361381711786,0.0773849238846166,-0.0014946402118868,0.00588576910977525,-0.0857618802329659,0.250854359924242
111.307200943943,-0.0115331146186595,-0.0414980428800506,-0.0230997929974703,0.0769502625045229,-0.00147290244173769,0.00585120339522818,-0.0847063596248181,0.249483907334842
112.079132902301,-0.0115567325425985,-0.0411512437194523,-0.022767252064284,0.0765164463850284,-0.00145141435893562,0.00581674240559928,-0.0836623683719405,0.24811656423947
112.856418323356,-0.0115794804431914,-0.0408065415344413,-0.0224384871178092,0.0760835028980402,-0.00143017401014312,0.00578238748510316,-0.0826298166147862,0.246752409463027
113.639094334169,-0.0116013654295539,-0.0404639242598551,-0.0221134698257917,0.0756514588431686,-0.00140917944032664,0.00574813994456986,-0.081608614290548,0.245391520067373
114.427198319278,-0.0116223944931133,-0.0401233799364731,-0.0217921717865458,0.0752203404529095,-0.00138842869326581,0.0057140010617682,-0.0805986711607856,0.244033971366932
115.220767922492,-0.0116425745099471,-0.0397848967114535,-0.0214745645377586,0.0747901733979221,-0.00136791981205048,0.00567997208173454,-0.0795998968384378,0.24267983694458
116.019841048683,-0.0116619122431151,-0.0394484628387463,-0.0211606195650891,0.0743609827923947,-0.0013476508395656,0.00564605421710653,-0.0786122008142227,0.241329188667817
116.824455865599,-0.0116804143449827,-0.0391140666794807,-0.0208503083105618,0.0739327931994936,-0.00132761981896404,0.00561224864846158,-0.0776354924824303,0.239982096705183
117.634650805689,-0.0116980873595367,-0.0387816967023274,-0.0205436021807568,0.0735056286368908,-0.00130782479412732,0.00557855652465965,-0.0766696811661096,0.238638629542928
118.450464567934,-0.011714937724694,-0.0384513414838358,-0.0202404725547974,0.0730795125823628,-0.00128826381011445,0.00554497896319012,-0.0757146761416553,0.237298854001904
119.271936119701,-0.011730971774602,-0.0381229897087471,-0.019940890792137,0.0726544679794577,-0.00126893491359891,0.00551151705052238,-0.0747703866627988,0.235962835254664
120.099104698599,-0.011746195741932,-0.037796630170281,-0.0196448282401463,0.0722305172432244,-0.00124983615329385,0.00547817184245993,-0.0738367219840065,0.234630636842764
120.932009814357,-0.0117606157601656,-0.0374722517703987,-0.0193522562415028,0.0718076822659978,-0.0012309655803656,0.00544494436449748,-0.0729135913832916,0.233302320694236
121.77069125071,-0.011774237865873,-0.03714984352004,-0.0190631461413846,0.0713859844232387,-0.00121232124883564,0.00541183561218108,-0.072000904184445,0.231977947141239
122.615189067297,-0.0117870680009851,-0.0368293945393358,-0.0187774692944691,0.0709654445794188,-0.00119390121597108,0.00537884655147066,-0.071098569778688,0.230657574937854
123.46554360158,-0.0117991120150576,-0.0365108940577952,-0.0184951970717404,0.0705460830939506,-0.00117570354266382,0.00534597811910499,-0.0702064976457559,0.229341261278023
124.321795470765,-0.011810375667529,-0.0361943314144675,-0.0182163008671048,0.0701279198271548,-0.00115772629379844,0.00531323122296859,-0.0693245973744152,0.22802906181361
125.183985573745,-0.0118208646299705,-0.035879696058079,-0.0179407521038195,0.0697109741462622,-0.00113996753860898,0.00528060674246049,-0.0684527786824223,0.226721030672581
126.052155093052,-0.0118305844883296,-0.0355669775471443,-0.0176685222407332,0.0692952649314457,-0.00112242535102474,0.00524810552886438,-0.0675909514359294,0.225417220477277
126.926345496825,-0.0118395407451665,-0.0352561655500522,-0.0173995827783437,0.068880810581877,-0.00110509781000516,0.00521572840572016,-0.0667390256683427,0.224117682362782
127.806598540793,-0.0118477388218838,-0.0349472498451259,-0.0171339052646727,0.0684676290218066,-0.00108798299986405,0.00518347616919648,-0.0658969115986416,0.222822465995364
128.692956270265,-0.0118551840609484,-0.0346402203206577,-0.0168714613009612,0.0680557377066598,-0.00107107901058312,0.00515134958846399,-0.0650645196491636,0.221531619590979
129.585461022141,-0.0118618817281073,-0.0343350669749175,-0.0166122225471866,0.0676451536291478,-0.00105438393811511,0.00511934940606927,-0.0642417604628624,0.220245189933838
130.484155426934,-0.0118678370145961,-0.034031779916136,-0.0163561607274056,0.0672358933253883,-0.00103789588467653,0.00508747633830904,-0.0634285449200463,0.218963222395004
131.389082410804,-0.0118730550393395,-0.0337303493624609,-0.0161032476349234,0.0668279728810332,-0.00102161295903031,0.00505573107560453,-0.0626247841546037,0.217685760951031
132.300285197614,-0.0118775408511461,-0.0334307656418873,-0.0158534551372928,0.0664214079373991,-0.00100553327675828,0.00502411428287576,-0.0618303895697219,0.216412848202625
133.217807310988,-0.0118812994308946,-0.0331330191921618,-0.0156067551811452,0.0660162136975975,-0.000989654960523863,0.00499262659991554,-0.0610452728531089,0.21514452539331
134.141692576393,-0.0118843356937137,-0.0328371005606597,-0.0153631197968562,0.0656124049326612,-0.000973976140324951,0.00496126864176302,-0.0602693459917218,0.21388083242811
135.071985123233,-0.0118866544911534,-0.0325430004042351,-0.0151225211030482,0.0652099959876647,-0.000958494953737219,0.00493004099907654,-0.0595025212860132,0.212621807892209
136.008729386957,-0.0118882606133498,-0.0322507094890449,-0.0148849313109322,0.0648090007878344,-0.000943209546147986,0.00489894423850569,-0.0587447113636993,0.211367489069611
136.951970111177,-0.0118891587911813,-0.0319602186903446,-0.0146503227284925,0.0644094328446452,-0.000928118070980779,0.00486797890306233,-0.0579958291930597,0.210117911961767
137.901752349813,-0.0118893536984174,-0.0316715189922575,-0.0144186677645148,0.0640113052619031,-0.000913218689910759,0.00483714551249037,-0.0572557880957758,0.208873111306173
138.858121469236,-0.0118888499538589,-0.0313846014875162,-0.0141899389324632,0.0636146307418078,-0.000898509573071183,0.00480644456363431,-0.0565245017593146,0.207633120594932
139.821123150444,-0.0118876521234704,-0.0310994573771755,-0.0139641088542058,0.0632194215909952,-0.000883988899251021,0.00477587653080613,-0.0558018842488668,0.20639797209326
140.790803391236,-0.0118857647225037,-0.0308160779702988,-0.0137411502635933,0.062825689726556,-0.000869654856083923,0.00474544186615068,-0.0550878500188449,0.205167696857947
141.767208508414,-0.0118831922176128,-0.0305344546836149,-0.013521036009893,0.0624334466820276,-0.000855505640228666,0.00471514100000906,-0.0543823139239517,0.203942324755751
142.750385139995,-0.0118799390289597,-0.0302545790411477,-0.0133037390610803,0.0620427036133587,-0.000841539457541275,0.00468497434128025,-0.0536851912298241,0.202721884481721
143.740380247435,-0.0118760095323109,-0.0299764426738158,-0.0130892325069913,0.0616534713048417,-0.000827754523238935,0.00465494227778051,-0.0529963976232619,0.201506403577451
144.737241117876,-0.0118714080611247,-0.0297000373190051,-0.0128774895623373,0.0612657601750131,-0.000814149062055883,0.00462504517660063,-0.0523158492220478,0.200295908449249
145.741015366405,-0.0118661389086279,-0.0294253548201107,-0.0126684835695871,0.0608795802825183,-0.000800721308391441,0.00459528338446084,-0.0516434625843674,0.19909042438622
146.751750938323,-0.0118602063298828,-0.0291523871260508,-0.0124621880017158,0.0604949413319392,-0.000787469506450331,0.00456565722806319,-0.050979154717836,0.197889975578254
147.769496111443,-0.0118536145438437,-0.0288811262907509,-0.0122585764648262,0.0601118526795832,-0.00077439191037545,0.00453616701444145,-0.0503228430881404,0.196694585133914
148.794299498388,-0.0118463677354018,-0.0286115644725977,-0.0120576227006435,0.0597303233392307,-0.000761486784373265,0.00450681303130825,-0.0496744456273031,0.195504275098228
149.826210048919,-0.01183847005742,-0.0283436939338644,-0.0118593005888865,0.05935036198784,-0.000748752402831968,0.00447759554739948,-0.0490338807415761,0.194319066470364
150.865277052271,-0.0118299256327543,-0.0280775070401055,-0.0116635841495181,0.058971976971208,-0.000736187050432587,0.00444851481281576,-0.0484010673189726,0.193138979221191
151.911550139505,-0.0118207385562646,-0.0278129962595208,-0.0114704475448778,0.0585951763095849,-0.00072378902225317,0.00441957105936094,-0.0477759247364436,0.191964032310732
152.965079285884,-0.0118109128968119,-0.0275501541622904,-0.0112798650816983,0.0582199677032411,-0.000711556623866238,0.00439076450087755,-0.0471583728667066,0.190794243705481
154.025914813254,-0.0118004526992431,-0.0272889734198781,-0.0110918112130094,0.057846358537985,-0.000699488171429648,0.00436209533357905,-0.0465483320847344,0.189629630395603
155.094107392451,-0.0117893619863613,-0.0270294468043049,-0.0109062605399321,0.0574743558906312,-0.000687581991771017,0.00433356373637888,-0.0459457232739113,0.188470208412001
156.169708045722,-0.0117776447608833,-0.026771567187391,-0.0107231878133638,0.0571039665344157,-0.000675836422465884,0.00430516987121614,-0.0453504678318636,0.187315992843248
157.25276814916,-0.0117653050073814,-0.0265153275399682,-0.0105425679355601,0.0567351969443596,-0.000664249811909752,0.00427691388337794,-0.0447624876759716,0.18616699785238
158.34333943516,-0.0117523466942107,-0.0262607209310594,-0.0103643759616126,0.0563680533025775,-0.000652820519384168,0.00424879590181824,-0.0441817052485707,0.185023236693555
159.441473994887,-0.0117387737754206,-0.0260077405270287,-0.0101885871008279,0.0560025415035316,-0.000641546915116999,0.00422081603947323,-0.0436080435218493,0.18388472172856
160.547224280766,-0.0117245901926497,-0.0257563795906995,-0.0100151767180086,0.0556386671592289,-0.000630427380337057,0.00419297439357304,-0.0430414260024481,0.182751464443176
161.66064310899,-0.0117097998770047,-0.0255066314804409,-0.00984412033463975,0.0552764356043617,-0.000619460307323219,0.00416527104594994,-0.0424817767357717,0.181623475463391
162.781783662036,-0.0116944067509203,-0.025258489649224,-0.00967539362998291,0.0549158519013901,-0.000608644099448204,0.00413770606334268,-0.0419290203100151,0.180500764571466
163.910699491214,-0.0116784147300028,-0.0250119476436452,-0.00950897244208029,0.0545569208455648,-0.000597977171217155,0.00411027949769729,-0.0413830818599153,0.179383340721842
165.047444519217,-0.0116618277248536,-0.0247669991029194,-0.00934483276867177,0.0541996469698915,-0.000587457948301161,0.00408299138646394,-0.0408438870702334,0.17827121205689
166.192073042701,-0.0116446496428739,-0.0245236377578408,-0.00918295076802672,0.0538440345500334,-0.00057708486756589,0.00405584175289006,-0.0403113621789732,0.177164385922507
167.344639734876,-0.011626884390049,-0.024281857429713,-0.00902330275969363,0.0534900876091542,-0.000566856377095463,0.0040288306063096,-0.0397854339803447,0.176062868883551
168.505199648122,-0.011608535872712,-0.0240416520292471,-0.00886586522516951,0.0531378099226982,-0.000556770936211721,0.00400195794242834,-0.0392660298274773,0.174966666739111
169.673808216612,-0.011589607999286,-0.0238030155554285,-0.00871061480849152,0.0527872050231093,-0.00054682701548902,0.00397522374360537,-0.0387530776348898,0.173875784537614
170.850521258965,-0.0115701046820037,-0.0235659420943529,-0.00855752831675354,0.0524382762044863,-0.000537023096764717,0.00394862797913053,-0.0382465058807243,0.172790226591771
172.03539498091,-0.0115500298386048,-0.0233304258180304,-0.00840658272054943,0.0520910265271758,-0.000527357673145457,0.00392217060549797,-0.0377462436087483,0.171709996493353
173.228485977972,-0.0115293873940086,-0.023096460983159,-0.0082577551543458,0.0517454588223017,-0.000517829249009437,0.00389585156667562,-0.0372522204301337,0.170635097127804
174.429851238172,-0.0115081812819628,-0.0228640419298666,-0.00811102291678633,0.0514015756962304,-0.000508436340004746,0.00386967079437074,-0.0367643665250165,0.169565530688679
175.639548144754,-0.0114864154466673,-0.0226331630804231,-0.00796636347092982,0.0510593795349727,-0.000499177473043955,0.00384362820829139,-0.0362826126438447,0.168501298691919
176.857634478922,-0.0114640938443711,-0.0224038189379208,-0.00782375444442446,0.0507188725085204,-0.000490051186295059,0.00381772371640389,-0.0358068901085195,0.167442401989958
178.084168422602,-0.0114412204449428,-0.0221760040849253,-0.00768317362962029,0.0503800565751195,-0.000481056029168925,0.00379195721518626,-0.0353371308133361,0.166388840785649
179.319208561219,-0.0114177992334137,-0.0219497131820956,-0.00754459898362204,0.0500429334854783,-0.000472190562303374,0.00376632858987754,-0.0348732672257296,0.165340614646033
180.562813886497,-0.011393834211492,-0.0217249409667749,-0.00740800862828471,0.0497075047869107,-0.00046345335754402,0.00374083771472314,-0.0344152323868312,0.164297722515924
181.815043799277,-0.0113693293990478,-0.0215016822515515,-0.00727338085015367,0.0493737718274153,-0.000454842997921996,0.00371548445321611,-0.0339629599118416,0.163260162731334
183.075958112354,-0.0113442888355681,-0.0212799319227904,-0.00714069410035165,0.049041735759689,-0.000446358077628695,0.00369026865833435,-0.0335163839902246,0.162227933032715
184.345617053333,-0.0113187165815809,-0.021059684939136,-0.00700992699441451,0.0487113975450772,-0.000437997201987656,0.0036651901727738,-0.0330754393857297,0.16120103057804
185.624081267505,-0.0112926167200473,-0.0208409363299868,-0.00688105831207796,0.0483827579574578,-0.000429758987423707,0.00364024882917761,-0.0326400614362452,0.160179451955702
186.911411820748,-0.0112659933577213,-0.0206236811939414,-0.00675406699701697,0.0480558175870624,-0.000421642061429491,0.0036154444503612,-0.0322101860534903,0.15916319319725
188.207670202438,-0.0112388506264755,-0.0204079146972174,-0.00662893215654017,0.0477305768442321,-0.000413645062529494,0.00359077684953345,-0.0317857497225482,0.158152249789949
189.512918328392,-0.0112111926845937,-0.0201936320720424,-0.00650563306124089,0.0474070359631094,-0.00040576664024169,0.00356624583051378,-0.0313666895012484,0.157146616689165
190.827218543819,-0.0111830237180272,-0.0199808286150195,-0.00638414914460691,0.0470851950052668,-0.000398005455036924,0.00354185118794532,-0.0309529430193998,0.156146288330589
192.150633626303,-0.0111543479416157,-0.019769499685466,-0.00626446000259072,0.0467650538632716,-0.000390360178296143,0.00351759270750408,-0.0305444484778824,0.155151258642282
193.483226788801,-0.0111251696002712,-0.0195596407037265,-0.00614654539314215,0.0464466122641867,-0.000382829492265576,0.00349347016610418,-0.0301411446476002,0.154161521056553
194.82506168266,-0.0110954929701248,-0.0193512471494619,-0.00603038523570514,0.04612986977301,-0.000375412090009992,0.00346948333209925,-0.0297429708683004,0.153177068521668
196.176202400658,-0.0110653223596343,-0.0191443145599133,-0.00591595961068051,0.0458148257960497,-0.000368106675364131,0.00344563196547982,-0.0293498670472642,0.152197893513387
197.536713480066,-0.0110346621106531,-0.0189388385281432,-0.00580324875885639,0.0455014795842388,-0.000360911962882414,0.00342191581806695,-0.028961773657873,0.151223988046339
198.906659905733,-0.0110035165994591,-0.0187348147012533,-0.00569223308080799,0.0451898302363871,-0.000353826677787035,0.00339833463370197,-0.0285786317380539,0.150255343685223
200.286107113184,-0.0109718902377424,-0.0185322387785803,-0.00558289313626858,0.0448798767023721,-0.00034684955591455,0.00337488814843248,-0.0282003828886098,0.149291951555847
201.675120991751,-0.0109397874735515,-0.0183311065098713,-0.00547520964347306,0.0445716177862697,-0.000339979343661039,0.00335157609069452,-0.0278269692714376,0.148333802355998
203.073767887718,-0.0109072127921975,-0.0181314136934374,-0.00536916347847593,0.0442650521494243,-0.000333214797925957,0.00332839818149106,-0.0274583336076387,0.147380886366151
204.482114607491,-0.010874170717115,-0.017933156174289,-0.00526473567444508,0.0439601783134593,-0.000326554686054762,0.00330535413456681,-0.0270944191755256,0.146433193460009
205.900228420788,-0.0108406658106786,-0.0177363298422514,-0.00516190742093316,0.0436569946632286,-0.000319997785780413,0.0032824436565793,-0.0267351698085288,0.145490713114888
207.32817706385,-0.0108067026749757,-0.0175409306300635,-0.00506066006312777,0.04335549944971,-0.00031354288516384,0.00325966644726644,-0.0263805298930078,0.144553434421931
208.766028742684,-0.0107722859525335,-0.0173469545114591,-0.00496097510108214,0.0430556907928403,-0.000307188782533448,0.00323702219961042,-0.02603044436597,0.143621346096166
210.213852136311,-0.0107374203270005,-0.0171543974992326,-0.00486283418892768,0.0427575666842937,-0.000300934286423779,0.00321451059999819,-0.0256848587127003,0.14269443648641
211.671716400053,-0.0107021105237808,-0.0169632556432903,-0.00476621913406982,0.0424611249902034,-0.000294778215513389,0.00319213132837835,-0.0253437189643067,0.141772693585003
213.139691168835,-0.0106663613106214,-0.0167735250286869,-0.00467111189636842,0.0421663634538278,-0.000288719398562026,0.00316988405841465,-0.0250069716951834,0.140856105037393
214.617846560511,-0.0106301774981527,-0.0165852017736507,-0.00457749458730429,0.0418732796981612,-0.000282756674347211,0.0031477684576361,-0.0246745640203961,0.139944658151568
216.10625317921,-0.0105935639403785,-0.0163982820275963,-0.00448534946913283,0.0415818712284911,-0.00027688889160027,0.00312578418758374,-0.0243464435929928,0.13903833990732
217.604982118714,-0.0105565255351195,-0.0162127619691275,-0.00439465895402639,0.0412921354349004,-0.000271114908941916,0.00310393090395409,-0.0240225586012426,0.138137136965373
219.114104965849,-0.0105190672244055,-0.0160286378040305,-0.00430540560320632,0.0410040695947189,-0.000265433594817445,0.0030822082567394,-0.0237028577658059,0.137241035676348
220.633693803907,-0.0104811939948183,-0.0158459057632593,-0.004217572126066,0.040717670874921,-0.000259843827431625,0.00306061589036465,-0.0233872903368403,0.136350022089578
222.163821216089,-0.0104429108777848,-0.0156645621009148,-0.00413114137928606,0.0404329363344732,-0.000254344494683334,0.00303915344382151,-0.0230758060910428,0.13546408196178
223.704560288971,-0.0104042229498184,-0.0154846030922175,-0.00404609636594283,0.0401498629266316,-0.000248934494100036,0.00301782055079907,-0.0227683553286337,0.134583200765575
225.255984615994,-0.0103651353327095,-0.0153060250314768,-0.0039624202346112,0.0398684475011888,-0.000243612732772138,0.00299661683981172,-0.0224648888702836,0.133707363697861
226.818168300982,-0.0103256531936651,-0.0151288242300569,-0.00388009627846283,0.0395886868066733,-0.000238378127287307,0.00297554193432389,-0.0221653580539868,0.132836555688044
228.391185961678,-0.0102857817453954,-0.014952997014341,-0.0037991079343609,0.0393105774925006,-0.000233229603664805,0.00295459545287196,-0.0218697147318837,0.131970761406125
229.975112733314,-0.0102455262461496,-0.0147785397236961,-0.00371943878195218,0.0390341161110775,-0.000228166097289894,0.00293377700918335,-0.0215779112670349,0.131109965270641
231.570024272191,-0.0102048919996983,-0.0146054487084378,-0.00364107254275758,0.0387592991198608,-0.000223186552848373,0.00291308621229267,-0.0212899005301497,0.130254151456477
233.175996759301,-0.0101638843552639,-0.0144337203277985,-0.00356399307926191,0.0384861228833701,-0.000218289924261305,0.00289252266665528,-0.0210056358962712,0.129403303902523
234.793106903962,-0.0101225087073987,-0.014263350947899,-0.00348818439400388,0.0382145836751578,-0.000213475174619979,0.00287208597225806,-0.0207250712414207,0.128557406319209
236.421431947482,-0.0100807704958094,-0.0140943369397259,-0.00341363062866708,0.0379446776797345,-0.000208741276121163,0.0028517757247276,-0.020448160939204,0.127716442195893
238.061049666849,-0.0100386752051295,-0.0139266746771156,-0.00334031606317284,0.0376764009944529,-0.000204087210002684,0.00283159151543583,-0.0201748598573817,0.126880394808123
239.712038378445,-0.00999622836463866,-0.0137603605347462,-0.00326822511477564,0.0374097496313502,-0.000199511966479405,0.00281153293160312,-0.0199051233544051,0.126049247224762
241.374476941791,-0.0099534355479292,-0.0135953908861399,-0.00319734233716187,0.03714471951895,-0.000195014544679617,0.00279159955639895,-0.019638907275921,0.125222982314979
243.048444763306,-0.00991030237252032,-0.0134317621016763,-0.00312765241955274,0.0368813065040249,-0.000190593952581896,0.0027717909690402,-0.0193761679512477,0.124401582755122
244.734021800108,-0.00986683449941929,-0.0132694705466175,-0.00305914018581178,0.0366195063533203,-0.000186249206952474,0.00275210674488714,-0.0191168621898222,0.123585031035448
246.431288563827,-0.00982303763263065,-0.0131085125791489,-0.00299179059355783,0.036359314755241,-0.000181979333283146,0.0027325464555371,-0.0188609472776235,0.122773309466738
248.140326124455,-0.00977891751861315,-0.0129488845484347,-0.00292558873328386,0.0361007273215009,-0.000177783365729757,0.00271310966891599,-0.0186083809735716,0.121966400186781
249.861216114214,-0.00973447994568491,-0.0127905827926905,-0.00286051982748247,0.0358437395887372,-0.0001736603470513,0.00269379594936771,-0.0183591215059055,0.121164285166741
251.594040731461,-0.00968973074337715,-0.0126336036372751,-0.00279656922977835,0.0355883470200898,-0.000169609328549649,0.00267460485774141,-0.0181131275685418,0.120366946217393
253.338882744608,-0.00964467578173666,-0.0124779433928017,-0.00273372242406837,0.0353345450067471,-0.000165629370009971,0.0026555359514768,-0.0178703583174144,0.119574364995248
255.09582549608,-0.00959932097057785,-0.0123235983532717,-0.00267196502366967,0.0350823288694592,-0.000161719539641824,0.00263658878468746,-0.0176307733667999,0.118786523008555
256.864952906292,-0.00955367225868442,-0.0121705647942308,-0.00261128277047625,0.0348316938600185,-0.000157878914020978,0.00261776290824234,-0.0173943327856268,0.118003401623186
258.646349477661,-0.00950773563296154,-0.0120188389709498,-0.00255166153412447,0.0345826351627106,-0.000154106578031977,0.00259905786984534,-0.0171609970937736,0.117224982068407
260.440100298641,-0.00946151711753893,-0.0118684171166319,-0.0024930873111677,0.0343351478957342,-0.000150401624811464,0.00258047321411315,-0.0169307272583542,0.116451245442535
262.246291047787,-0.00941502277282565,-0.0117192954406468,-0.00243554622426065,0.0340892271125927,-0.000146763155692288,0.00256200848265144,-0.0167034846899954,0.115682172718484
264.065007997846,-0.00936825869451706,-0.0115714701267948,-0.00237902452135356,0.0338448678034573,-0.000143190280148395,0.00254366321412934,-0.0164792312391044,0.114917744749194
265.896338019882,-0.00932123101255499,-0.0114249373315999,-0.00232350857489656,0.0336020648965035,-0.000139682115740546,0.00252543694435233,-0.0162579291921317,0.114157942272961
267.740368587419,-0.00927394589004167,-0.0112796931826357,-0.00226898488105442,0.0333608132592208,-0.000136237788062843,0.00250732920633365,-0.0160395412678267,0.113402745918651
269.597187780627,-0.00922640952210846,-0.0111357337768842,-0.00221544005893197,0.0331211076996977,-0.000132856430690097,0.00248933953036423,-0.0158240306134913,0.11265213621081
271.466884290521,-0.00917862813474008,-0.0109930551791289,-0.00216286084981032,0.0328829429678818,-0.000129537185126026,0.00247146744408114,-0.0156113608012294,0.111906093574674
273.349547423206,-0.00913060798355552,-0.010851653420384,-0.00211123411639404,0.0326463137568165,-0.000126279200752312,0.00245371247253481,-0.0154014958241958,0.11116459834107
275.245267104134,-0.00908235535254645,-0.0107115244963603,-0.00206054684206943,0.0324112147038559,-0.0001230816347785,0.00243607413825482,-0.0151944000928453,0.110427630751215
277.154133882404,-0.00903387655277416,-0.0105726643659705,-0.00201078613017402,0.0321776403918565,-0.000119943652192756,0.00241855196131455,-0.014990038431182,0.109695170961424
279.07623893509,-0.00898517792102639,-0.010435068949873,-0.00196193920327729,0.0319455853503493,-0.000116864425713479,0.00240114545939462,-0.0147883760730116,0.108967199047708
281.011674071587,-0.00893626581843479,-0.0102987341290575,-0.00191399340247277,0.0317150440566916,-0.000113843135741773,0.00238385414784514,-0.014589378658197,0.108243695010282
282.960531738006,-0.00888714662905448,-0.0101636557434724,-0.00186693618668139,0.0314860109371988,-0.000110878970314762,0.00236667753974696,-0.0143930122289178,0.107524638777976
284.922905021585,-0.00883782675840686,-0.010029829590695,-0.00182075513196622,0.0312584803682592,-0.000107971125059763,0.00234961514597189,-0.0141992432259357,0.106810010212549
286.898887655133,-0.00878831263198693,-0.00989725142464733,-0.00177543793085848,0.0310324466774299,-0.000105118803149296,0.00233266647524184,-0.0140080384848663,0.106099789112915
288.888574021513,-0.00873861069373637,-0.00976591695435567,-0.00173097239169475,0.0308079041445169,-0.000102321215256938,0.00231583103418718,-0.0138193652324582,0.105393955219275
290.892059158146,-0.00868872740448382,-0.00963582184275791,-0.00168734643796539,0.0305848470026388,-9.95775795139951e-05,0.00229910832740415,-0.0136331910828803,0.104692488217158
292.909438761552,-0.00863866924035376,-0.00950696170555775,-0.00164454810767401,0.0303632694392751,-9.6887121467e-05,0.00228249785751143,-0.0134494840340187,0.103995367741376
294.940809191919,-0.00858844269114523,-0.00937933211012729,-0.00160256555270778,0.0301431655973003,-9.42490740360136e-05,0.00226599912520597,-0.0132682124637835,0.103302573379892
296.986267477709,-0.00853805425868213,-0.00925292857445904,-0.00156138703821865,0.0299245295760041,-9.16626774737199e-05,0.00224961162931806,-0.013089345126426,0.1026140846776
299.045911320291,-0.00848751045513633,-0.00912774656616797,-0.00152100094201507,0.0297073554320987,-8.91271793253014e-05,0.00223333486686577,-0.0129128511488686,0.101929881140022
301.119839098607,-0.00843681780132529,-0.00900378150154443,-0.00148139575396423,0.029491637180713,-8.66418343890788e-05,0.0022171683331086,-0.0127387000270463,0.101249942236921
303.208149873869,-0.00838598282498559,-0.00888102874465879,-0.00144256007540442,0.0292773687963762,-8.4205904677899e-05,0.00220111152160074,-0.0125668616222616,0.100574247405839
305.310943394298,-0.00833501205902412,-0.0087594836065184,-0.0014044826185675,0.0290645442139893,-8.18186593812535e-05,0.00218516392424356,-0.0123973061575538,0.0999027760555423
307.428320099879,-0.00828391203974838,-0.00863914134427756,-0.00136715220601104,0.0288531573297868,-7.94793748281091e-05,0.00216932503133772,-0.0122300042140819,0.0992355075693988
309.560381127168,-0.00823268930507759,-0.00851999716050101,-0.00133055777005998,0.0286432020022879,-7.718733445043e-05,0.00215359433163471,-0.0120649267275237,0.0985724213086734
311.707228314113,-0.00818135039273624,-0.00840204620248155,-0.00129468835225756,0.0284346720532394,-7.4941828747372e-05,0.00213797131238802,-0.0119020449844898,0.0979134966157473
313.868964204927,-0.00812990183843178,-0.00828528356161229,-0.00125953310282511,0.0282275612685486,-7.27421552501262e-05,0.0021224554594038,-0.0117413306189551,0.0972587128172619
316.045692054981,-0.00807835017401807,-0.00816970427281381,-0.00122508128013057,0.0280218633992093,-7.05876184873914e-05,0.00210704625709126,-0.0115827556087062,0.0966080492271903
318.237515835737,-0.00802670192564631,-0.00805530331401668,-0.00119132225016527,0.027817572162219,-6.84775299514486e-05,0.00209174318851258,-0.0114262922718071,0.0959614851498348
320.444540239715,-0.00797496361190524,-0.00794207560569972,-0.00115824548602869,0.02761468124149,-6.64112080648178e-05,0.00207654573543265,-0.0112719132630827,0.0953189998827546
322.666870685493,-0.00792314174195216,-0.00783001601048405,-0.00112584056742098,0.0274131842887531,-6.43879781474698e-05,0.00206145337836842,-0.0111195915706204,0.0946805727196216
324.904613322743,-0.00787124281363669,-0.00771911933278328,-0.0010940971801427,0.027213074924455,-6.24071723845674e-05,0.00204646559663804,-0.0109693005122919,0.0940461829530093
327.1578750373,-0.00781927331161887,-0.00760938031850992,-0.00106300511560154,0.0270143467386508,-6.04681297947132e-05,0.00203158186840977,-0.010821013732293,0.0934158098771128
329.426763456268,-0.00776723970548335,-0.00750079365483795,-0.00103255427032568,0.0268169932918898,-5.85701961986734e-05,0.00201680167075064,-0.0106747051977043,0.0927894327904027
331.711386953162,-0.00771514844785151,-0.00739335397002181,-0.00100273464548327,0.0266210081160972,-5.67127241885545e-05,0.00200212447967501,-0.010530349195072,0.0921670309982135
334.011854653082,-0.00766300597249312,-0.00728705583327147,-0.000973536346407908,0.026426384715451,-5.48950730974042e-05,0.00198754977019285,-0.0103879203270093,0.0915485838152686
336.328276437929,-0.0076108186924393,-0.00718189375468369,-0.000944949582129398,0.0262331165672545,-5.31166089692078e-05,0.00197307701635801,-0.0102473935088185,0.0909340705681411
338.660762951648,-0.00755859299809859,-0.00707786218522916,-0.000916964664909728,0.0260411971228046,-5.13767045292557e-05,0.00195870569131628,-0.0101087439651353,0.090323470597654
341.009425605519,-0.00750633525537775,-0.00697495551679534,-0.000889572009783633,0.0258506198082566,-4.96747391548499e-05,0.00194443526735338,-0.00997194722659383,0.0897167632612182
343.374376583475,-0.007454051803809,-0.00687316808228469,-0.00086276213410348,0.0256613780254856,-4.80100988463255e-05,0.00193026521594287,-0.00983697912651491,0.0891139279351125
345.75572884746,-0.00740174895468547,-0.00677249415576794,-0.00083652565708802,0.0254734651529449,-4.63821761983549e-05,0.00191619500779393,-0.00970381579761537,0.0885149440167035
348.153596142828,-0.00734943298920648,-0.00667292795269202,-0.000810853299374633,0.0252868745465209,-4.47903703715107e-05,0.00190222411289919,-0.00957243366874085,0.0879197909266088
350.568093003772,-0.00729711015663427,-0.00657446363014214,-0.000785735882574655,0.0251015995403857,-4.32340870640549e-05,0.00188835200058243,-0.00944280946162108,0.0873284481108039
352.999334758797,-0.00724478667246393,-0.00647709528715751,-0.000761164328831381,0.024917633447847,-4.17127384839302e-05,0.00187457813954622,-0.00931492018764834,0.0867408950426725
355.44743753623,-0.00719246871660801,-0.00638081696510012,-0.000737129660380368,0.0247349695621955,-4.02257433209216e-05,0.00186090199791963,-0.00918874314467918,0.086157111225004
357.912518269762,-0.00714016243159759,-0.00628562264807602,-0.000713622999111632,0.0245536011575507,-3.87725267189641e-05,0.00184732304330585,-0.00906425591385975,0.0855770761919366
360.39469470404,-0.00708787392080106,-0.00619150626340828,-0.000690635566133317,0.0243735214897034,-3.73525202485653e-05,0.00183384074282979,-0.00894143635647474,0.0850007695108479
362.894085400285,-0.00703560924666261,-0.00609846168216098,-0.000668158681336508,0.0241947237969569,-3.59651618793188e-05,0.00182045456318573,-0.00882026261082029,0.0844281707841947
365.410809741959,-0.00698337442896143,-0.00600648271971346,-0.00064618376296074,0.0240172013009668,-3.46098959524795e-05,0.0018071639706849,-0.00870071308910095,0.0838592596513025
367.944987940466,-0.00693117544309351,-0.00591556313638394,-0.000624702327159856,0.0238409472075773,-3.32861731535738e-05,0.00179396843130309,-0.00858276647435075,0.083294015790104
370.496741040893,-0.00687901821837723,-0.00582569663810164,-0.00060370598756784,0.0236659547076578,-3.199345048502e-05,0.00178086741072827,-0.00846640171737877,0.0827324189188314
373.066190927794,-0.00682690863638427,-0.00573687687712648,-0.00058318645486424,0.0234922169779353,-3.07311912387326e-05,0.00176786037440818,-0.00835159803373907,0.0821744487976591
375.653460331008,-0.00677485252929709,-0.00564909745281537,-0.000563135536338826,0.0233197271818275,-2.94988649686837e-05,0.00175494678759793,-0.0082383349007252,0.0816200852303006
378.258672831527,-0.00672285567829456,-0.00556235191243412,-0.000543545135455142,0.0231484784702718,-2.82959474633998e-05,0.00174212611540759,-0.00812659205438946,0.0810693080655599
380.881952867393,-0.00667092381196661,-0.00547663375201377,-0.000524407251412585,0.0229784639825543,-2.71219207183661e-05,0.00172939782284982,-0.00801634948658689,0.0805220971988369
383.523425739646,-0.00661906260475961,-0.00539193641725044,-0.000505713978706685,0.0228096768471355,-2.59762729083187e-05,0.00171676137488736,-0.00790758744204409,0.0799784325735901
386.183217618305,-0.00656727767545337,-0.00530825330444741,-0.000487457506687264,0.0226421101824753,-2.48584983593982e-05,0.0017042162364807,-0.00780028641545298,0.0794382941827552
388.861455548399,-0.00651557458567099,-0.00522557776149825,-0.000469630119114128,0.0224757570978549,-2.37680975211447e-05,0.00169176187263548,-0.00769442714858948,0.0789016620701216
391.558267456034,-0.00646395883842277,-0.00514390308890994,-0.000452224193710034,0.0223106106941975,-2.27045769383128e-05,0.0016793977484501,-0.00758999062745727,0.0783685163316679
394.273782154498,-0.00641243587668514,-0.00506322254086457,-0.000435232201710584,0.0221466640648861,-2.1667449222485e-05,0.00166712332916313,-0.00748695807945662,0.077838837116856
397.008129350424,-0.0063610110820156,-0.00498352932631839,-0.000418646707410784,0.0219839102965795,-2.06562330234623e-05,0.00165493808020071,-0.00738531097057811,0.0773126046298862
399.761439649975,-0.00630968977320486,-0.00490481661013702,-0.000402460367707991,0.0218223424700257,-1.96704530004163e-05,0.00164284146722391,-0.00728503100262168,0.0767897991309123
402.533844565089,-0.00625847720496678,-0.00482707751426532,-0.000386665931640984,0.0216619536608726,-1.87096397927812e-05,0.00163083295617601,-0.00718610011044063,0.0762704009372193
405.325476519761,-0.00620737856666723,-0.00475030511893069,-0.00037125623992491,0.0215027369404763,-1.77733299908694e-05,0.00161891201332969,-0.0070885004592107,0.0757543904243634
408.136468856361,-0.00615639898109255,-0.00467449246387839,-0.000356224224481858,0.021344685376706,-1.68610661061952e-05,0.00160707810533413,-0.00699221444172438,0.075241748027275
410.966955842014,-0.00610554350325849,-0.00459963254963747,-0.000341562907966847,0.0211877920347464,-1.59723965414876e-05,0.00159533069926198,-0.0068972246757101,0.0747324542413259
413.817072675003,-0.00605481711926022,-0.00452571833881589,-0.000327265403289004,0.0210320499778965,-1.51068755603817e-05,0.00158366926265627,-0.00680351400117662,0.0742264896233614
416.686955491232,-0.00600422474516414,-0.00445274275742352,-0.000313324913127747,0.0208774522683653,-1.42640632567703e-05,0.0015720932635771,-0.00671106547778232,0.073723834792698
419.576741370729,-0.00595377122594212,-0.00438069869622134,-0.000299734729443766,0.0207239919680634,-1.34435255238065e-05,0.00156060217064827,-0.00661986238222951,0.0732244704320868
422.486568344193,-0.00590346133444869,-0.00430957901209562,-0.000286488232984648,0.0205716621393913,-1.26448340225419e-05,0.00154919545310366,-0.00652988820568367,0.0727283772886447
425.416575399583,-0.00585329977044163,-0.00423937652945551,-0.000273578892784983,0.0204204558460234,-1.1867566150192e-05,0.00153787258083347,-0.00644112665121753,0.072235536174752
428.366902488763,-0.00580329115964659,-0.00417008404165258,-0.000261000265660782,0.0202703661536877,-1.11113050080159e-05,0.00152663302443028,-0.00635356163127994,0.0717459279689197
431.337690534184,-0.00575344005286588,-0.00410169431242079,-0.000248745995698123,0.0201213861309412,-1.03756393688034e-05,0.00151547625523487,-0.00626717726518953,0.0712595336166245
434.329081435613,-0.00570375092513201,-0.00403420007733556,-0.000236809813735856,0.0199735088499407,-9.66016364395979e-06,0.00150440174538182,-0.006181957876653,0.0707763341311142
437.341218076915,-0.00565422817490613,-0.0039675940452902,-0.000225185536842295,0.019826727387208,-8.96447785018002e-06,0.00149340896784485,-0.00609788799130801,0.0702963105941835
440.374244332875,-0.00560487612332167,-0.00390186889998857,-0.000213867067785789,0.0196810348243912,-8.28818757570844e-06,0.00148249739648192,-0.00601495233429058,0.0698194441569197
443.428305076071,-0.00555569901347331,-0.00383701730145209,-0.000202848394499114,0.0195364242490189,-7.63090394617558e-06,0.00147166650608004,-0.00593313582782686,0.0693457160404212
446.503546183793,-0.00550670100975154,-0.00377303188754002,-0.000192123589537595,0.0193928887552509,-6.99224359000951e-06,0.00146091577239978,-0.00585242358884933,0.0688751075364871
449.600114545014,-0.00545788619722271,-0.00370990527548122,-0.000181686809530935,0.0192504214446206,-6.37182860341655e-06,0.00145024467221944,-0.00577280092663706,0.0684076000082804
452.718158067401,-0.00540925858105478,-0.00364763006341616,-0.000171532294628698,0.0191090154267735,-5.76928651492953e-06,0.00143965268337897,-0.00569425334048024,0.0679431748909639
455.857825684385,-0.00536082208598865,-0.00358619883194755,-0.000161654367939425,0.0189686638201978,-5.18425024952142e-06,0.00142913928482342,-0.00561676651736862,0.0674818136923101
459.01926736227,-0.0053125805558551,-0.00352560414569835,-0.000152047434963379,0.0188293597529494,-4.61635809228256e-06,0.00141870395664613,-0.00554032632970392,0.0670234979932865
462.202634107401,-0.00526453775313707,-0.00346583855487554,-0.000142705983018917,0.0186910963633692,-4.06525365166298e-06,0.00140834618013147,-0.00546491883303591,0.0665682094486143
465.408077973374,-0.00521669735857734,-0.00340689459683839,-0.000133624580662495,0.0185538668007942,-3.53058582227861e-06,0.00139806543779722,-0.00539053026382229,0.0661159297873045
468.635752068297,-0.0051690629708312,-0.00334876479766973,-0.000124797877102355,0.0184176642262605,-3.0120087472844e-06,0.00138786121343649,-0.00531714703721198,0.0656666408131686
471.885810562108,-0.00512163810616406,-0.00329144167374898,-0.000116220601605911,0.0182824818131992,-2.50918178031602e-06,0.00137773299215923,-0.00524475574485191,0.0652203244053076
475.158408693936,-0.00507442619819349,-0.00323491773332542,-0.000107887562900899,0.0181483127481246,-2.02176944700341e-06,0.0013676802604333,-0.00517334315271701,0.0647769625185765
478.453702779515,-0.00502743059767559,-0.00317918547809049,-9.97936485703517e-05,0.0180151502313141,-1.54944140606065e-06,0.00135770250612505,-0.00510289619896339,0.0643365371840278
481.771850218653,-0.00498065457233513,-0.00312423740474782,-9.19338244414621e-05,0.0178829874774798,-1.091872409956e-06,0.00134779921853939,-0.00503340199180449,0.0638990305093328
485.113009502749,-0.00493410130673917,-0.00307006600657959,-8.43031339684392e-05,0.0177518177164322,-6.48742265168463e-07,0.00133796988845945,-0.00496484780741012,0.0634644246791817
488.477340222363,-0.0048877739022136,-0.00301666377500813,-7.68966976094352e-05,0.0176216341937346,-2.1973579203687e-07,0.00132821400818561,-0.00489722108782823,0.0630327019556629
491.865003074839,-0.00484167537680221,-0.00296402320115128,-6.97097121976577e-05,0.0174924301713489,1.95457215792198e-07,0.00131853107157407,-0.00483050943892918,0.0626038446786218
495.276159871982,-0.00479580866526772,-0.00291213677737064,-6.27374503067804e-05,0.0173641989282725,5.97142032309085e-07,0.00130892057407486,-0.00476470062837253,0.0621778352660002
498.710973547785,-0.00475017661913421,-0.00286099699881121,-5.59752596107821e-05,0.0172369337611653,9.85619040470961e-07,0.0012993820127693,-0.00469978258359604,0.0617546562141561
502.169608166212,-0.00470478200677036,-0.00281059636493151,-4.94185622383428e-05,0.0171106279849681,1.36118377390692e-06,0.00128991488640683,-0.00463574338982681,0.0613342900981646
505.652228929035,-0.00465962751351281,-0.00276092738102287,-4.30628541219389e-05,0.0169852749335106,1.7241269589908e-06,0.00128051869544135,-0.00457257128811442,0.0609167195721
509.159002183727,-0.00461471574182917,-0.002711982559717,-3.69037043418013e-05,0.01686086796011,2.07473455726944e-06,0.00127119294206684,-0.0045102546733858,0.0605019273693009
512.690095431402,-0.00457004921151978,-0.00266375442248062,-3.09367544648787e-05,0.0167374004381591,2.4132878082369e-06,0.0012619371302525,-0.00444878209252185,0.0600898963026164
516.245677334823,-0.00452563035995761,-0.00261623550109621,-2.51577178789924e-05,0.0166148657617048,2.7400632724439e-06,0.00125275076577713,-0.00438814224245548,0.0596806092646357
519.825917726449,-0.00448146154236561,-0.00256941833912793,-1.95623791223376e-05,0.0164932573460158,3.05533287493002e-06,0.00124363335626297,-0.00432832396829099,0.0592740492279016
523.430987616559,-0.00443754503213059,-0.00252329549337165,-1.4146593208527e-05,0.0163725686281403,3.35936394896711e-06,0.00123458441120884,-0.00426931626144468,0.0588701992451062
527.061059201407,-0.00439388302115307,-0.00247785953528824,-8.90628494735666e-06,0.0162527930674521,3.65241928010129e-06,0.00122560344202266,-0.00421110825780637,0.0584690424492718
530.716305871459,-0.00435047762023204,-0.00243310305241925,-3.83744826149761e-06,0.0161339241461872,3.93475715048053e-06,0.00121668996205328,-0.00415368923592182,0.0580705620539159
534.396902219665,-0.00430733085948404,-0.00238901864978408,1.0638545007058e-06,0.0160159553699685,4.20663138345476e-06,0.00120784348662159,-0.00409704861519581,0.0576747413532005
538.103024049808,-0.00426444468879554,-0.00234559895125789,5.80149325610691e-06,0.0158988802683197,4.46829138843459e-06,0.00119906353305105,-0.0040411759541157,0.0572815637220675
541.834848384891,-0.00422182097830784,-0.0023028366009294,1.0379270881101e-05,0.0157826923951687,4.71998220599523e-06,0.0011903496206974,-0.00398606094849536,0.0568910126163588
545.592553475602,-0.0041794615189336,-0.00226072426443784,1.48009239092257e-05,0.0156673853293387,4.96194455321053e-06,0.00118170127097777,-0.00393169342973922,0.0565030715729225
549.376318808822,-0.00413736802290413,-0.00221925463028853,1.90701232317954e-05,0.015552952675029,5.1944148692031e-06,0.00117311800739901,-0.00387806336312636,0.0561177242097058
553.1863251162,-0.00409554212434645,-0.00217842041114609,2.31904748013614e-05,0.0154393880622833,5.41762536089606e-06,0.00116459935558535,-0.00382516084611441,0.0557349542258342
557.022754382788,-0.00405398537988934,-0.00213821434510491,2.71655203377594e-05,0.0153266851474477,5.63180404895093e-06,0.0011561448433053,-0.00377297610666311,0.0553547454016768
560.885789855729,-0.00401269926929731,-0.00209862919693622,3.09987380365312e-05,0.0152148376136164,5.83717481387654e-06,0.00114775400049784,-0.00372149950157727,0.0549770815989008
564.775616053012,-0.00397168519613169,-0.00205965775931118,3.46935432794806e-05,0.0151038391710655,6.03395744229392e-06,0.0011394263592979,-0.0036707215148692,0.0546019467605116
568.692418772287,-0.00393094448843778,-0.00202129285399936,3.825328934714e-05,0.0149936835576762,6.22236767334172e-06,0.00113116145406105,-0.00362063275614013,0.0542293249108817
572.636385099737,-0.00389047839945722,-0.00198352733304238,4.16812681329167e-05,0.014884364539345,6.40261724520617e-06,0.00112295882138751,-0.00357122395898066,0.0538592001557683
576.607703419018,-0.00385028810836458,-0.00194635407990199,4.49807108586794e-05,0.0147758759103834,6.57491394176048e-06,0.00111481800014535,-0.00352248597939002,0.0534915566823182
580.606563420252,-0.00381037472102716,-0.00190976601058231,4.81547887915528e-05,0.0146682114939047,6.73946163929776e-06,0.00110673853149302,-0.00347440979421386,0.0531263787590627
584.633156109091,-0.00377073927078716,-0.00187375607472583,5.12066139616916e-05,0.0145613651421996,6.89646035334129e-06,0.00109871995890106,-0.00342698649960059,0.0527636507359006
588.687673815838,-0.00373138271926521,-0.0018383172566828,5.41392398807876e-05,0.0144553307371001,7.04610628551742e-06,0.00109076182817311,-0.00338020730947596,0.0524033570440718
592.77031020464,-0.00369230595718427,-0.00180344257655364,5.69556622610921e-05,0.0143501021903313,7.18859187047428e-06,0.00108286368746617,-0.00333406355403567,0.0520454821961192
596.881260282727,-0.003653509805213,-0.00176912509120427,5.96588197347018e-05,0.0142456734438516,7.32410582283125e-06,0.00107502508731006,-0.00328854667825604,0.0516900107858416
601.020720409738,-0.00361499501482761,-0.00173535789525383,6.22515945728846e-05,0.0141420384701808,7.45283318414317e-06,0.00106724558062618,-0.00324364824042228,0.0513369274882366
605.188888307094,-0.00357676226919131,-0.00170213412203486,6.47368134052161e-05,0.0140391912727167,7.57495536986424e-06,0.00105952472274552,-0.00319935991067451,0.0509862170594335
609.385963067442,-0.00353881218405032,-0.00166944694452552,6.71172479382895e-05,0.0139371258860403,7.69065021629532e-06,0.0010518620714259,-0.00315567346957101,0.0506378643366178
613.612145164168,-0.0035011453086456,-0.00163728957625382,6.93956156737717e-05,0.0138358363762084,7.80009202750008e-06,0.00104425718686847,-0.00311258080666892,0.0502918542379456
617.867636460969,-0.00346376212663928,-0.00160565527217376,7.15745806255861e-05,0.0137353168410356,7.90345162217424e-06,0.00103670963173348,-0.00307007391912177,0.0499481717624506
622.152640221499,-0.00342666305705498,-0.00157453732951311,7.36567540359849e-05,0.013635561410364,8.00089638045302e-06,0.00102921897115529,-0.00302814491029413,0.0496068019899413
626.467361119072,-0.00338984845523099,-0.00154392908859302,7.56446950903013e-05,0.0135365642463214,8.09259029064173e-06,0.00102178477275669,-0.00298678598839285,0.049267730080891
630.812005246445,-0.00335331861378554,-0.00151382393361917,7.75409116301552e-05,0.0134383195435686,8.17869399585499e-06,0.00101440660666239,-0.00294598946511493,0.0489309412763188
635.186780125658,-0.00331707376359308,-0.00148421529344466,7.93478608649002e-05,0.0133408215295347,8.25936484054984e-06,0.00100708404551194,-0.0029057477543117,0.0485964208976637
639.591894717946,-0.00328111407477095,-0.00145509664230443,8.10679500810938e-05,0.0132440644646414,8.33475691693845e-06,0.00099981666447173,-0.00286605337066935,0.0482641543466505
644.027559433723,-0.00324543965767532,-0.00142646150052155,8.27035373497898e-05,0.0131480426425159,8.40502111126664e-06,0.000992604041246456,-0.0028268989284054,0.0479341271051485
648.493986142629,-0.00321005056390565,-0.00139830343518511,8.42569322314387e-05,0.013052750390193,8.47030514994349e-06,0.000985445756089753,-0.0027882771399811,0.0476063247350232
652.991388183652,-0.00317494678731693,-0.0013706160608001,8.57303964781975e-05,0.0129581820683055,8.53075364550974e-06,0.000978341391814171,-0.00275018081482959,0.047280732877981
657.519980375318,-0.00314012826503868,-0.00134339303990917,8.71261447334548e-05,0.0128643320712646,8.5865081424303e-06,0.000971290533800447,-0.00271260285809956,0.0469573372554069
662.07997902595,-0.00310559487849998,-0.00131662808368657,8.84463452283667e-05,0.0127711948274286,8.63770716269883e-06,0.000964292770006073,-0.00267553626941434,0.0466361236681959
666.671601944003,-0.00307134645445985,-0.00129031495250433,8.96931204752277e-05,0.0126787647992616,8.68448625124095e-06,0.00095734769097319,-0.00263897414164622,0.0463170779965785
671.295068448464,-0.00303738276604196,-0.00126444745647087,9.08685479574775e-05,0.0125870364834809,8.72697802110385e-06,0.000950454889835795,-0.00260290965970582,0.0460001861999388
675.950599379332,-0.00300370353377308,-0.00123901945594236,9.19746608161746e-05,0.0124960044111945,8.76531219842041e-06,0.000943613962326282,-0.00256733609934639,0.0456854343166281
680.638417108163,-0.00297030842662451,-0.00121402486200682,9.30134485327513e-05,0.0124056631480284,8.79961566713494e-06,0.000936824506781324,-0.00253224682598285,0.0453728084637716
685.358745548692,-0.00293719706305563,-0.00118945763694147,9.39868576078882e-05,0.0123160072942428,8.8300125134806e-06,0.000930086124147089,-0.00249763529352542,0.0450622948370704
690.11181016753,-0.00290436901205903,-0.00116531179464337,9.48967922363297e-05,0.0122270314848392,8.85662407019534e-06,0.000923398417983829,-0.00246349504322764,0.044753879710597
694.897837994932,-0.00287182379420635,-0.00114158140103373,9.5745114977493e-05,0.0121387303896571,8.87956896046734e-06,0.000916760994469814,-0.00242981970254875,0.044447549436587
699.717057635642,-0.00283956088269427,-0.00111826057443619,9.65336474217001e-05,0.0120510987134608,8.8989631415979e-06,0.000910173462404653,-0.00239660298403011,0.0441432904452239
704.569699279812,-0.00280757970438995,-0.00109534348592931,9.72641708518952e-05,0.0119641311960172,8.91491994837235e-06,0.000903635433211994,-0.00236383868418559,0.0438410892444208
709.455994713995,-0.0027758796408752,-0.00107282435967365,9.79384269006856e-05,0.0118778226121634,8.92755013612877e-06,0.000897146520941611,-0.0023315206824058,0.0435409324195962
714.376177332221,-0.00274446002948893,-0.00105069747321379,9.8558118202581e-05,0.0117921677718651,8.93696192351536e-06,0.0008907063422709,-0.00229964293987593,0.0432428066334453
719.33048214714,-0.00271332016436704,-0.0010289571577555,9.91249090412845e-05,0.0117071615202663,8.94326103492649e-06,0.000884314516505782,-0.00226819949850714,0.0429466986257075
724.31914580125,-0.00268245929747938,-0.00100759779841862,9.96404259919062e-05,0.0116227987377297,8.94655074260957e-06,0.000877970665581036,-0.00223718447988124,0.0426525952129285
729.342406578201,-0.00265187663966307,-0.000986613834465916,0.000100106258557978,0.0115390743398678,8.94693190843345e-06,0.000871674414060055,-0.00220659208420864,0.0423604832882197
734.400504414174,-0.00262157136165158,-0.000965999759508246,0.000100523959803146,0.0114559832775661,8.94450302531053e-06,0.000865425389134053,-0.00217641658929927,0.0420703498210121
739.493680909344,-0.00259154259509931,-0.000945750121686534,0.000100895046977425,0.0113735205369975,8.939360258265e-06,0.000859223220620722,-0.00214665234954646,0.0417821818568072
744.622179339418,-0.00256178943360077,-0.000925859523830889,0.000101221002137912,0.0112916811396276,8.93159748513919e-06,0.000853067540962361,-0.00211729379492357,0.0414959665169243
749.786244667259,-0.00253231093370417,-0.000906322623597296,0.000101503272763839,0.0112104601422132,8.92130633693156e-06,0.000846957985223469,-0.00208833542999323,0.0412116909982434
754.98612355458,-0.00250310611591878,-0.000887134133582291,0.000101743272365887,0.0111298526367917,8.90857623775929e-06,0.000840894191087838,-0.002059771832929,0.0409293425729453
760.222064373731,-0.00247417396571567,-0.00086828882141606,0.000101942381089653,0.0110498537506629,8.89349444443912e-06,0.000834875798855134,-0.00203159765454945,0.0406489085882482
765.494317219563,-0.00244551343452137,-0.000849781509834361,0.00010210194631318,0.0109704586463635,8.87614608568026e-06,0.000828902451436992,-0.00200380761736433,0.0403703764661411
770.803133921369,-0.00241712344070397,-0.00083160707672975,0.000102223283238476,0.0108916625216335,8.85661420088415e-06,0.000822973794352635,-0.00197639651463282,0.0400937337031137
776.148768054917,-0.00238900287055138,-0.000813760455182511,0.000102307675476937,0.0108134606093758,8.83497977854513e-06,0.000817089475724016,-0.00194935920943371,0.0398189678698839
781.531474954562,-0.00236115057924126,-0.000796236633471758,0.000102356375628601,0.0107358481776081,8.81132179424729e-06,0.000811249146270513,-0.0019226906337473,0.0395460666111225
786.951511725437,-0.00233356539180224,-0.000779030655067155,0.00010237060585517,0.0106588205294088,8.78571724825314e-06,0.000805452459303166,-0.00189638578754895,0.039275017645174
792.40913725574,-0.00230624610406619,-0.000762137618601705,0.000102351558446723,0.0105823730028547,8.75824120267885e-06,0.000799699070718496,-0.00187043973791411,0.0390058087637765
797.904612229097,-0.00227919148361106,-0.00074555267782606,0.000102300396382077,0.0105065009709532,8.72896681825312e-06,0.000793988638991887,-0.00184484761813476,0.0387384278317776
803.438199137013,-0.00225240027069414,-0.000729271041544821,0.000102218253882739,0.0104311998415674,8.69796539065533e-06,0.000788320825170564,-0.00181960462684696,0.0384728627868486
809.01016229141,-0.00222587117917524,-0.000713287973535268,0.000102106236960382,0.0103564650573355,8.66530638642946e-06,0.000782695292866168,-0.00179470602716965,0.0382091016391965
814.620767837254,-0.0021996028974297,-0.000697598792449002,0.000101965423957832,0.0102822920955833,8.63105747847144e-06,0.000777111708246944,-0.00177014714585425,0.037947132471273
820.270283765263,-0.00217359408925082,-0.000682198871696938,0.000101796866083497,0.0102086764682316,8.59528458108628e-06,0.000771569740029548,-0.00174592337244524,0.0376869434374821
825.958979924714,-0.00214784339474158,-0.000667083639318126,0.000101601587939216,0.0101356137216969,8.55805188461327e-06,0.000766069059470493,-0.00172203015845134,0.0374285227638857
831.687128036326,-0.00212234943119526,-0.000652248577832845,0.000101380588041502,0.0100630994367875,8.51942188961649e-06,0.000760609340357234,-0.00169846301652732,0.0371718587479067
837.455001705243,-0.00209711079396495,-0.000637689224080443,0.000101134839336137,0.00999112922859361,8.47945544063923e-06,0.000755190258998912,-0.00167521751966622,0.0369169397580306
843.262876434102,-0.00207212605732149,-0.000623401169042367,0.000100865289706108,0.00991969874637181,8.43821175952048e-06,0.000749811494216761,-0.00165228930040198,0.0366637542335055
849.111029636188,-0.00204739377529994,-0.000609380057650849,0.000100572862472868,0.00984880367342538,8.39574847827201e-06,0.000744472727334202,-0.00162967405002217,0.0364122906840401
854.999740648693,-0.00202291248253413,-0.000595621588583689,0.000100258456890894,0.00977843972697893,8.35212167151542e-06,0.000739173642166612,-0.00160736751779086,0.0361625376895005
860.92929074605,-0.00199868069507933,-0.000582121514045602,9.99229486355453e-05,0.00970860265804855,8.3073858884782e-06,0.000733913925010803,-0.00158536551018148,0.0359144838996048
866.899963153375,-0.00197469691122279,-0.000568875639536554,9.95671902842084e-05,0.00963928825130733,8.26159418454795e-06,0.000728693264634205,-0.00156366389011942,0.0356681180336175
872.91204305999,-0.00195095961228209,-0.00055587982360756,9.91920117907293e-05,0.00957049232494638,8.21479815238495e-06,0.000723511352263774,-0.00154225857623449,0.035423428880041
878.965817633049,-0.00192746726339104,-0.000543129977604349,9.87982209531292e-05,0.00950221073053165,8.167047952593e-06,0.000718367881574623,-0.00152114554212286,0.0351804052963074
885.061576031251,-0.00190421831427326,-0.000530622065399369,9.83866038746143e-05,0.0094344393528565,8.11839234394828e-06,0.000713262548678406,-0.00150032081561855,0.0349390362084679
891.199609418655,-0.00188121120000312,-0.000518352103112534,9.79579254178814e-05,0.00936717410979044,8.06887871318725e-06,0.00070819505211144,-0.00147978047807433,0.0346993106108818
897.380210978585,-0.00185844434175406,-0.000506316158821161,9.75129296527356e-05,0.00930041095212393,8.01855310435397e-06,0.000703165092822598,-0.00145952066365178,0.0344612175659041
903.603675927636,-0.00183591614753424,-0.000494510352259502,9.70523402970302e-05,0.00923414586340954,7.96746024770759e-06,0.000698172374160968,-0.0014395375586206,0.0342247462035725
909.870301529772,-0.00181362501290942,-0.000482930854508315,9.65768611509503e-05,0.00916837485979965,7.91564358819159e-06,0.000693216601863299,-0.0014198274006669,0.0339898857212929
916.18038711053,-0.00179156932171303,-0.000471573887674848,9.60871765246554e-05,0.00910309398988068,7.86314531346529e-06,0.000688297484041227,-0.00140038647821044,0.0337566253835247
922.534234071309,-0.00176974744674345,-0.000460435724563684,9.5583951659311e-05,0.00903829933450418,7.8100063815e-06,0.000683414731168313,-0.00138121112973067,0.033524954521465
928.932145903777,-0.00174815775044831,-0.000449512688338817,9.50678331415286e-05,0.00897398700661476,7.75626654774073e-06,0.000678568056066881,-0.00136229774310149,0.033294862532732
935.374428204358,-0.0017267985855961,-0.000438801152177372,9.45394493112489e-05,0.00891015315107515,7.70196439183582e-06,0.000673757173894682,-0.00134364275493465,0.0330663388810483
941.861388688833,-0.00170566829593472,-0.000428297538915349,9.3999410663096e-05,0.00884679394448835,7.64713734393628e-06,0.000668981802131381,-0.00132524264993154,0.0328393730959226
948.39333720704,-0.00168476521683726,-0.00041799832068578,9.34483102412365e-05,0.00878390559501723,7.59182171056713e-06,0.000664241660564879,-0.00130709396024354,0.0326139547723321
954.970585757668,-0.0016640876759349,-0.000407900018549671,9.28867240277846e-05,0.00872148434220149,7.53605270007307e-06,0.000659536471277489,-0.0012891932648405,0.0323900735704035
961.593448503166,-0.00164363399373695,-0.000397999202120103,9.23152113247856e-05,0.00865952645677226,7.47986444764102e-06,0.000654865958631956,-0.00127153718888747,0.0321677192150938
968.262241784745,-0.00162340248423812,-0.000388292489179854,9.17343151298207e-05,0.00859802824046442,7.42329003990212e-06,0.000650229849257344,-0.00125412240312961,0.0319468814958711
974.977284137491,-0.00160339145551297,-0.000378776545292896,9.11445625052822e-05,0.00853698602582675,7.36636153911628e-06,0.000645627872034793,-0.00123694562328488,0.0317275502663948
981.738896305574,-0.00158359921029773,-0.000369448083410128,9.05464649413541e-05,0.00847639617603002,7.3091100069418e-06,0.000641059758083154,-0.00122000360944484,0.0315097154441955
988.547401257578,-0.00156402404655933,-0.000360303863469668,8.99405187127518e-05,0.00841625508467328,7.25156552779337e-06,0.000636525240744515,-0.00120329316548308,0.0312933670103548
995.403124201917,-0.00154466425805196,-0.000351340691992066,8.93272052292676e-05,0.00835655917558823,7.19375723179177e-06,0.00063202405556961,-0.00118681113847144,0.0310784950091849
1002.30639260238,-0.00152551813486103,-0.00034255542167074,8.87069913801744e-05,0.00829730490264197,7.13571331730829e-06,0.000627555940303143,-0.00117055441810379,0.0308650895479079
1009.25753619375,-0.00150658396393465,-0.000333944950957992,8.80803298725363e-05,0.0082384887495382,7.07746107310757e-06,0.000623120634869015,-0.00115451993612728,0.030653140796336
1016.2568869976,-0.0014878600296028,-0.000325506223646868,8.74476595634816e-05,0.00818010722961693,7.01902690009204e-06,0.000618717881355464,-0.00113870466578108,0.0304426389865498
1023.30477933808,-0.00146934461408416,-0.000317236228449238,8.68094057864958e-05,0.00812215688565294,6.96043633265215e-06,0.000614347424000138,-0.00112310562124242,0.0302335744125787
1030.40154985798,-0.00145103599798078,-0.000309131998570321,8.61659806717856e-05,0.00806463428965281,6.90171405962538e-06,0.000610009009175087,-0.00110771985707975,0.03002593743008
1037.5475375347,-0.00143293246076064,-0.000301190611280025,8.55177834607774e-05,0.00800753604265109,6.84288394486847e-06,0.000605702385371706,-0.00109254446771321,0.0298197184560186
1044.74308369654,-0.00141503228122822,-0.000293409187481315,8.48652008148054e-05,0.00795085877450511,6.78396904744642e-06,0.000601427303185605,-0.00107757658688202,0.0296149079683468
1051.98853203895,-0.00139733373798319,-0.000285784891275959,8.42086071180511e-05,0.0078945991436892,6.72499164144233e-06,0.000597183515301449,-0.00106281338711886,0.0294114965056841
1059.28422864097,-0.00137983510986731,-0.000278314929527859,8.35483647747955e-05,0.00783875383708773,6.66597323539194e-06,0.000592970776477735,-0.00104825207923117,0.0292094746669976
1066.63052198171,-0.00136253467639973,-0.000270996551424292,8.28848245010456e-05,0.00778331956978777,6.6069345913474e-06,0.000588788843531547,-0.00103388991178917,0.0290088331112826
1074.02776295709,-0.00134543071820071,-0.000263827048035263,8.22183256105969e-05,0.00772829308487064,6.54789574357379e-06,0.000584637475323266,-0.00101972417062059,0.0288095625572428
1081.4763048965,-0.00132852151740395,-0.000256803751871277,8.1549196295601e-05,0.00767367115320341,6.48887601688331e-06,0.000580516432741274,-0.00100575217831209,0.0286116537829722
1088.97650357974,-0.00131180535805765,-0.000249924036439718,8.08777539016935e-05,0.00761945057322943,6.42989404461069e-06,0.00057642547868661,-0.00099197129371711,0.0284150976256357
1096.52871725401,-0.00129528052651444,-0.00024318531580013,8.02043051977598e-05,0.00756562817075884,6.37096778623485e-06,0.00057236437805764,-0.000978378911470256,0.0282198849811518
1104.13330665098,-0.00127894531181021,-0.000236585044118568,7.95291466403912e-05,0.0075122007987585,6.31211454465041e-06,0.000568332897734696,-0.000964972461507985,0.0280260068038741
1111.79063500406,-0.00126279800603224,-0.000230120715221311,7.88525646331109e-05,0.00745916533714187,6.25335098309427e-06,0.000564330806564725,-0.000951749408595646,0.027833454106275
1119.50106806575,-0.00124683690467641,-0.000223789862148084,7.81748357804244e-05,0.00740651869255857,6.19469314173075e-06,0.000560357875345929,-0.000938707251860672,0.0276422179586281
1127.26497412507,-0.00123106030699397,-0.000217590056705061,7.7496227136774e-05,0.00735425779818398,6.13615645390072e-06,0.000556413876812418,-0.000925843524331955,0.0274522894886925
1135.0827240252,-0.00121546651632775,-0.000211518909017804,7.68169964504524e-05,0.00730237961350873,6.07775576203829e-06,0.000552498585618864,-0.000913155792485223,0.0272636598813969
1142.95469118117,-0.00120005384043814,-0.000205574067084372,7.61373924025551e-05,0.00725088112412832,6.01950533326027e-06,0.000548611778325187,-0.000900641655794447,0.027076320378525
1150.8812515977,-0.00118482059181893,-0.000199753216328756,7.5457654841031e-05,0.00719975934153275,5.96141887463235e-06,0.000544753233381234,-0.000888298746289097,0.0268902622784004
1158.86278388715,-0.00116976508800311,-0.000194054079154865,7.47780150099052e-05,0.0071490113028965,5.90350954811709e-06,0.000540922731111511,-0.00087612472811728,0.0267054769355734
1166.89966928762,-0.0011548856518588,-0.000188474414501189,7.40986957737391e-05,0.00709863407086854,5.84578998520764e-06,0.000537120053699914,-0.000864117297114563,0.0265219557605074
1174.99229168114,-0.00114018061187559,-0.000183012017396368,7.34199118373997e-05,0.00704862473336291,5.78827230125236e-06,0.00053334498517452,-0.000852274180378552,0.0263396902192668
1183.14103761204,-0.00112564830244118,-0.000177664718515774,7.27418699612015e-05,0.00699898040334939,5.73096810947419e-06,0.000529597311392382,-0.000840593135849001,0.026158671833205
1191.34629630538,-0.00111128706410884,-0.000172430383739327,7.2064769171498e-05,0.00694969821864485,5.67388853469014e-06,0.000525876820024396,-0.000829071951893526,0.0259788921786537
1199.60845968555,-0.00109709524385538,-0.00016730691371063,7.13888009667815e-05,0.00690077534170485,5.61704422673454e-06,0.000522183300540179,-0.000817708446898722,0.0258003428866121
1207.92792239501,-0.00108307119533029,-0.000162292243397638,7.07141495193694e-05,0.00685220895941596,5.56044537359153e-06,0.000518516544193018,-0.000806500468866732,0.0256230156424381
1216.3050818131,-0.00106921327909581,-0.000157384341654949,7.00409918727365e-05,0.00680399628288855,5.50410171424032e-06,0.000514876344004854,-0.000795445895017089,0.0254469021855393
1224.74033807505,-0.00105551986285826,-0.000152581210787887,6.93694981345697e-05,0.00675613454725024,5.44802255121871e-06,0.000511262494751322,-0.000784542631393864,0.025271994309065
1233.23409409112,-0.00104198932169081,-0.000147880886118486,6.86998316656061e-05,0.00670862101144001,5.39221676290858e-06,0.000507674792946844,-0.000773788612477963,0.0250982838595997
1241.78675556577,-0.00102862003824774,-0.000143281435553524,6.80321492643271e-05,0.00666145295800312,5.33669281554833e-06,0.000504113036829793,-0.00076318180080459,0.0249257627368564
1250.39873101711,-0.00101541040297045,-0.000138780959154692,6.73666013475737e-05,0.00661462769288663,5.28145877497654e-06,0.000500577026347693,-0.00075272018658572,0.0247544228933718
1259.07043179635,-0.00100235881428532,-0.000134377588711058,6.6703332127152e-05,0.0065681425452359,5.22652231811141e-06,0.00049706656314251,-0.000742401787337624,0.0245842563342017
1267.80227210752,-0.000989463678793546,-0.000130069487313884,6.60424797824903e-05,0.00652199486719184,5.17189074417007e-06,0.000493581450535988,-0.000732224647513265,0.0244152551166174
1276.5946690272,-0.000976723411453217,-0.000125854848933945,6.53841766294236e-05,0.00647618203368901,5.11757098563273e-06,0.000490121493515068,-0.000722186838139605,0.0242474113498038
1285.44804252445,-0.000964136435753673,-0.000121731898001431,6.47285492851634e-05,0.00643070144225479,5.06356961895562e-06,0.000486686498717372,-0.000712286456459699,0.0240807171945572
1294.36281548089,-0.000951701183882342,-0.000117698888988513,6.40757188295199e-05,0.00638555051280934,5.00989287503699e-06,0.000483276274416757,-0.000702521625579525,0.023915164862985
1303.33941371088,-0.000939416096884249,-0.000113754105994698,6.34258009624469e-05,0.00634072668746667,4.95654664944097e-06,0.000479890630508951,-0.000692890494119512,0.023750746618206
1312.37826598188,-0.000927279624814263,-0.000109895862335013,6.27789061579654e-05,0.0062962274303366,4.90353651238298e-06,0.000476529378497264,-0.000683391235870669,0.0235874547740519
1321.47980403488,-0.000915290226882329,-0.000106122500131153,6.21351398145385e-05,0.00625205022732797,4.85086771848147e-06,0.000473192331478375,-0.0006740220494553,0.0234252816947696
1330.6444626051,-0.000903446371591742,-0.000102432389905611,6.14946024019554e-05,0.00620819258595268,4.7985452162797e-06,0.000469879304128206,-0.000664781157992193,0.0232642197947247
1339.87267944269,-0.000891746536870709,-9.88239301789183e-05,6.08573896047904e-05,0.00616465203513111,4.74657365754225e-06,0.000466590112687875,-0.000655666808766286,0.0231042615381056
1349.16489533366,-0.00088018921019725,-9.52955470700163e-05,6.02235924624977e-05,0.00612142612499837,4.69495740632992e-06,0.000463324574949729,-0.000646677272902683,0.0229453994386296
1358.52155412096,-0.000868772888717675,-9.18456938998609e-05,5.95932975062054e-05,0.006078512426712,4.64370054785746e-06,0.000460082510243481,-0.000637810845045047,0.022787626059249
1367.94310272563,-0.000857496079358694,-8.84728507982898e-05,5.89665868922683e-05,0.00603590853226062,4.592806897138e-06,0.000456863739422406,-0.000629065843038213,0.0226309340118588
1377.42999116818,-0.000846357298933409,-8.51755243142385e-05,5.83435385326426e-05,0.00599361205427397,4.54228000741834e-06,0.000453668084849654,-0.000620440607615075,0.0224753159570056
1386.98267259009,-0.000835355074241204,-8.19522470293269e-05,5.77242262221391e-05,0.00595162062583393,4.4921231784089e-06,0.000450495370384631,-0.000611933502087591,0.0223207646035971
1396.60160327544,-0.000824487942161813,-7.88015771748968e-05,5.71087197626179e-05,0.00590993190028712,4.44233946431247e-06,0.000447345421369493,-0.00060354291204194,0.0221672727086134
1406.2872426727,-0.000813754449743572,-7.5722098252516e-05,5.649708508418e-05,0.00586854355105839,4.39293168165539e-06,0.000444218064615707,-0.000595267245037696,0.0220148330768186
1416.04005341668,-0.000803153154286114,-7.27124186580195e-05,5.58893843634171e-05,0.00582745327146586,4.34390241692542e-06,0.000441113128390729,-0.000587104930311045,0.0218634385604745
1425.86050135065,-0.000792682623417535,-6.97711713091004e-05,5.52856761387731e-05,0.00578665877453712,4.29525403401949e-06,0.000438030442404759,-0.000579054418481922,0.0217130820590542
1435.74905554856,-0.000782341435166273,-6.68970132765117e-05,5.46860154230789e-05,0.0057461577928268,4.24698868150574e-06,0.000434969837797607,-0.000571114181265084,0.0215637565189582
1445.70618833745,-0.000772128178027719,-6.40886254188856e-05,5.40904538133105e-05,0.00570594807823537,4.19910829970305e-06,0.000431931147125638,-0.000563282711184993,0.0214154549332303
1455.73237532004,-0.000762041451025815,-6.13447120212263e-05,5.34990395976322e-05,0.00566602740182938,4.15161462758209e-06,0.000428914204348831,-0.000555558521294543,0.0212681703412761
1465.8280953974,-0.000752079863769649,-5.86640004370772e-05,5.29118178597727e-05,0.00562639355366298,4.10450920949108e-06,0.000425918844817919,-0.000547940144897499,0.0211218958285812
1475.99383079187,-0.00074224203650528,-5.60452407344116e-05,5.23288305807952e-05,0.00558704434260079,4.05779340171043e-06,0.000422944905261644,-0.000540426135274677,0.0209766245264318
1486.23006707006,-0.000732526600162828,-5.34872053452418e-05,5.17501167383062e-05,0.00554797759614218,4.01146837883907e-06,0.000419992223774097,-0.000533015065413739,0.0208323496116357
1496.53729316606,-0.00072293219639905,-5.09886887189927e-05,5.11757124031654e-05,0.00550919116024688,3.96553514001662e-06,0.000417060639802165,-0.000525705527742631,0.0206890643062446
1506.9160014048,-0.00071345747763541,-4.85485069796267e-05,5.06056508337371e-05,0.00547068289916194,3.91999451498421e-06,0.000414149994133073,-0.000518496133866553,0.0205467618772781
1517.36668752555,-0.000704101107091894,-4.6165497586563e-05,5.00399625677448e-05,0.00543245069525023,3.87484716998787e-06,0.000411260128882035,-0.000511385514308464,0.0204054356364485
1527.88985070559,-0.00069486175881656,-4.38385189993735e-05,4.94786755117707e-05,0.00539449244882009,3.83009361352732e-06,0.00040839088747999,-0.000504372318253034,0.0202650789398864
1538.4859935841,-0.000685738117711062,-4.15664503462905e-05,4.89218150284562e-05,0.00535680607795661,3.78573420195397e-06,0.000405542114661458,-0.000497455213294041,0.0201256851878685
1549.15562228612,-0.000676728879552145,-3.93481910965074e-05,4.83694040214451e-05,0.00531938951835414,3.74176914492067e-06,0.000402713656452478,-0.00049063288518512,0.0199872478245456
1559.89924644673,-0.000667832751009341,-3.71826607363026e-05,4.78214630181261e-05,0.00528224072315038,3.69819851068716e-06,0.000399905360158661,-0.000483904037593875,0.019849760337673
1570.71737923542,-0.000659048449658876,-3.50687984489618e-05,4.72780102502123e-05,0.00524535766276165,3.6550222312837e-06,0.000397117074353339,-0.000477267391859246,0.0197132162583403
1581.61053738059,-0.000650374703993974,-3.30055627985256e-05,4.67390617322131e-05,0.00520873832471983,3.61224010753634e-06,0.000394348648865816,-0.000470721686752162,0.0195776091607047
1592.57924119422,-0.00064181025343161,-3.09919314173359e-05,4.6204631337837e-05,0.00517238071351047,3.56985181395672e-06,0.000391599934769718,-0.000464265678239356,0.0194429326617236
1603.62401459674,-0.000633353848315875,-2.90269006974003e-05,4.56747308743764e-05,0.00513628285041252,3.5278569034994e-06,0.00038887078437145,-0.000457898139250388,0.0193091804208897
1614.74538514202,-0.000625004249917985,-2.7109485485548e-05,4.51493701551126e-05,0.00510044277333934,3.48625481218964e-06,0.000386161051198747,-0.000451617859447743,0.0191763461399663
1625.94388404263,-0.000616760230433117,-2.52387187823903e-05,4.46285570697916e-05,0.00506485853668119,3.4450448636246e-06,0.000383470589989338,-0.000445423645000047,0.019044423562725
1637.22004619516,-0.000608620572974101,-2.34136514450581e-05,4.41122976532055e-05,0.00502952821114909,3.40422627335061e-06,0.000380799256679692,-0.000439314318358294,0.0189134064746836
1648.57441020578,-0.000600584071562126,-2.16333518937245e-05,4.36005961519302e-05,0.00499444988362016,3.36379815311957e-06,0.000378146908393889,-0.000433288718035101,0.018783288702846
1660.00751841599,-0.000592649531114496,-1.98969058218822e-05,4.30934550892528e-05,0.00495962165698425,3.32375951502689e-06,0.000375513403432571,-0.000427345698386886,0.0186540641154427
1671.51991692849,-0.000584815767429605,-1.82034159103823e-05,4.25908753283353e-05,0.00492504164999218,3.28410927553404e-06,0.000372898601262008,-0.000421484129399013,0.0185257266216734
1683.11215563331,-0.000577081607169138,-1.65520015451999e-05,4.20928561336518e-05,0.00489070799710511,3.24484625937795e-06,0.000370302362503253,-0.000415702896473772,0.0183982701714496
1694.78478823403,-0.000569445887837679,-1.494179853893e-05,4.15993952307389e-05,0.00485661884834562,3.20596920337024e-06,0.00036772454892141,-0.000410000900221249,0.01827168875514
1706.53837227424,-0.000561907457759729,-1.33719588559792e-05,4.1110488864298e-05,0.00482277236914991,3.16747676008856e-06,0.000365165023414987,-0.000404377056252963,0.0181459764033158
1718.37346916419,-0.000554465176054301,-1.18416503414508e-05,4.06261318546882e-05,0.0047891667402216,3.1293675014627e-06,0.000362623650005361,-0.000398830294978311,0.0180211271864982
1730.2906442076,-0.000547117912607106,-1.03500564536889e-05,4.0146317652845e-05,0.00475580015738677,3.09163992225781e-06,0.000360100293826336,-0.000393359561403713,0.0178971352149064
1742.29046662864,-0.000539864548040482,-8.89637600047684e-06,3.96710383936639e-05,0.00472267083145054,3.0542924434573e-06,0.000357594821113802,-0.000387963814934484,0.0177739946382074
1754.37350959913,-0.000532703973681082,-7.47982287885209e-06,3.92002849478826e-05,0.00468977698805486,3.01732341554767e-06,0.000355107099195488,-0.000382642029179348,0.0176516996452673
1766.54035026596,-0.000525635091525454,-6.09962581852943e-06,3.87340469724977e-05,0.00465711686753778,2.98073112170755e-06,0.000352636996480819,-0.000377393191757587,0.0175302444639027
1778.79156977856,-0.000518656814203577,-4.75502812890211e-06,3.82723129597521e-05,0.00462468872479411,2.94451378090351e-06,0.000350184382450869,-0.000372216304108792,0.0174096233606348
1791.12775331676,-0.000511768064940397,-3.44528744959426e-06,3.78150702847228e-05,0.00459249082913733,2.90866955089448e-06,0.000347749127648401,-0.000367110381305148,0.0172898306404436
1803.54949011869,-0.000504967777515502,-2.16967550454928e-06,3.73623052515481e-05,0.00456052146416299,2.87319653114729e-06,0.000345331103668025,-0.000362074451866277,0.0171708606465244
1816.05737350894,-0.000498254896220938,-9.27477859615674e-07,3.69140031383204e-05,0.00452877892761331,2.83809276566536e-06,0.000342930183146427,-0.000357107557576538,0.0170527077600444
1828.65200092687,-0.000491628375817312,2.82006316382525e-07,3.64701482406828e-05,0.00449726153124326,2.80335624573268e-06,0.00034054623975271,-0.000352208753304815,0.0169353663999016
1841.33397395519,-0.000485087181488172,1.4594644871318e-06,3.60307239141551e-05,0.00446596760068789,2.76898491257504e-06,0.000338179148178826,-0.000347377106826709,0.0168188310224844
1854.10389834867,-0.000478630288792818,2.60557098088563e-06,3.55957126152253e-05,0.00443489547533102,2.73497665994084e-06,0.000335828784130097,-0.00034261169864914,0.0167030961214326
1866.9623840631,-0.000472256683617527,3.72098721913314e-06,3.51650959412318e-05,0.0044040435081752,2.70132933660298e-06,0.000333495024315836,-0.000337911621837296,0.0165881562273997
1879.91004528435,-0.000465965362125337,4.80636194189651e-06,3.4738854669069e-05,0.00437341006571305,2.66804074878439e-06,0.000331177746440061,-0.000333275981843931,0.0164740059078163
1892.94750045783,-0.000459755330704383,5.86233142969782e-06,3.43169687927445e-05,0.00434299352779985,2.63510866250846e-06,0.000328876829192295,-0.000328703896340941,0.0163606397666552
1906.0753723179,-0.000453625605914902,6.88951972221509e-06,3.38994175598153e-05,0.00431279228752744,2.60253080587681e-06,0.000326592152238462,-0.000324194495053234,0.0162480524441969
1919.29428791772,-0.000447575214434934,7.88853883366764e-06,3.34861795067315e-05,0.00428280475109938,2.57030487127583e-06,0.000324323596211878,-0.000319746919594815,0.0161362386167974
1932.60487865912,-0.000441603193004798,8.85998896495212e-06,3.3077232493115e-05,0.00425302933770744,2.53842851751404e-06,0.000322071042704323,-0.000315360323307104,0.0160251929966565
1946.00778032282,-0.000435708588370386,9.80445871256949e-06,3.26725537349989e-05,0.00422346447940927,2.50689937189186e-06,0.000319834374257214,-0.000311033871099412,0.0159149103315875
1959.50363309877,-0.000429890457225346,1.07225252743661e-05,3.2272119837054e-05,0.00419410862100741,2.47571503220558e-06,0.000317613474352857,-0.000306766739291592,0.0158053854047885
1973.09308161673,-0.000424147866152195,1.16147546521286e-05,3.18759068238284e-05,0.00416496021992949,2.44487306868718e-06,0.000315408227405793,-0.000302558115458786,0.0156966130346145
1986.77677497706,-0.000418479891562432,1.24817018510572e-05,3.14838901700245e-05,0.0041360177461097,2.41437102588181e-06,0.000313218518754232,-0.000298407198278295,0.015588588074351
2000.55536678172,-0.000412885619635678,1.33239110761573e-05,3.10960448298378e-05,0.00410727968187143,2.38420642446418e-06,0.000311044234651571,-0.000294313197378494,0.0154813054119889
2014.42951516552,-0.000407364146257931,1.41419159255742e-05,3.07123452653827e-05,0.00407874452181127,2.35437676299588e-06,0.000308885262258003,-0.000290275333189797,0.0153747599700001
2028.39988282751,-0.000401914576958942,1.49362395809125e-05,3.03327654742262e-05,0.00405041077268397,2.32487951962478e-06,0.000306741489632204,-0.000286292836797631,0.0152689467051154
2042.46713706267,-0.000396536026848802,1.57073949945635e-05,2.99572790160552e-05,0.00402227695328889,2.29571215372834e-06,0.000304612805723115,-0.000282364949797401,0.0151638606081026
2056.63194979376,-0.000391227620553751,1.64558850740837e-05,2.95858590384976e-05,0.00399434159435735,2.26687210750206e-06,0.0003024991003618,-0.000278490924151399,0.015059496703546
2070.89499760343,-0.000385988492151289,1.71822028636484e-05,2.92184783021209e-05,0.00396660323844146,2.23835680749465e-06,0.000300400264253391,-0.000274670022047672,0.0149558500496282
2085.25696176653,-0.000380817785104593,1.7886831722622e-05,2.88551092046273e-05,0.00393906043980376,2.21016366609129e-06,0.000298316188969117,-0.000270901515760766,0.0148529157379111
2099.71852828265,-0.000375714652196327,1.85702455012709e-05,2.84957238042698e-05,0.00391171176430841,2.18229008294643e-06,0.00029624676693841,-0.000267184687514379,0.0147506888931206
2114.2803879089,-0.000370678255461854,1.92329087136601e-05,2.81402938425058e-05,0.00388455578931316,2.15473344636726e-06,0.000294191891441101,-0.000263518829345855,0.0146491646729303
2128.94323619287,-0.000365707766121908,1.98752767077597e-05,2.77887907659114e-05,0.00385759110356274,2.12749113464954e-06,0.000292151456599685,-0.000259903242972515,0.0145483382677476
2143.7077735059,-0.000360802364514748,2.0497795832801e-05,2.74411857473739e-05,0.00383081630708315,2.10056051736668e-06,0.000290125357371678,-0.000256337239659797,0.0144482049005012
2158.57470507649,-0.000355961240027871,2.11009036039107e-05,2.70974497065838e-05,0.00380423001107729,2.07393895661367e-06,0.000288113489542045,-0.000252820140091174,0.0143487598264287
2173.54474102402,-0.000351183591029262,2.16850288640625e-05,2.67575533298419e-05,0.00377783083782149,2.04762380820674e-06,0.000286115749715705,-0.00024935127423984,0.0142499983328668
2188.61859639264,-0.000346468624798277,2.22505919433722e-05,2.64214670892034e-05,0.00375161742056324,2.02161242284044e-06,0.000284132035310127,-0.000245929981242124,0.0141519157390414
2203.79699118545,-0.000341815557456152,2.27980048157775e-05,2.60891612609729e-05,0.00372558840342,1.99590214720269e-06,0.000282162244547982,-0.000242555609272623,0.0140545073958598
2219.08065039887,-0.000337223613896199,2.33276712531298e-05,2.57606059435727e-05,0.00369974244127905,1.97049032504962e-06,0.00028020627644989,-0.000239227515421022,0.013957768685704
2234.47030405729,-0.000332692027713696,2.38399869767352e-05,2.54357710747957e-05,0.00367407819969842,1.94537429824069e-06,0.000278264030827232,-0.00023594506557058,0.0138616950222247
2249.9666872479,-0.000328220041135538,2.43353398063752e-05,2.51146264484643e-05,0.00364859435480889,1.92055140773571e-06,0.00027633540827504,-0.000232707634278272,0.0137662818501369
2265.57054015586,-0.000323806904949637,2.48141098068429e-05,2.47971417305094e-05,0.00362328959321698,1.89601899455444e-06,0.00027442031016496,-0.000229514604656532,0.0136715246450166
2281.28260809959,-0.000319451878434152,2.52766694320244e-05,2.44832864744854e-05,0.00359816261190903,1.8717744007001e-06,0.000272518638638289,-0.000226365368256625,0.0135774189130986
2297.10364156645,-0.000315154229286517,2.57233836665618e-05,2.41730301365371e-05,0.00357321211815624,1.84781497004759e-06,0.000270630296599083,-0.000223259324953578,0.0134839601910759
2313.0343962485,-0.000310913233552366,2.61546101651268e-05,2.38663420898343e-05,0.00354843682942079,1.82413804919757e-06,0.000268755187707341,-0.000220195882832679,0.0133911440458994
2329.07563307866,-0.000306728175554308,2.65706993893411e-05,2.35631916384863e-05,0.0035238354732629,1.80074098829725e-06,0.000266893216372252,-0.000217174458077514,0.0132989660745797
2345.22811826701,-0.00030259834782065,2.69719947423724e-05,2.32635480309554e-05,0.00349940678724891,1.77762114182902e-06,0.00026504428774552,-0.000214194474859519,0.0132074219039895
2361.49262333744,-0.00029852305101403,2.73588327012414e-05,2.29673804729776e-05,0.00347514951886032,1.75477586936755e-06,0.000263208307714754,-0.000211255365229029,0.0131165071906676
2377.86992516445,-0.000294501593860041,2.77315429468685e-05,2.26746581400101e-05,0.00345106242540381,1.73220253630658e-06,0.000261385182896931,-0.000208356569007811,0.0130262176206233
2394.36080601029,-0.000290533293075817,2.80904484918953e-05,2.2385350189214e-05,0.00342714427392223,1.70989851455609e-06,0.00025957482063192,-0.000205497533683041,0.012936548909143
2410.96605356231,-0.000286617473298651,2.84358658063093e-05,2.20994257709893e-05,0.00340339384110651,1.68786118321072e-06,0.000257777128976082,-0.000202677714302732,0.0128474968005971
2427.6864609706,-0.000282753467014636,2.87681049409059e-05,2.18168540400718e-05,0.00337980991320853,1.66608792919037e-06,0.000255992016695929,-0.000199896573372573,0.0127590570682484
2444.52282688584,-0.000278940614487365,2.90874696486158e-05,2.1537604166207e-05,0.0033563912859549,1.64457614785373e-06,0.000254219393261855,-0.000197153580754171,0.0126712255140618
2461.4759554975,-0.000275178263686704,2.93942575037324e-05,2.12616453444107e-05,0.00333313676446167,1.6233232435855e-06,0.000252459168841926,-0.00019444821356467,0.0125839979685148
2478.54665657221,-0.000271465770217663,2.96887600190663e-05,2.09889468048303e-05,0.00331004516314996,1.6023266303582e-06,0.000250711254295742,-0.000191779956077736,0.012497370290409
2495.73574549243,-0.000267802497249387,2.99712627610582e-05,2.07194778222174e-05,0.00328711530566246,1.58158373226919e-06,0.000248975561168356,-0.000189148299625884,0.0124113383666836
2513.04404329547,-0.000264187815444268,3.02420454628833e-05,2.04532077250225e-05,0.0032643460247808,1.56109198405373e-06,0.000247252001684259,-0.00018655274250413,0.012325898112229
2530.47237671259,-0.000260621102887229,3.05013821355715e-05,2.01901059041238e-05,0.00324173616234391,1.54084883157478e-06,0.000245540488741429,-0.000183992789874954,0.0122410454697021
2548.02157820863,-0.000257101745015153,3.07495411771784e-05,1.99301418211997e-05,0.00321928456916705,1.52085173229022e-06,0.00024384093590544,-0.000181467953674549,0.0121567764093427
2565.69248602162,-0.000253629134546525,3.09867854800327e-05,1.96732850167577e-05,0.00319699010496194,1.5010981556982e-06,0.00024215325740363,-0.000178977752520348,0.0120730869287906
2583.48594420295,-0.000250202671411247,3.12133725360917e-05,1.94195051178257e-05,0.00317485163825749,1.48158558376124e-06,0.000240477368119332,-0.000176521711619803,0.0119899730529044
2601.4028026576,-0.0002468217626807,3.14295545404309e-05,1.9168771845321e-05,0.00315286804632158,1.46231151130983e-06,0.000238813183586167,-0.000174099362680405,0.0119074308335809
2619.4439171848,-0.000243485822498016,3.16355784928992e-05,1.89210550211018e-05,0.00313103821508354,1.44327344642603e-06,0.000237160619982388,-0.000171710243820925,0.0118254563495759
2637.61014951883,-0.000240194272008605,3.18316862979657e-05,1.8676324574714e-05,0.00310936103905751,1.4244689108078e-06,0.000235519594125295,-0.000169353899483866,0.011744045706326
2655.90236737027,-0.000236946539290943,3.20181148627866e-05,1.84345505498405e-05,0.00308783542126656,1.40589544011459e-06,0.000233890023465693,-0.000167029880349092,0.0116631950357715
2674.32144446737,-0.000233742059287631,3.21950961935206e-05,1.81957031104636e-05,0.00306646027316769,1.38755058429484e-06,0.000232271826082417,-0.000164737743248652,0.0115829004961802
2692.86826059784,-0.00023058027373674,3.23628574899192e-05,1.7959752546747e-05,0.00304523451457751,1.36943190789585e-06,0.000230664920676914,-0.000162477051082737,0.0115031582719727
2711.54370165082,-0.000227460631103455,3.25216212382196e-05,1.77266692806487e-05,0.00302415707359886,1.3515369903567e-06,0.000229069226567874,-0.0001602473727368,0.0114239645735485
2730.34865965925,-0.000224382586512022,3.26716053023659e-05,1.74964238712702e-05,0.00300322688654799,1.33386342628472e-06,0.000227484663685918,-0.00015804828299979,0.0113453156371129
2749.28403284242,-0.000221345601678029,3.28130230135871e-05,1.72689870199531e-05,0.00298244289788276,1.31640882571595e-06,0.000225911152568349,-0.000155879362483508,0.0112672077245056
2768.35072564895,-0.000218349144841,3.29460832583557e-05,1.70443295751276e-05,0.00296180406013136,1.29917081436027e-06,0.000224348614353944,-0.000153740197543043,0.0111896371230301
2787.54964879989,-0.000215392690697342,3.30709905647545e-05,1.68224225369236e-05,0.00294130933382191,1.2821470338315e-06,0.000222796970777807,-0.000151630380198316,0.0111126001452836
2806.88171933232,-0.000212475720333635,3.31879451872761e-05,1.66032370615502e-05,0.0029209576874128,1.26533514186314e-06,0.000221256144166275,-0.000149549508056663,0.0110360931289887
2826.34786064308,-0.00020959772116029,3.32971431900814e-05,1.63867444654507e-05,0.00290074809722369,1.24873281251012e-06,0.000219726057431873,-0.000147497184236494,0.0109601124368263
2845.94900253294,-0.000206758186845562,3.33987765287407e-05,1.61729162292416e-05,0.00288067954736727,1.23233773633701e-06,0.000218206634068319,-0.000145473017291974,0.0108846544562684
2865.68608125093,-0.000203956617249951,3.34930331304832e-05,1.59617240014407e-05,0.00286075102968178,1.2161476205932e-06,0.000216697798145589,-0.000143476621138745,0.0108097155994129
2885.56003953913,-0.000201192518360977,3.35800969729795e-05,1.57531396019924e-05,0.00284096154366411,1.20016018937545e-06,0.000215199474305018,-0.000141507614980638,0.0107352923028196
2905.57182667768,-0.000198465402228356,3.36601481616789e-05,1.55471350255956e-05,0.00282131009640376,1.18437318377823e-06,0.000213711587754464,-0.000139565623237406,0.0106613810273463
2925.72239853012,-0.000195774786899563,3.37333630057287e-05,1.53436824448419e-05,0.00280179570251731,1.16878436203224e-06,0.000212234064263514,-0.00013765027547342,0.0105879782579865
2946.01271758903,-0.000193120196355812,3.37999140924961e-05,1.51427542131687e-05,0.00278241738408374,1.15339149963163e-06,0.000210766830158739,-0.000135761206327354,0.0105150805037086
2966.44375302203,-0.000190501160448436,3.38599703607169e-05,1.49443228676344e-05,0.00276317417058028,1.13819238945008e-06,0.000209309812319,-0.000133898055442806,0.0104426842972946
2987.01648071805,-0.000187917214835691,3.39136971722941e-05,1.47483611315209e-05,0.00274406509881904,1.1231848418464e-06,0.000207862938170797,-0.000132060467399888,0.0103707861951819
3007.73188333398,-0.000185367900919977,3.39612563827688e-05,1.45548419167695e-05,0.00272508921288419,1.10836668475979e-06,0.00020642613568367,-0.000130248091647728,0.0102993827773038
3028.59095034155,-0.000182852765785496,3.40028064104853e-05,1.43637383262552e-05,0.00270624556406988,1.09373576379521e-06,0.000204999333365643,-0.0001284605824379,0.0102284706469334
3049.59467807464,-0.000180371362136328,3.40385023044726e-05,1.41750236559057e-05,0.00268753321081872,1.07928994229925e-06,0.000203582460258712,-0.000126697598758759,0.010158046430526
3070.74406977686,-0.000177923248234961,3.40684958110638e-05,1.39886713966687e-05,0.00266895121866099,1.06502710142673e-06,0.000202175445934385,-0.000124958804270672,0.010088106777565
3092.04013564946,-0.000175507987841246,3.40929354392757e-05,1.38046552363348e-05,0.00265049866015434,1.05094514019847e-06,0.000200778220489259,-0.000123243867242131,0.0100186483604064
3113.48389289956,-0.000173125150151813,3.41119665249678e-05,1.3622949061219e-05,0.00263217461482426,1.03704197555048e-06,0.000199390714540646,-0.000121552460486731,0.00994966787412638
3135.07636578881,-0.000170774309739919,3.41257312938034e-05,1.34435269577061e-05,0.00261397816910502,1.0233155423749e-06,0.000198012859222241,-0.000119884261301016,0.00988116203636804
3156.8185856822,-0.000168455046495768,3.4134368923032e-05,1.32663632136665e-05,0.00259590841628131,1.00976379355299e-06,0.000196644586179834,-0.000118238951403166,0.00981312758719063
3178.71159109747,-0.000166166945567266,3.41380156021139e-05,1.30914323197427e-05,0.00257796445643046,9.96384699980475e-07,0.000195285827567061,-0.000116616216872518,0.00974556128891864
3200.75642775457,-0.00016390959730125,3.41368045922067e-05,1.29187089705165e-05,0.00256014539636518,9.83176250585533e-07,0.000193936516041207,-0.000115015748089918,0.00967845992599247
3222.9541486257,-0.000161682597185172,3.4130866284533e-05,1.27481680655563e-05,0.00254245034957697,9.70136452339639e-07,0.000192596584759035,-0.00011343723967888,0.00961182030481974
3245.30581398558,-0.000159485545789243,3.41203282576495e-05,1.25797847103513e-05,0.00252487843618006,9.5726333026166e-07,0.000191265967372673,-0.00011188039044755,0.00954563925362779
3267.81249146208,-0.000157318048709051,3.41053153336354e-05,1.24135342171359e-05,0.00250742878285591,9.44554927415322e-07,0.000189944598025529,-0.00011034490333146,0.00947991362231679
3290.47525608724,-0.000155179716508637,3.40859496332201e-05,1.22493921056089e-05,0.0024901005227983,9.3200930490042e-07,0.000188632411348252,-0.000108830485337064,0.00941464028231423
3313.29519034861,-0.000153070164664043,3.40623506298678e-05,1.20873341035497e-05,0.00247289279565896,9.19624541837913e-07,0.000187329342454731,-0.000107336847486041,0.00934981612642989
3336.27338424092,-0.000150989013507336,3.40346352028376e-05,1.19273361473375e-05,0.00245580474749372,9.07398735349251e-07,0.000186035326938138,-0.000105863704760364,0.0092854380687121
3359.41093531822,-0.000148935888171096,3.40029176892371e-05,1.17693743823745e-05,0.00243883553070924,8.95330000530053e-07,0.000184750300866999,-0.000104410776048108,0.00922150304430462
3382.70894874623,-0.000146910418533378,3.39673099350871e-05,1.16134251634196e-05,0.0024219843040103,8.83416470418476e-07,0.000183474200781314,-0.000102977784090006,0.00915800800930479
3406.16853735517,-0.00014491223916315,3.39279213454152e-05,1.1459465054833e-05,0.00240525023234748,8.71656295958377e-07,0.000182206963688711,-0.000101564455426731,0.00909494994062216
3429.7908216929,-0.000142940989266206,3.38848589333947e-05,1.13074708307374e-05,0.00238863248686558,8.60047645957596e-07,0.000180948527060638,-0.000100170520346898,0.00903232583583844
3453.57693007845,-0.000140996312631548,3.38382273685459e-05,1.11574194750972e-05,0.00237213024485233,8.48588707041445e-07,0.000179698828828587,-9.87957128357703e-05,0.00897013271306807
3477.5279986559,-0.000139077857578246,3.37881290240178e-05,1.10092881817202e-05,0.00235574268968777,8.37277683601723e-07,0.000178457807380365,-9.74397705246732e-05,0.0089083676108198
3501.64517144866,-0.000137185276902777,3.37346640229646e-05,1.08630543541845e-05,0.00233946901079406,8.26112797741362e-07,0.00017722540155639,-9.61024346410952e-05,0.00884702758785921
3525.92960041413,-0.00013531822782683,3.36779302840338e-05,1.07186956056922e-05,0.00232330840358582,8.15092289214916e-07,0.00017600155064603,-9.4783449959466e-05,0.00878610972307195
3550.38244549867,-0.000133476371945593,3.3618023565983e-05,1.05761897588552e-05,0.0023072600694209,8.04214415365105e-07,0.000174786194383977,-9.34825647526137e-05,0.00872561111532812
3575.00487469309,-0.000131659375176511,3.35550375114393e-05,1.04355148454131e-05,0.00229132321555171,7.9347745105554e-07,0.00017357927294665,-9.21995307438767e-05,0.00866552888334718
3599.79806408833,-0.000129866907708519,3.34890636898175e-05,1.02966491058888e-05,0.00227549705507703,7.82879688599852e-07,0.00017238072694864,-9.09341030598766e-05,0.00860586016556415
3624.76319793175,-0.000128098643951745,3.34201916394126e-05,1.01595709891816e-05,0.00225978080689417,7.72419437687329e-07,0.000171190497439183,-8.96860401839289e-05,0.00854660211999625
3649.9014686836,-0.000126354262487693,3.33485089086805e-05,1.00242591521025e-05,0.00224417369565179,7.62095025305304e-07,0.000170008525898672,-8.84551039100964e-05,0.00848775192411082
3675.21407707406,-0.000124633446019888,3.32741010967226e-05,9.89069245885221e-06,0.00222867495170298,7.51904795658352e-07,0.000168834754235194,-8.7241059297863e-05,0.00842930677469367
3700.7022321605,-0.000122935881324997,3.31970518929884e-05,9.75884998044682e-06,0.002213283811059,7.41847110084538e-07,0.000167669124781115,-8.60436746274332e-05,0.00837126388771872
3726.36715138533,-0.000121261259204418,3.31174431162094e-05,9.62871099409043e-06,0.00219799951534329,7.31920346968794e-07,0.000166511580289678,-8.48627213556355e-05,0.0083136204982181
3752.21006063407,-0.000119609274436337,3.30353547525804e-05,9.50025498249938e-06,0.00218282131174604,7.22122901653611e-07,0.000165362063931648,-8.36979740724341e-05,0.00825637386015339
3778.23219429398,-0.000117979625728253,3.29508649931989e-05,9.37346163317869e-06,0.00216774845297915,7.12453186347148e-07,0.000164220519291986,-8.25492104580285e-05,0.00819952124628748
3804.43479531291,-0.000116372015669963,3.28640502707797e-05,9.24831083765405e-06,0.00215278019723166,7.02909630028932e-07,0.000163086890366546,-8.14162112405447e-05,0.00814305994805746
3830.81911525882,-0.000114786150687018,3.27749852956542e-05,9.12478269066011e-06,0.00213791580812555,6.93490678353219e-07,0.000161961121558814,-8.02987601542987e-05,0.00808698727544812
3857.3864143794,-0.000113221740994636,3.26837430910712e-05,9.00285748928826e-06,0.00212315455467206,6.84194793550211e-07,0.000160843157676674,-7.91966438986357e-05,0.00803130055686654
3884.13796166242,-0.000111678500552074,3.25903950278091e-05,8.88251573209482e-06,0.00210849571122832,6.75020454325183e-07,0.000159732943929198,-7.81096520973259e-05,0.0079759971390172
3911.07503489621,-0.000110156147017463,3.24950108581134e-05,8.7637381181722e-06,0.0020939385574545,6.65966155755687e-07,0.000158630425923476,-7.70375772585208e-05,0.00792107438677822
3938.19892073078,-0.000108654401703096,3.23976587489723e-05,8.64650554618425e-06,0.00207948237827126,6.57030409186899e-07,0.000157535549661468,-7.59802147352503e-05,0.00786652968307809
3965.51091473924,-0.000107172989531169,3.22984053147423e-05,8.53079911336817e-06,0.00206512646381775,6.48211742125286e-07,0.000156448261536893,-7.49373626864658e-05,0.00781236042877351
3993.0123214797,-0.000105711638989975,3.21973156491348e-05,8.41660011450382e-06,0.00205087010940982,6.39508698130591e-07,0.000155368508332133,-7.39088220386102e-05,0.00775856404252777
4020.70445455755,-0.000104270082090556,3.20944533565772e-05,8.30389004085316e-06,0.00203671261549883,6.30919836706375e-07,0.000154296237215185,-7.28943964477173e-05,0.00770513796069016
4048.58863668828,-0.000102848054323784,3.19898805829592e-05,8.19265057907e-06,0.00202265328763068,6.22443733189071e-07,0.000153231395736625,-7.18938922620252e-05,0.00765207963717593
4076.66619976054,-0.000101445294617908,3.1883658045776e-05,8.0828636100831e-06,0.00200869143640534,6.1407897863578e-07,0.000152173931826606,-7.09071184851047e-05,0.00759938654334729
4104.93848489989,-0.00010006154529653,3.17758450636789e-05,7.97451120795279e-06,0.0019948263774367,6.05824179710777e-07,0.000151123793791887,-6.99338867394872e-05,0.00754705616789495
4133.40684253274,-9.86965520370262e-05,3.1666499585446e-05,7.86757563870343e-06,0.00198105743131283,5.97677958570928e-07,0.000150080930312884,-6.89740112307946e-05,0.00749508601672068
4162.07263245095,-9.73500638294074e-05,3.15556782183813e-05,7.76203935913241e-06,0.00196738392355661,5.89638952749998e-07,0.000149045290440747,-6.80273087123545e-05,0.00744347361282036
4190.93722387671,-9.60218329356137e-05,3.14434362561564e-05,7.65788501559786e-06,0.00195380518458668,5.81705815042044e-07,0.000148016823594474,-6.70935984503033e-05,0.00739221649616813
4220.00199552799,-9.47116148492388e-05,3.13298277061011e-05,7.55509544278523e-06,0.00194032054967884,5.73877213383846e-07,0.000146995479558037,-6.61727021891632e-05,0.00734131222360098
4249.26833568435,-9.34191682556911e-05,3.1214905315957e-05,7.45365366245518e-06,0.00192692935892774,5.66151830736594e-07,0.000145981208477545,-6.52644441178923e-05,0.00729075836870436
4278.73764225332,-9.21442549927745e-05,3.10987206001016e-05,7.35354288217301e-06,0.00191363095720895,5.58528364966764e-07,0.000144973960858429,-6.43686508363963e-05,0.00724055252169833
4308.41132283705,-9.08866400117014e-05,3.09813238652545e-05,7.25474649402155e-06,0.00190042469414141,5.51005528726384e-07,0.00014397368756265,-6.34851513225009e-05,0.00719069228932472
4338.2907947997,-8.96460913385206e-05,3.08627642356742e-05,7.15724807329784e-06,0.00188730992405015,5.43582049332643e-07,0.000142980339805939,-6.26137768993729e-05,0.00714117529473469
4368.37748533501,-8.84223800359703e-05,3.07430896778559e-05,7.06103137719578e-06,0.00187428600592946,5.36256668647018e-07,0.000141993869155053,-6.17543612033893e-05,0.00709199917737738
4398.67283153455,-8.72152801657415e-05,3.062234702474e-05,6.96608034347437e-06,0.00186135230340629,5.29028142953881e-07,0.000141014227525064,-6.09067401524433e-05,0.00704316159288905
4429.17828045629,-8.60245687511611e-05,3.05005819994395e-05,6.87237908911419e-06,0.0018485081847041,5.21895242838747e-07,0.000140041367176669,-6.00707519146869e-05,0.0069946602129831
4459.89528919383,-8.4850025740278e-05,3.03778392384959e-05,6.77991190896136e-06,0.00183575302260692,5.14856753066123e-07,0.00013907524071352,-5.92462368776968e-05,0.00694649272534071
4490.82532494586,-8.36914339693638e-05,3.02541623146736e-05,6.68866327436175e-06,0.00182308619442385,5.07911472457118e-07,0.000138115801079587,-5.84330376180667e-05,0.00689865683350231
4521.96986508636,-8.2548579126811e-05,3.01295937592997e-05,6.5986178317845e-06,0.0018105070819538,5.01058213766763e-07,0.000137163001556535,-5.76309988714109e-05,0.00685115025675964
4553.33039723509,-8.14212497174394e-05,3.00041750841591e-05,6.50976040143749e-06,0.00179801507145061,4.94295803561207e-07,0.000136216795761134,-5.68399675027821e-05,0.0068039707300487
4584.90841932869,-8.03092370271937e-05,2.9877946802953e-05,6.42207597587402e-06,0.00178560955358844,4.87623082094723e-07,0.000135277137642679,-5.60597924774907e-05,0.00675711600384321
4616.7054396922,-7.92123350882431e-05,2.97509484523297e-05,6.3355497185929e-06,0.00177328992342754,4.81038903186686e-07,0.000134343981480451,-5.52903248323261e-05,0.00671058384404897
4648.72297711114,-7.8130340644467e-05,2.96232186124943e-05,6.25016696263165e-06,0.00176105558038022,4.74542134098475e-07,0.000133417281881179,-5.45314176471685e-05,0.0066643720318987
4680.96256090399,-7.70630531173351e-05,2.94947949274076e-05,6.16591320915429e-06,0.00174890592817727,4.6813165541042e-07,0.000132496993776545,-5.3782926016993e-05,0.00661847836384789
4713.42573099534,-7.60102745721685e-05,2.93657141245798e-05,6.08277412603403e-06,0.00173684037483453,4.61806360898771e-07,0.000131583072420697,-5.30447070242521e-05,0.00657290065147097
4746.11403798933,-7.49718096847882e-05,2.92360120344687e-05,6.00073554643193e-06,0.00172485833261989,4.55565157412802e-07,0.000130675473387788,-5.23166197116408e-05,0.00652763672135851
4779.02904324382,-7.39474657085385e-05,2.91057236094885e-05,5.91978346737166e-06,0.00171295921802052,4.49406964752018e-07,0.000129774152569539,-5.15985250552297e-05,0.00648268441501484
4812.17231894485,-7.2937052441692e-05,2.89748829426381e-05,5.8399040483118e-06,0.00170114245171039,4.43330715543564e-07,0.000128879066172823,-5.08902859379706e-05,0.00643804158875657
4845.54544818188,-7.19403821952231e-05,2.88435232857539e-05,5.76108360971554e-06,0.00168940745851812,4.37335355119833e-07,0.000127990170717262,-5.01917671235595e-05,0.00639370611361157
4879.1500250233,-7.09572697609547e-05,2.8711677067398e-05,5.68330863161876e-06,0.00167775366739506,4.31419841396332e-07,0.00012710742303286,-4.95028352306612e-05,0.00634967587521881
4912.98765459257,-6.99875323800717e-05,2.8579375910385e-05,5.60656575219726e-06,0.00166618051138373,4.25583144749833e-07,0.000126230780257642,-4.88233587074857e-05,0.00630594877372881
4947.05995314498,-6.9030989711996e-05,2.84466506489564e-05,5.53084176633315e-06,0.00165468742758643,4.19824247896827e-07,0.00012536019983532,-4.81532078067104e-05,0.00626252272370464
4981.36854814472,-6.80874638036251e-05,2.83135313456101e-05,5.45612362418156e-06,0.00164327385713426,4.14142145772351e-07,0.000124495639512984,-4.74922545607491e-05,0.00621939565402378
5015.91507834275,-6.71567790589255e-05,2.81800473075888e-05,5.3823984297376e-06,0.00163193924515631,4.08535845409162e-07,0.000123637057338802,-4.68403727573556e-05,0.00617656550778046
5050.70119385496,-6.62387622088826e-05,2.80462271030377e-05,5.30965343940463e-06,0.00162068304074916,4.0300436581735e-07,0.000122784411659747,-4.6197437915565e-05,0.00613403024218877
5085.72855624109,-6.53332422817991e-05,2.79120985768347e-05,5.23787606056378e-06,0.00160950469694666,3.97546737864355e-07,0.000121937661119344,-4.55633272619608e-05,0.00609178782848632
5120.998838584,-6.44400505739442e-05,2.77776888661011e-05,5.16705385014578e-06,0.00159840367068994,3.92162004155473e-07,0.000121096764655435,-4.49379197072701e-05,0.00604983625183865
5156.51372556965,-6.35590206205438e-05,2.76430244153983e-05,5.09717451320474e-06,0.00158737942279771,3.86849218914823e-07,0.000120261681497958,-4.43210958232759e-05,0.00600817351124419
5192.27491356752,-6.26899881671164e-05,2.75081309916178e-05,5.02822590149523e-06,0.00157643141793682,3.8160744786684e-07,0.000119432371166757,-4.37127378200487e-05,0.0059667976194399
5228.28411071172,-6.18327911411424e-05,2.73730336985686e-05,4.96019601205224e-06,0.00156555912459308,3.7643576811829e-07,0.000118608793469396,-4.3112729523487e-05,0.00592570660280751
5264.54303698245,-6.09872696240736e-05,2.72377569912695e-05,4.89307298577499e-06,0.00155476201504227,3.71333268040843e-07,0.000117790908499006,-4.25209563531673e-05,0.00588489850128046
5301.0534242883,-6.015326582367e-05,2.71023246899508e-05,4.82684510601461e-06,0.00154403956532153,3.66299047154225e-07,0.000116978676632136,-4.19373053004958e-05,0.00584437136825134
5337.81701654885,-5.93306240466684e-05,2.69667599937727e-05,4.76150079716619e-06,0.00153339125520084,3.61332216009952e-07,0.000116172058526637,-4.13616649071609e-05,0.00580412327048012
5374.83556977805,-5.85191906717748e-05,2.68310854942641e-05,4.69702862326551e-06,0.0015228165681549,3.56431896075687e-07,0.000115371015119552,-4.07939252438785e-05,0.00576415228800275
5412.11085216805,-5.77188141229809e-05,2.66953231884884e-05,4.63341728659088e-06,0.00151231499133513,3.51597219620222e-07,0.00011457550762503,-4.0233977889431e-05,0.0057244565140407
5449.64464417369,-5.69293448431972e-05,2.65594944919413e-05,4.57065562627002e-06,0.00150188601554198,3.46827329599107e-07,0.000113785497532256,-3.96817159099906e-05,0.00568503405491076
5487.43873859751,-5.61506352682057e-05,2.64236202511862e-05,4.50873261689299e-06,0.00149152913519747,3.42121379540946e-07,0.000113000946603398,-3.91370338387281e-05,0.00564588302993575
5525.49494067543,-5.5382539800922e-05,2.62877207562314e-05,4.4476373671305e-06,0.00148124384831792,3.37478533434363e-07,0.00011222181687157,-3.85998276556988e-05,0.00560700157135557
5563.81506816292,-5.46249147859706e-05,2.61518157526556e-05,4.38735911835888e-06,0.00147102965648698,3.32897965615669e-07,0.00011144807063882,-3.80699947680058e-05,0.00556838782423907
5602.40095142188,-5.38776184845639e-05,2.60159244534852e-05,4.32788724329099e-06,0.00146088606482884,3.28378860657222e-07,0.00011067967047412,-3.75474339902332e-05,0.00553003994639633
5641.254433508,-5.31405110496879e-05,2.58800655508294e-05,4.26921124461424e-06,0.00145081258198168,3.23920413256519e-07,0.000109916579211388,-3.70320455251492e-05,0.00549195610829169
5680.37737025889,-5.24134545015855e-05,2.5744257227277e-05,4.21132075363512e-06,0.00144080872007137,3.19521828126004e-07,0.000109158759947517,-3.65237309446708e-05,0.0054541344929572
5719.77163038263,-5.16963127035404e-05,2.56085171670605e-05,4.15420552893113e-06,0.00143087399468536,3.15182319883628e-07,0.000108406176040425,-3.60223931710923e-05,0.00541657329590682
5759.43909554709,-5.09889513379523e-05,2.54728625669908e-05,4.09785545500975e-06,0.00142100792484678,3.10901112944146e-07,0.000107658791107119,-3.55279364585682e-05,0.00537927072505102
5799.38166046975,-5.02912378827069e-05,2.53373101471689e-05,4.04226054097522e-06,0.00141121003298884,3.06677441411193e-07,0.000106916569021773,-3.50402663748518e-05,0.00534222500061215
5839.60123300829,-4.96030415878312e-05,2.52018761614768e-05,3.98741091920275e-06,0.00140147984492933,3.0251054897011e-07,0.000106179473913829,-3.45592897832819e-05,0.00530543435504019
5880.09973425162,-4.8924233452437e-05,2.50665764078539e-05,3.93329684402083e-06,0.00139181688984543,2.98399688781563e-07,0.000105447470166106,-3.40849148250187e-05,0.00526889703292923
5920.87909861173,-4.82546862019445e-05,2.49314262383617e-05,3.87990869040137e-06,0.00138222070024867,2.94344123375936e-07,0.000104720522412929,-3.36170509015203e-05,0.00523261129093436
5961.94127391598,-4.75942742655876e-05,2.47964405690419e-05,3.82723695265827e-06,0.00137269081196014,2.90343124548528e-07,0.000103998595538273,-3.31556086572616e-05,0.00519657539768929
6003.28822150028,-4.69428737541932e-05,2.4661633889572e-05,3.77527224315406e-06,0.00136322676408588,2.86395973255539e-07,0.000103281654673919,-3.27004999626881e-05,0.00516078763372433
6044.92191630263,-4.63003624382372e-05,2.45270202727213e-05,3.72400529101537e-06,0.00135382809899252,2.82501959510872e-07,0.00010256966519763,-3.2251637897405e-05,0.00512524629138511
6086.84434695757,-4.56666197261678e-05,2.43926133836129e-05,3.67342694085664e-06,0.001344494362283,2.78660382283733e-07,0.000101862592731339,-3.18089367335944e-05,0.00508994967475172
6129.05751589107,-4.50415266429999e-05,2.4258426488794e-05,3.62352815151293e-06,0.0013352251027727,2.7487054939706e-07,0.000101160403139351,-3.13723119196623e-05,0.00505489609955847
6171.56343941625,-4.44249658091713e-05,2.41244724651196e-05,3.57429999478127e-06,0.00132601987246556,2.71131777426763e-07,0.000100463062526562,-3.09416800641066e-05,0.00502008389311411
6214.36414782964,-4.38168214196638e-05,2.39907638084526e-05,3.52573365417123e-06,0.00131687822653052,2.67443391601798e-07,9.97705372366933e-05,-3.05169589196097e-05,0.0049855113942227
6257.46168550822,-4.32169792233807e-05,2.38573126421833e-05,3.4778204236643e-06,0.00130779972327811,2.63804725705054e-07,9.90827938505338e-05,-3.0098067367345e-05,0.0049511769531049
6300.85811100697,-4.26253265027834e-05,2.37241307255744e-05,3.43055170648272e-06,0.00129878392413726,2.60215121975092e-07,9.8399799184206e-05,-2.96849254015024e-05,0.0049170789313199
6344.55549715731,-4.20417520537792e-05,2.3591229461931e-05,3.38391901386719e-06,0.00128983039363227,2.56673931008696e-07,9.77215202874379e-05,-2.92774541140226e-05,0.00488321570168775
6388.55593116599,-4.14661461658619e-05,2.34586199066038e-05,3.33791396386424e-06,0.00128093869936,2.53180511664284e-07,9.70479244418542e-05,-2.88755756795426e-05,0.00484958564821239
6432.86151471492,-4.08984006024979e-05,2.33263127748237e-05,3.29252828012268e-06,0.00127210841196721,2.49734230966127e-07,9.63789791592773e-05,-2.84792133405465e-05,0.00481618716600496
6477.47436406142,-4.03384085817612e-05,2.31943184493767e-05,3.24775379069979e-06,0.00126333910512811,2.46334464009445e-07,9.57146521800459e-05,-2.80882913927202e-05,0.00478301866120793
6522.39661013943,-3.97860647572067e-05,2.30626469881166e-05,3.20358242687672e-06,0.00125463035552212,2.42980593866307e-07,9.50549114713436e-05,-2.77027351705065e-05,0.0047500785509194
6567.63039866118,-3.92412651989869e-05,2.29313081313241e-05,3.16000622198375e-06,0.00124598174281173,2.396720114924e-07,9.43997252255436e-05,-2.73224710328583e-05,0.00471736526311826
6613.17789021977,-3.87039073752034e-05,2.28003113089108e-05,3.11701731023489e-06,0.00123739284962065,2.36408115634628e-07,9.37490618585646e-05,-2.6947426349187e-05,0.00468487723658956
6659.0412603923,-3.81738901334946e-05,2.26696656474745e-05,3.07460792557235e-06,0.00122886326151204,2.33188312739553e-07,9.3102890008242e-05,-2.65775294855038e-05,0.00465261292085059
6705.22269984387,-3.76511136828531e-05,2.25393799772072e-05,3.03277040052051e-06,0.00122039256696695,2.30012016862681e-07,9.24611785327096e-05,-2.62127097907498e-05,0.00462057077607732
6751.7244144321,-3.71354795756754e-05,2.24094628386589e-05,2.99149716504984e-06,0.00121198035736299,2.26878649578593e-07,9.18238965087968e-05,-2.58528975833152e-05,0.00458874927303149
6798.54862531261,-3.66268906900347e-05,2.22799224893603e-05,2.95078074545032e-06,0.00120362622695307,2.23787639891909e-07,9.11910132304366e-05,-2.54980241377414e-05,0.004557146892988
6845.69756904508,-3.61252512121804e-05,2.21507669103074e-05,2.91061376321478e-06,0.00119532977284437,2.20738424149096e-07,9.05624982070869e-05,-2.51480216716068e-05,0.00452576212766295
6893.17349769999,-3.5630466619258e-05,2.20220038123106e-05,2.87098893393207e-06,0.00118709059497753,2.17730445951123e-07,8.99383211621654e-05,-2.48028233325916e-05,0.00449459347914214
6940.97867896634,-3.51424436622479e-05,2.18936406422104e-05,2.83189906618984e-06,0.00117890829610588,2.1476315606693e-07,8.93184520314947e-05,-2.44623631857199e-05,0.00446363945980997
6989.11539625983,-3.4661090349121e-05,2.1765684588964e-05,2.79333706048742e-06,0.00117078248177496,2.11836012347765e-07,8.87028609617619e-05,-2.41265762007769e-05,0.00443289859227892
7037.58594883204,-3.41863159282076e-05,2.16381425896036e-05,2.75529590815819e-06,0.0011627127603021,2.0894847964232e-07,8.8091518308989e-05,-2.37953982398984e-05,0.00440236940931944
7086.39265188015,-3.37180308717788e-05,2.151102133507e-05,2.7177686903021e-06,0.0011546987427563,2.06100029712729e-07,8.7484394637016e-05,-2.34687660453308e-05,0.00437205045379039
7135.53783665763,-3.32561468598356e-05,2.13843272759234e-05,2.6807485767277e-06,0.00114674004293808,2.03290141151369e-07,8.68814607159954e-05,-2.31466172273581e-05,0.00434194027856984
7185.02385058548,-3.28005767641059e-05,2.12580666279353e-05,2.6442288249043e-06,0.0011388362773597,2.00518299298506e-07,8.62826875208998e-05,-2.28288902523949e-05,0.00431203744648647
7234.85305736446,-3.23512346322442e-05,2.11322453775617e-05,2.60820277892362e-06,0.00113098706522537,1.97783996160751e-07,8.56880462300391e-05,-2.25155244312429e-05,0.00428234053025132
7285.02783708791,-3.19080356722349e-05,2.10068692873019e-05,2.57266386847155e-06,0.00112319202841169,1.95086730330347e-07,8.50975082235918e-05,-2.22064599075075e-05,0.00425284811239009
7335.55058635552,-3.14708962369931e-05,2.08819439009436e-05,2.53760560780936e-06,0.00111545079144826,1.92426006905258e-07,8.45110450821456e-05,-2.1901637646174e-05,0.00422355878517584
7386.42371838768,-3.10397338091641e-05,2.07574745486991e-05,2.50302159476501e-06,0.00110776298149842,1.89801337410092e-07,8.39286285852514e-05,-2.16009994223403e-05,0.00419447115056217
7437.64966314091,-3.0614466986116e-05,2.06334663522307e-05,2.46890550973391e-06,0.00110012822834012,1.87212239717812e-07,8.33502307099863e-05,-2.13044878101033e-05,0.00416558382011688
7489.23086742376,-3.01950154651271e-05,2.05099242295728e-05,2.43525111468962e-06,0.00109254616434698,1.84658237972273e-07,8.27758236295306e-05,-2.10120461715986e-05,0.00413689541495603
7541.16979501382,-2.97813000287603e-05,2.03868528999475e-05,2.40205225220408e-06,0.00108501642446949,1.82138862511542e-07,8.22053797117531e-05,-2.07236186461899e-05,0.00410840456567847
7593.46892677528,-2.9373242530429e-05,2.02642568884801e-05,2.36930284447759e-06,0.00107753864621636,1.79653649792035e-07,8.16388715178099e-05,-2.04391501398071e-05,0.00408010991230085
7646.13076077758,-2.89707658801453e-05,2.01421405308137e-05,2.33699689237844e-06,0.00107011246963598,1.77202142313432e-07,8.10762718007515e-05,-2.01585863144295e-05,0.00405201010419298
7699.15781241454,-2.85737940304543e-05,2.00205079776269e-05,2.30512847449208e-06,0.00106273753729807,1.74783888544395e-07,8.05175535041435e-05,-1.98818735777149e-05,0.00402410380001376
7752.55261452471,-2.8182251962548e-05,1.98993631990546e-05,2.27369174617984e-06,0.00105541349427546,1.7239844284906e-07,7.99626897606955e-05,-1.96089590727689e-05,0.00399638966764741
7806.31771751215,-2.77960656725593e-05,1.97787099890163e-05,2.2426809386473e-06,0.00104813998812603,1.70045365414325e-07,7.94116538909026e-05,-1.93397906680564e-05,0.00396886638414027
7860.45568946846,-2.74151621580321e-05,1.96585519694513e-05,2.21209035802199e-06,0.00104091666887475,1.67724222177892e-07,7.88644194016954e-05,-1.90743169474495e-05,0.00394153263563786
7914.96911629522,-2.70394694045675e-05,1.95388925944645e-05,2.18191438444066e-06,0.00103374318899588,1.65434584757107e-07,7.83209599851029e-05,-1.88124872004139e-05,0.00391438711732256
7969.86060182773,-2.6668916372641e-05,1.94197351543836e-05,2.15214747114585e-06,0.00102661920339532,1.63176030378544e-07,7.77812495169227e-05,-1.85542514123278e-05,0.00388742853335155
8025.13276795918,-2.6303432984592e-05,1.93010827797299e-05,2.12278414359195e-06,0.0010195443693931,1.60948141808369e-07,7.72452620554046e-05,-1.82995602549351e-05,0.00386065559679532
8080.78825476607,-2.59429501117804e-05,1.91829384451049e-05,2.0938189985604e-06,0.00101251834670597,1.58750507283448e-07,7.67129718399415e-05,-1.80483650769287e-05,0.00383406702957641
8136.82972063413,-2.55873995619117e-05,1.90653049729932e-05,2.06524670328431e-06,0.0010055407974302,1.56582720443214e-07,7.61843532897727e-05,-1.78006178946635e-05,0.00380766156240879
8193.25984238548,-2.52367140665237e-05,1.89481850374846e-05,2.0370619945822e-06,0.000998611386024386,1.5444438026228e-07,7.56593810026947e-05,-1.75562713829956e-05,0.00378143793473747
8250.08131540631,-2.48908272686391e-05,1.88315811679165e-05,2.00925967800096e-06,0.00099172977929255,1.52335090983793e-07,7.51380297537848e-05,-1.73152788662488e-05,0.00375539489467861
8307.29685377578,-2.45496737105754e-05,1.87154957524384e-05,1.98183462696783e-06,0.000984895646367227,1.50254462053522e-07,7.46202744941316e-05,-1.70775943093033e-05,0.00372953119896003
8364.90919039556,-2.4213188821916e-05,1.85999310414995e-05,1.9547817819516e-06,0.000978108658692776,1.48202108054689e-07,7.41060903495774e-05,-1.68431723088079e-05,0.00370384561286211
8422.92107712043,-2.3881308907636e-05,1.84848891512624e-05,1.92809614963258e-06,0.000971368490008775,1.46177648643502e-07,7.35954526194681e-05,-1.66119680845119e-05,0.00367833691015907
8481.33528488963,-2.35539711363842e-05,1.83703720669428e-05,1.90177280208178e-06,0.000964674816333562,1.44180708485438e-07,7.30883367754156e-05,-1.63839374707159e-05,0.00365300387306073
8540.15460385936,-2.32311135289163e-05,1.82563816460772e-05,1.87580687594875e-06,0.000958027315947887,1.42210917192218e-07,7.25847184600657e-05,-1.61590369078407e-05,0.00362784529215456
8599.38184353586,-2.29126749466809e-05,1.81429196217215e-05,1.85019357165841e-06,0.000951425669378715,1.40267909259503e-07,7.20845734858794e-05,-1.59372234341105e-05,0.00360285996634823
8659.01983290984,-2.25985950805527e-05,1.80299876055789e-05,1.82492815261653e-06,0.000944869559383121,1.38351324005289e-07,7.15878778339201e-05,-1.57184546773511e-05,0.00357804670281244
8719.07142059136,-2.22888144397143e-05,1.79175870910621e-05,1.80000594442406e-06,0.00093835867093234,1.36460805509006e-07,7.10946076526523e-05,-1.55026888469005e-05,0.00355340431692427
8779.53947494611,-2.19832743406827e-05,1.7805719456288e-05,1.77542233409994e-06,0.000931892691195909,1.34596002551299e-07,7.06047392567481e-05,-1.52898847256297e-05,0.00352893163221078
8840.42688423224,-2.16819168964798e-05,1.76943859670089e-05,1.75117276931273e-06,0.000925471309525962,1.32756568554514e-07,7.01182491259036e-05,-1.50800016620741e-05,0.00350462748029313
8901.73655673848,-2.13846850059439e-05,1.75835877794789e-05,1.72725275762048e-06,0.00091909421744161,1.30942161523843e-07,6.9635113903663e-05,-1.48729995626716e-05,0.00348049070083093
8963.47142092288,-2.10915223431828e-05,1.74733259432596e-05,1.70365786571937e-06,0.000912761108613477,1.29152443989165e-07,6.91553103962535e-05,-1.46688388841081e-05,0.00345652014146714
9025.63442555289,-2.08023733471631e-05,1.73636014039641e-05,1.6803837187005e-06,0.000906471678848319,1.27387082947543e-07,6.86788155714266e-05,-1.44674806257674e-05,0.00343271465777318
9088.228539846,-2.05171832114386e-05,1.72544150059418e-05,1.65742599931522e-06,0.000900225626073787,1.25645749806396e-07,6.8205606557311e-05,-1.4268886322285e-05,0.00340907311319457
9151.25675361174,-2.0235897874011e-05,1.71457674949042e-05,1.63478044724854e-06,0.000894022650323288,1.23928120327318e-07,6.77356606412706e-05,-1.40730180362036e-05,0.00338559437899676
9214.72207739435,-1.99584640073258e-05,1.70376595204949e-05,1.61244285840095e-06,0.000887862453720973,1.22233874570561e-07,6.72689552687748e-05,-1.38798383507299e-05,0.00336227733421155
9278.6275426167,-1.96848290083985e-05,1.69300916388021e-05,1.59040908417825e-06,0.00088174474046683,1.2056269684016e-07,6.68054680422743e-05,-1.36893103625901e-05,0.00333912086558367
9342.97620172496,-1.94149409890719e-05,1.68230643148173e-05,1.56867503078949e-06,0.000875669216821895,1.18914275629697e-07,6.63451767200873e-05,-1.35013976749843e-05,0.00331612386751787
9407.77112833456,-1.91487487663997e-05,1.67165779248399e-05,1.54723665855295e-06,0.00086963559109357,1.17288303568703e-07,6.58880592152925e-05,-1.33160643906362e-05,0.00329328524202626
9473.0154173768,-1.88862018531592e-05,1.66106327588295e-05,1.52608998121007e-06,0.000863643573621064,1.15684477369692e-07,6.54340935946322e-05,-1.31332751049394e-05,0.00327060389867614
9538.71218524687,-1.86272504484869e-05,1.65052290227062e-05,1.50523106524721e-06,0.000857692876760922,1.14102497775817e-07,6.49832580774216e-05,-1.2952994899197e-05,0.00324807875453802
9604.86456995261,-1.83718454286387e-05,1.64003668406011e-05,1.48465602922529e-06,0.000851783214872685,1.12542069509138e-07,6.45355310344675e-05,-1.27751893339542e-05,0.00322570873413414
9671.47573126437,-1.81199383378721e-05,1.62960462570569e-05,1.46436104311714e-06,0.000845914304304651,1.11002901219517e-07,6.40908909869953e-05,-1.25998244424224e-05,0.00320349276938732
9738.54885086602,-1.7871481379448e-05,1.61922672391806e-05,1.44434232765252e-06,0.00084008586337973,1.09484705434101e-07,6.36493166055827e-05,-1.24268667239928e-05,0.00318142979957002
9806.08713250685,-1.7626427406752e-05,1.60890296787485e-05,1.42459615367082e-06,0.000834297612381431,1.07987198507427e-07,6.32107867091029e-05,-1.22562831378403e-05,0.00315951877125397
9874.09380215466,-1.73847299145328e-05,1.59863333942644e-05,1.40511884148123e-06,0.000828549273539925,1.06510100572099e-07,6.27752802636739e-05,-1.20880410966137e-05,0.00313775863825996
9942.57210814976,-1.71463430302566e-05,1.5884178132974e-05,1.38590676023041e-06,0.000822840571018241,1.05053135490074e-07,6.23427763816181e-05,-1.19221084602137e-05,0.00311614836160806
10011.5253213603,-1.69112215055753e-05,1.57825635728326e-05,1.36695632727759e-06,0.000817171230898537,1.0361603080452e-07,6.19132543204263e-05,-1.17584535296551e-05,0.00309468690946815
10080.9567353381,-1.66793207079088e-05,1.56814893244309e-05,1.34826400757705e-06,0.000811540981168504,1.02198517692259e-07,6.14866934817329e-05,-1.15970450410141e-05,0.00307337325711084
10150.8696664767,-1.64505966121377e-05,1.55809549328777e-05,1.32982631306776e-06,0.000805949551707841,1.00800330916775e-07,6.10630734102958e-05,-1.14378521594581e-05,0.00305220638685864
10221.267454169,-1.62250057924065e-05,1.54809598796405e-05,1.31163980207036e-06,0.000800396674274856,9.94212087817962e-08,6.0642373792986e-05,-1.1280844473358e-05,0.00303118528803752
10292.1534609671,-1.60025054140352e-05,1.53815035843452e-05,1.29370107869118e-06,0.00079488208249315,9.80608930854305e-08,6.02245744577829e-05,-1.11259919884801e-05,0.00301030895692882
10363.5310727429,-1.57830532255392e-05,1.52825854065367e-05,1.27600679223345e-06,0.000789405511838414,9.67191290748648e-08,5.98096553727788e-05,-1.0973265122259e-05,0.00298957639672142
10435.4036988501,-1.55666075507534e-05,1.51842046473991e-05,1.25855363661535e-06,0.000783966699625309,9.53956654016054e-08,5.93975966451886e-05,-1.08226346981481e-05,0.0029689866174643
10507.7747722864,-1.53531272810624e-05,1.5086360551438e-05,1.2413383497952e-06,0.000778565384994462,9.40902540772696e-08,5.89883785203697e-05,-1.06740719400485e-05,0.0029485386360194
10580.647749858,-1.51425718677331e-05,1.49890523081251e-05,1.22435771320334e-06,0.000773201308899534,9.28026504299093e-08,5.85819813808457e-05,-1.05275484668131e-05,0.0029282314760148
10654.0261123446,-1.49349013143492e-05,1.48922790535067e-05,1.20760855118095e-06,0.000767874214094416,9.15326130608753e-08,5.81783857453405e-05,-1.03830362868274e-05,0.0029080641677982
10727.9133646656,-1.47300761693469e-05,1.47960398717745e-05,1.19108773042553e-06,0.000762583845120487,9.02799038021998e-08,5.77775722678172e-05,-1.02405077926634e-05,0.0028880357483908
10802.3130360475,-1.45280575186493e-05,1.47003337968033e-05,1.1747921594431e-06,0.000757329948293994,8.90442876745108e-08,5.73795217365254e-05,-1.00999357558082e-05,0.00286814526144138
10877.2286801926,-1.43288069783986e-05,1.46051598136519e-05,1.158718788007e-06,0.000752112271693501,8.78255328454534e-08,5.69842150730548e-05,-9.96129332146367e-06,0.00284839175718078
10952.6638754485,-1.41322866877863e-05,1.4510516860032e-05,1.14286460662318e-06,0.000746930565147457,8.66234105886307e-08,5.65916333313963e-05,-9.82455400341808e-06,0.00282877429237665
11028.6222249794,-1.39384593019769e-05,1.44164038277429e-05,1.12722664600206e-06,0.00074178458022183,8.54376952430434e-08,5.62017576970091e-05,-9.68969167898802e-06,0.00280929193028855
11105.1073569377,-1.37472879851283e-05,1.43228195640743e-05,1.11180197653671e-06,0.000736674070207851,8.42681641730348e-08,5.58145694858961e-05,-9.55668058402974e-06,0.00278994374062329
11182.1229246378,-1.35587364035028e-05,1.42297628731768e-05,1.09658770778743e-06,0.000731598790109839,8.31145977287276e-08,5.54300501436842e-05,-9.42549530801868e-06,0.00277072879949065
11259.6726067303,-1.3372768718672e-05,1.4137232517402e-05,1.0815809879726e-06,0.000726558496633123,8.19767792069526e-08,5.50481812447134e-05,-9.2961107891969e-06,0.00275164618935935
11337.7601073777,-1.31893495808109e-05,1.40452272186116e-05,1.06677900346572e-06,0.000721552948172038,8.08544948126586e-08,5.46689444911305e-05,-9.16850230978662e-06,0.00273269499901335
11416.3891564316,-1.30084441220827e-05,1.3953745659457e-05,1.05217897829864e-06,0.000716581904798034,7.97475336208065e-08,5.42923217119912e-05,-9.04264549126998e-06,0.00271387432350843
11495.5635096105,-1.28300179501107e-05,1.38627864846297e-05,1.03777817367084e-06,0.000711645128247845,7.86556875387317e-08,5.39182948623674e-05,-8.91851628973288e-06,0.00269518326412909
11575.2869486794,-1.26540371415385e-05,1.37723483020829e-05,1.02357388746476e-06,0.00070674238191177,7.75787512689795e-08,5.35468460224622e-05,-8.79609099127345e-06,0.00267662092834572
11655.5632816306,-1.24804682356756e-05,1.36824296842255e-05,1.00956345376708e-06,0.000701873430822015,7.65165222726019e-08,5.317795739673e-05,-8.67534620747281e-06,0.00265818642977209
11736.3963428651,-1.2309278228228e-05,1.35930291690885e-05,9.95744242395898e-07,0.000697038041641148,7.54688007329141e-08,5.28116113130046e-05,-8.55625887092856e-06,0.00263987888812309
11817.7899933763,-1.2140434565113e-05,1.35041452614647e-05,9.82113658433733e-07,0.000692235982650609,7.44353895197025e-08,5.24477902216321e-05,-8.43880623084903e-06,0.00262169742917281
11899.7481209338,-1.19739051363565e-05,1.3415776434022e-05,9.68669141766333e-07,0.000687467023739336,7.34160941538853e-08,5.20864766946114e-05,-8.32296584870853e-06,0.00260364118471291
11982.2746402699,-1.18096582700714e-05,1.33279211283912e-05,9.55408166627131e-07,0.000682730936392442,7.24107227726105e-08,5.17276534247398e-05,-8.20871559396158e-06,0.00258570929251114
12065.3734932659,-1.16476627265183e-05,1.32405777562289e-05,9.42328241147428e-07,0.000678027493680003,7.14190860947988e-08,5.13713032247661e-05,-8.09603363981658e-06,0.00256790089627042
12149.0486491407,-1.14878876922434e-05,1.3153744700255e-05,9.29426906912087e-07,0.000673356470245904,7.0440997387114e-08,5.10174090265481e-05,-7.98489845906688e-06,0.00255021514558786
12233.3041046402,-1.13303027742971e-05,1.3067420315267e-05,9.16701738520824e-07,0.000668717642296791,6.9476272430368e-08,5.06659538802187e-05,-7.87528881997961e-06,0.00253265119591436
12318.1438842285,-1.11748779945285e-05,1.29816029291302e-05,9.04150343154892e-07,0.000664110787591075,6.85247294863435e-08,5.03169209533551e-05,-7.76718378224034e-06,0.0025152082085143
12403.5720402798,-1.10215837839573e-05,1.28962908437451e-05,8.91770360149255e-07,0.000659535685428046,6.75861892650423e-08,4.99702935301566e-05,-7.66056269295394e-06,0.00249788535042559
12489.5926532723,-1.08703909772211e-05,1.28114823359918e-05,8.79559460570016e-07,0.00065499211663704,6.66604748923411e-08,4.96260550106266e-05,-7.55540518269984e-06,0.00248068179441994
12576.2098319827,-1.07212708070965e-05,1.2727175658653e-05,8.6751534679722e-07,0.000650479863566708,6.57474118780625e-08,4.92841889097619e-05,-7.45169116164181e-06,0.00246359671896349
12663.427713683,-1.05741948990943e-05,1.26433690413146e-05,8.55635752112825e-07,0.000645998710074339,6.48468280844477e-08,4.89446788567463e-05,-7.34940081569068e-06,0.00244662930817759
12751.2504643373,-1.04291352661278e-05,1.25600606912454e-05,8.43918440293878e-07,0.000641548441515288,6.39585536950304e-08,4.86075085941517e-05,-7.24851460272026e-06,0.00242977875179995
12839.6822788018,-1.02860643032509e-05,1.24772487942565e-05,8.3236120521077e-07,0.000637128844732452,6.30824211839055e-08,4.82726619771434e-05,-7.14901324883458e-06,0.00241304424514599
12928.7273810244,-1.01449547824692e-05,1.23949315155395e-05,8.209618704306e-07,0.000632739708045846,6.22182652853911e-08,4.79401229726928e-05,-7.05087774468692e-06,0.00239642498907053
13018.3900242466,-1.00057798476186e-05,1.23131070004859e-05,8.0971828882547e-07,0.00062838082124224,6.13659229640724e-08,4.76098756587941e-05,-6.9540893418488e-06,0.00237992018992964
13108.6744912069,-9.86851300931461e-06,1.2231773375486e-05,7.9862834218579e-07,0.000624051975564884,6.05252333852343e-08,4.72819042236878e-05,-6.85862954922935e-06,0.00236352905954285
13199.5850943454,-9.7331281399681e-06,1.21509287487097e-05,7.87689940838408e-07,0.000619752963703287,5.96960378856645e-08,4.69561929650893e-05,-6.76448012954323e-06,0.00234725081515555
13291.1261760091,-9.59959946886912e-06,1.20705712108681e-05,7.76901023269626e-07,0.000615483579783096,5.8878179944835e-08,4.66327262894235e-05,-6.67162309582762e-06,0.00233108467940168
13383.3021086605,-9.46790157733607e-06,1.1990698835957e-05,7.66259555752937e-07,0.000611243619356026,5.80715051564494e-08,4.6311488711064e-05,-6.58004070800639e-06,0.00231502988026667
13476.1172950852,-9.33800939393071e-06,1.19113096819828e-05,7.55763531981527e-07,0.000607032879389875,5.72758612003555e-08,4.59924648515789e-05,-6.48971546950193e-06,0.00229908565105065
13569.576168603,-9.20989818973737e-06,1.18324017916706e-05,7.45410972705428e-07,0.000602851158258612,5.64910978148194e-08,4.56756394389814e-05,-6.40063012389321e-06,0.00228325123033187
13663.6831932795,-9.0835435737055e-06,1.17539731931555e-05,7.35199925373267e-07,0.000598698255732523,5.57170667691524e-08,4.53609973069856e-05,-6.31276765161965e-06,0.00226752586193042
13758.4428641392,-8.9589214880554e-06,1.1676021900657e-05,7.25128463778605e-07,0.000594573972968449,5.4953621836693e-08,4.50485233942684e-05,-6.22611126673048e-06,0.00225190879487216
13853.8597073802,-8.83600820374529e-06,1.15985459151371e-05,7.15194687710751e-07,0.000590478112500072,5.42006187681334e-08,4.47382027437356e-05,-6.14064441367836e-06,0.00223639928335291
13949.9382805904,-8.71478031600005e-06,1.15215432249427e-05,7.05396722610062e-07,0.000586410478228292,5.34579152651922e-08,4.44300205017946e-05,-6.05635076415735e-06,0.00222099658670294
14046.6831729655,-8.59521473989957e-06,1.14450118064316e-05,6.9573271922761e-07,0.000582370875411656,5.27253709546228e-08,4.41239619176309e-05,-5.97321421398391e-06,0.00220569996935155
14144.0990055278,-8.47728870602726e-06,1.1368949624584e-05,6.86200853289239e-07,0.000578359110656871,5.20028473625619e-08,4.38200123424913e-05,-5.8912188800211e-06,0.00219050870079211
14242.190431347,-8.36097975617655e-06,1.12933546335984e-05,6.76799325163874e-07,0.000574374991909367,5.12902078892033e-08,4.35181572289706e-05,-5.81034909714455e-06,0.00217542205554714
14340.9621357626,-8.24626573911599e-06,1.12182247774732e-05,6.67526359536139e-07,0.000570418328443951,5.05873177838052e-08,4.32183821303047e-05,-5.73058941525047e-06,0.00216043931313377
14440.4188366077,-8.13312480641074e-06,1.1143557990574e-05,6.58380205083105e-07,0.000566488930855505,4.98940441200141e-08,4.29206726996683e-05,-5.65192459630439e-06,0.00214555975802936
14540.5652844341,-8.02153540830122e-06,1.1069352198186e-05,6.49359134155254e-07,0.000562586611049769,4.92102557715149e-08,4.26250146894775e-05,-5.57433961143068e-06,0.00213078267963736
14641.4062627396,-7.91147628963668e-06,1.09956053170542e-05,6.40461442461487e-07,0.000558711182234179,4.85358233879907e-08,4.23313939506974e-05,-5.4978196380417e-06,0.00211610737225346
14742.946588196,-7.80292648586424e-06,1.09223152559084e-05,6.31685448758233e-07,0.000554862458908776,4.78706193713983e-08,4.20397964321552e-05,-5.42235005700671e-06,0.00210153313503191
14845.1911108798,-7.69586531907162e-06,1.08494799159767e-05,6.23029494542511e-07,0.000551040256857176,4.72145178525493e-08,4.17502081798571e-05,-5.34791644985923e-06,0.00208705927195211
14948.1447145032,-7.59027239408379e-06,1.07770971914847e-05,6.14491943748998e-07,0.000547244393137614,4.65673946679963e-08,4.14626153363113e-05,-5.27450459604311e-06,0.0020726850917854
15051.8123166476,-7.48612759461183e-06,1.0705164970143e-05,6.06071182450962e-07,0.000543474686074036,4.59291273372197e-08,4.1177004139855e-05,-5.20210047019605e-06,0.00205840990806209
15156.1988689989,-7.38341107945439e-06,1.06336811336224e-05,5.97765618565091e-07,0.000539730955247274,4.52995950401109e-08,4.08933609239866e-05,-5.13069023947072e-06,0.00204423303903877
15261.3093575835,-7.28210327874994e-06,1.05626435580162e-05,5.89573681560101e-07,0.000536013021486268,4.46786785947482e-08,4.06116721167022e-05,-5.06026026089229e-06,0.0020301538076657
15367.1488030065,-7.18218489028021e-06,1.04920501142917e-05,5.8149382216916e-07,0.000532320706859361,4.40662604354644e-08,4.03319242398378e-05,-4.99079707875258e-06,0.00201617154155462
15473.7222606918,-7.0836368758231e-06,1.04218986687296e-05,5.73524512105981e-07,0.00052865383466565,4.34622245911967e-08,4.00541039084148e-05,-4.92228742203968e-06,0.00200228557294661
15581.0348211234,-6.9864404575554e-06,1.03521870833523e-05,5.65664243784645e-07,0.000525012229426405,4.28664566641236e-08,3.97781978299915e-05,-4.85471820190304e-06,0.00198849523868026
15689.0916100885,-6.89057711450376e-06,1.0282913216341e-05,5.57911530043017e-07,0.000521395716876541,4.22788438085768e-08,3.95041928040182e-05,-4.7880765091532e-06,0.00197479988016005
15797.8977889225,-6.79602857904402e-06,1.02140749224424e-05,5.50264903869784e-07,0.000517804123956161,4.16992747102313e-08,3.92320757211977e-05,-4.72234961179597e-06,0.00196119884332491
15907.4585547554,-6.70277683344759e-06,1.01456700533642e-05,5.42722918135009e-07,0.000514237278802149,4.11276395655664e-08,3.89618335628494e-05,-4.65752495260031e-06,0.00194769147861704
16017.7791407599,-6.6108041064749e-06,1.00776964581609e-05,5.3528414532422e-07,0.000510695010739832,4.05638300615963e-08,3.86934534002792e-05,-4.59359014669975e-06,0.00193427714095093
16128.8648164017,-6.52009287001465e-06,1.0010151983609e-05,5.27947177275929e-07,0.000507177150274693,4.00077393558651e-08,3.84269223941525e-05,-4.53053297922648e-06,0.00192095518968257
16240.720887691,-6.43062583576893e-06,9.94303447457297e-06,5.20710624922595e-07,0.000503683529084156,3.94592620567057e-08,3.81622277938727e-05,-4.46834140297826e-06,0.00190772498857889
16353.352697436,-6.34238595198277e-06,9.87634177436048e-06,5.13573118034938e-07,0.000500213980009409,3.89182942037553e-08,3.78993569369634e-05,-4.40700353611694e-06,0.00189458590578744
16466.765625498,-6.25535640021852e-06,9.81007172506938e-06,5.06533304969615e-07,0.000496768337047307,3.83847332487291e-08,3.76382972484558e-05,-4.34650765989896e-06,0.00188153731380619
16580.9650890484,-6.16952059217343e-06,9.74422216792458e-06,4.9958985242016e-07,0.000493346435342319,3.78584780364441e-08,3.73790362402791e-05,-4.28684221643666e-06,0.00186857858945366
16695.9565428276,-6.08486216654079e-06,9.67879094360631e-06,4.92741445171206e-07,0.000489948111178536,3.73394287860945e-08,3.71215615106573e-05,-4.22799580649057e-06,0.00185570911383914
16811.7454794054,-6.00136498591323e-06,9.61377589256931e-06,4.85986785855895e-07,0.000486573201971738,3.68274870727713e-08,3.68658607435076e-05,-4.16995718729178e-06,0.0018429282723332
16928.3374294433,-5.91901313372833e-06,9.54917485535357e-06,4.7932459471648e-07,0.000483221546261513,3.6322555809227e-08,3.66119217078457e-05,-4.11271527039443e-06,0.00183023545453832
17045.737961959,-5.83779091125536e-06,9.48498567288639e-06,4.72753609368046e-07,0.000479892983703435,3.58245392278779e-08,3.63597322571936e-05,-4.05625911955743e-06,0.00181763005425984
17163.9526845917,-5.75768283462313e-06,9.42120618677645e-06,4.66272584565341e-07,0.000476587355061301,3.53333428630468e-08,3.6109280328992e-05,-4.00057794865545e-06,0.00180511146947696
17282.9872438709,-5.67867363188792e-06,9.35783423959943e-06,4.59880291972645e-07,0.000473304502199411,3.48488735334361e-08,3.58605539440172e-05,-3.94566111961841e-06,0.00179267910231408
17402.8473254854,-5.6007482401414e-06,9.29486767517614e-06,4.5357551993668e-07,0.00047004426807492,3.43710393248353e-08,3.56135412058021e-05,-3.89149814039945e-06,0.00178033235901224
17523.5386545551,-5.52389180265755e-06,9.23230433884249e-06,4.47357073262473e-07,0.000466806496730226,3.38997495730542e-08,3.53682303000602e-05,-3.83807866297053e-06,0.00176807064990079
17645.0669959044,-5.44808966607862e-06,9.17014207771234e-06,4.41223772992199e-07,0.00046359103328543,3.34349148470835e-08,3.51246094941158e-05,-3.78539248134583e-06,0.0017558933893693
17767.4381543379,-5.37332737763886e-06,9.10837874093247e-06,4.35174456186887e-07,0.000460397723930835,3.29764469324759e-08,3.4882667136336e-05,-3.73342952963197e-06,0.00174379999583954
17890.6579749169,-5.29959068242635e-06,9.04701217993085e-06,4.29207975711042e-07,0.000457226415919505,3.25242588149491e-08,3.46423916555682e-05,-3.68217988010529e-06,0.00173178989173781
18014.7323432395,-5.22686552068169e-06,8.98604024865735e-06,4.23323200020058e-07,0.000454076957559874,3.20782646642031e-08,3.44037715605809e-05,-3.63163374131523e-06,0.00171986250346731
18139.667185721,-5.1551380251336e-06,8.92546080381792e-06,4.17519012950471e-07,0.000450949198208414,3.16383798179543e-08,3.41667954395087e-05,-3.58178145621403e-06,0.00170801726138086
18265.4684698776,-5.08439451837046e-06,8.86527170510177e-06,4.11794313512939e-07,0.000447842988262344,3.12045207661785e-08,3.3931451959301e-05,-3.53261350031182e-06,0.00169625359975361
18392.1422046107,-5.01462151024787e-06,8.80547081540213e-06,4.06148015687981e-07,0.000444758179152398,3.0776605135565e-08,3.3697729865175e-05,-3.48412047985725e-06,0.00168457095675613
18519.6944404947,-4.94580569533103e-06,8.74605600103034e-06,4.00579048224385e-07,0.000441694623335642,3.03545516741746e-08,3.34656179800718e-05,-3.43629313004293e-06,0.00167296877442755
18648.1312700654,-4.87793395037228e-06,8.68702513192395e-06,3.95086354440301e-07,0.000438652174288347,2.99382802363028e-08,3.32351052041176e-05,-3.38912231323563e-06,0.001661446498649
18777.4588281112,-4.81099333182257e-06,8.62837608184827e-06,3.89668892026941e-07,0.000435630686498898,2.95277117675425e-08,3.30061805140872e-05,-3.34259901723067e-06,0.00165000357911708
18907.6832919665,-4.74497107337693e-06,8.57010672859217e-06,3.84325632854879e-07,0.000432630015460771,2.91227682900455e-08,3.2778832962872e-05,-3.29671435353029e-06,0.00163863946931766
19038.810881806,-4.67985458355335e-06,8.512214954158e-06,3.79055562782921e-07,0.00042965001766555,2.87233728879806e-08,3.25530516789524e-05,-3.25145955564573e-06,0.00162735362649978
19170.8478609426,-4.61563144330436e-06,8.45469864494546e-06,3.73857681469487e-07,0.00042669055059599,2.83294496931826e-08,3.23288258658728e-05,-3.20682597742247e-06,0.00161614551164977
19303.8005361258,-4.55228940366132e-06,8.39755569193023e-06,3.68731002186508e-07,0.000423751472719139,2.79409238709953e-08,3.21061448017208e-05,-3.16280509138859e-06,0.00160501458946551
19437.6752578439,-4.48981638341053e-06,8.34078399083676e-06,3.63674551635762e-07,0.000420832643479499,2.7557721606299e-08,3.18849978386098e-05,-3.11938848712567e-06,0.00159396032833085
19572.4784206263,-4.42820046680116e-06,8.28438144230598e-06,3.58687369767676e-07,0.000417933923292243,2.71797700897279e-08,3.16653744021662e-05,-3.07656786966224e-06,0.00158298220029033
19708.2164633496,-4.36742990128409e-06,8.22834595205747e-06,3.53768509602498e-07,0.000415055173536472,2.68069975040674e-08,3.14472639910186e-05,-3.03433505788899e-06,0.00157207968102389
19844.8958695448,-4.30749309528182e-06,8.17267543104678e-06,3.48917037053865e-07,0.000412196256548528,2.64393330108348e-08,3.1230656176292e-05,-2.99268198299606e-06,0.00156125224982192
19982.5231677076,-4.24837861598842e-06,8.11736779561747e-06,3.44132030754692e-07,0.000409357035615345,2.60767067370379e-08,3.10155406011049e-05,-2.9516006869315e-06,0.00155049938956035
20121.1049316092,-4.19007518719966e-06,8.06242096764851e-06,3.39412581885397e-07,0.000406537374967859,2.57190497621107e-08,3.08019069800702e-05,-2.91108332088108e-06,0.00153982058667601
20260.6477806113,-4.13257168717241e-06,8.00783287469662e-06,3.34757794004373e-07,0.000403737139774448,2.53662941050217e-08,3.05897450987988e-05,-2.87112214376882e-06,0.00152921533114211
20401.1583799816,-4.07585714651353e-06,7.95360145013423e-06,3.30166782880755e-07,0.000400956196134435,2.50183727115569e-08,3.03790448134085e-05,-2.83170952077824e-06,0.0015186831164439
20542.6434412127,-4.01992074609705e-06,7.89972463328254e-06,3.25638676329366e-07,0.000398194411071624,2.46752194417693e-08,3.01697960500341e-05,-2.79283792189375e-06,0.00150822343955448
20685.1097223421,-3.96475181501012e-06,7.84620036954046e-06,3.21172614047899e-07,0.000395451652527889,2.4336769057599e-08,2.99619888043427e-05,-2.75449992046224e-06,0.00149783580091081
20828.5640282755,-3.91033982852662e-06,7.79302661050887e-06,3.16767747456229e-07,0.000392727789356803,2.4002957210656e-08,2.97556131410513e-05,-2.71668819177421e-06,0.00148751970438988
20973.0132111114,-3.85667440610858e-06,7.7402013141109e-06,3.12423239537898e-07,0.000390022691317322,2.36737204301684e-08,2.95506591934488e-05,-2.67939551166457e-06,0.00147727465728498
21118.464170469,-3.80374530943461e-06,7.68772244470779e-06,3.0813826468368e-07,0.000387336229067493,2.33489961110901e-08,2.93471171629203e-05,-2.64261475513248e-06,0.00146710017028225
21264.923853817,-3.75154244045538e-06,7.63558797321093e-06,3.03912008537258e-07,0.000384668274158231,2.30287225023684e-08,2.91449773184752e-05,-2.60633889498026e-06,0.00145699575743727
21412.3992568061,-3.70005583947542e-06,7.58379587718972e-06,2.99743667842934e-07,0.00038201869902712,2.27128386953681e-08,2.89442299962789e-05,-2.57056100047086e-06,0.00144696093615189
21560.8974236026,-3.6492756832612e-06,7.53234414097574e-06,2.95632450295389e-07,0.000379387376992273,2.24012846124508e-08,2.87448655991876e-05,-2.53527423600394e-06,0.00143699522715122
21710.4254472254,-3.59919228317478e-06,7.4812307557629e-06,2.91577574391431e-07,0.000376774182246216,2.20940009957067e-08,2.85468745962856e-05,-2.50047185980984e-06,0.00142709815446068
21860.9904698845,-3.54979608333319e-06,7.43045371970422e-06,2.8757826928374e-07,0.000374178989849839,2.17909293958382e-08,2.83502475224274e-05,-2.46614722266179e-06,0.00141726924538338
22012.599683322,-3.50107765879253e-06,7.38001103800462e-06,2.83633774636546e-07,0.000371601675726367,2.14920121611904e-08,2.81549749777815e-05,-2.43229376660553e-06,0.00140750803047747
22165.260329156,-3.45302771375714e-06,7.32990072301054e-06,2.79743340483249e-07,0.000369042116655391,2.11971924269314e-08,2.79610476273783e-05,-2.39890502370656e-06,0.0013978140435338
22318.9796992262,-3.40563707981294e-06,7.28012079429582e-06,2.75906227085935e-07,0.000366500190266924,2.0906414104375e-08,2.77684562006606e-05,-2.36597461481445e-06,0.0013881868215536
22473.7651359423,-3.35889671418503e-06,7.23066927874449e-06,2.72121704796771e-07,0.000363975775035519,2.06196218704482e-08,2.75771914910379e-05,-2.33349624834421e-06,0.00137862590472647
22629.6240326348,-3.31279769801888e-06,7.18154421062999e-06,2.68389053921255e-07,0.000361468750274404,2.03367611572996e-08,2.73872443554431e-05,-2.30146371907428e-06,0.00136913083640831
22786.5638339077,-3.26733123468512e-06,7.13274363169149e-06,2.64707564583293e-07,0.000358978996129686,2.00577781420469e-08,2.71986057138931e-05,-2.26987090696115e-06,0.00135970116309965
22944.592035995,-3.22248864810723e-06,7.08426559120682e-06,2.61076536592084e-07,0.000356506393574565,1.9782619736662e-08,2.70112665490513e-05,-2.2387117759701e-06,0.00135033643442391
23103.7161871177,-3.1782613811123e-06,7.03610814606255e-06,2.57495279310783e-07,0.000354050824403617,1.95112335779928e-08,2.68252179057947e-05,-2.20798037292215e-06,0.00134103620310596
23263.9438878451,-3.13464099380401e-06,6.9882693608209e-06,2.53963111526927e-07,0.000351612171227097,1.92435680179174e-08,2.66404508907826e-05,-2.17767082635668e-06,0.00133180002495071
23425.2827914574,-3.09161916195804e-06,6.94074730778397e-06,2.504793613246e-07,0.000349190317465294,1.89795721136328e-08,2.64569566720294e-05,-2.14777734540978e-06,0.00132262745882197
23587.7406043117,-3.04918767543914e-06,6.89354006705489e-06,2.47043365958292e-07,0.000346785147342915,1.87191956180714e-08,2.62747264784793e-05,-2.1182942187079e-06,0.00131351806662135
23751.3250862094,-3.00733843663999e-06,6.84664572659644e-06,2.43654471728485e-07,0.00034439654588352,1.8462388970449e-08,2.60937515995852e-05,-2.08921581327681e-06,0.00130447141326737
23916.0440507678,-2.96606345894122e-06,6.80006238228674e-06,2.40312033858862e-07,0.000342024398903986,1.82091032869375e-08,2.59140233848897e-05,-2.06053657346537e-06,0.00129548706667466
24081.9053657923,-2.92535486519252e-06,6.75378813797249e-06,2.37015416375209e-07,0.000339668593009017,1.79592903514654e-08,2.57355332436091e-05,-2.03225101988424e-06,0.00128656459773338
24248.9169536531,-2.88520488621442e-06,6.70782110551949e-06,2.337639919859e-07,0.000337329015585684,1.771290260664e-08,2.55582726442206e-05,-2.004353748359e-06,0.00127770358028868
24417.0867916629,-2.84560585932056e-06,6.66215940486084e-06,2.30557141964024e-07,0.000335005554798016,1.74698931447931e-08,2.53822331140525e-05,-1.97683942889779e-06,0.00126890359112042
24586.4229124585,-2.80655022686006e-06,6.61680116404244e-06,2.27394256031062e-07,0.000332698099581614,1.72302156991467e-08,2.52074062388763e-05,-1.949702804673e-06,0.00126016420992291
24756.933404384,-2.7680305347799e-06,6.57174451926633e-06,2.24274732242152e-07,0.000330406539638315,1.69938246350977e-08,2.50337836625033e-05,-1.92293869101699e-06,0.00125148501928486
24928.6264118777,-2.73003943120674e-06,6.52698761493158e-06,2.21197976872877e-07,0.000328130765430884,1.676067494162e-08,2.48613570863821e-05,-1.8965419744316e-06,0.00124286560466948
25101.5101358603,-2.69256966504833e-06,6.48252860367295e-06,2.18163404307592e-07,0.000325870668177751,1.6530722222783e-08,2.46901182692007e-05,-1.87050761161123e-06,0.00123430555439466
25275.5928341276,-2.65561408461375e-06,6.4383656463973e-06,2.15170436929228e-07,0.000323626139847779,1.63039226893831e-08,2.45200590264899e-05,-1.84483062847935e-06,0.00122580445961333
25450.882821744,-2.61916563625276e-06,6.39449691231793e-06,2.12218505010611e-07,0.000321397073155071,1.60802331506897e-08,2.43511712302307e-05,-1.81950611923822e-06,0.00121736191429394
25627.3884714405,-2.58321736301345e-06,6.35092057898664e-06,2.09307046607207e-07,0.000319183361553813,1.58596110063005e-08,2.41834468084634e-05,-1.79452924543164e-06,0.00120897751520107
25805.1182140139,-2.54776240331848e-06,6.30763483232399e-06,2.06435507451342e-07,0.000316984899233152,1.56420142381092e-08,2.40168777449002e-05,-1.76989523502066e-06,0.0012006508618762
25984.08053873,-2.51279398965919e-06,6.26463786664729e-06,2.03603340847819e-07,0.000314801581112113,1.54274014023787e-08,2.38514560785398e-05,-1.74559938147177e-06,0.00119238155661856
26164.2839937291,-2.47830544730764e-06,6.22192788469682e-06,2.00810007570962e-07,0.000312633302834547,1.52157316219235e-08,2.36871739032856e-05,-1.72163704285787e-06,0.00118416920446616
26345.7371864336,-2.44429019304628e-06,6.17950309766014e-06,1.98054975763035e-07,0.000310479960764116,1.50069645783967e-08,2.35240233675656e-05,-1.69800364097135e-06,0.00117601341317695
26528.4487839603,-2.4107417339148e-06,6.1373617251944e-06,1.9533772083403e-07,0.000308341451979317,1.48010605046808e-08,2.33619966739556e-05,-1.67469466044949e-06,0.00116791379321004
26712.4275135331,-2.37765366597435e-06,6.09550199544709e-06,1.92657725362807e-07,0.000306217674268533,1.45979801773822e-08,2.32010860788048e-05,-1.65170564791179e-06,0.00115986995770719
26897.6821629011,-2.34501967308838e-06,6.0539221450747e-06,1.90014478999566e-07,0.000304108526125124,1.43976849094262e-08,2.30412838918638e-05,-1.62903221110918e-06,0.00115188152247425
27084.2215807571,-2.31283352572034e-06,6.01262041926004e-06,1.87407478369637e-07,0.000302013906742553,1.42001365427525e-08,2.28825824759157e-05,-1.60667001808487e-06,0.00114394810596288
27272.0546771616,-2.28108907974764e-06,5.97159507172759e-06,1.84836226978562e-07,0.00029993371600954,1.40052974411091e-08,2.27249742464092e-05,-1.58461479634677e-06,0.0011360693292523
27461.1904239671,-2.24978027529199e-06,5.93084436475737e-06,1.82300235118458e-07,0.000297867854505258,1.3813130482944e-08,2.25684516710951e-05,-1.56286233205123e-06,0.00112824481603122
27651.6378552475,-2.21890113556553e-06,5.8903665691972e-06,1.79799019775647e-07,0.000295816223494555,1.36235990543928e-08,2.24130072696638e-05,-1.54140846919795e-06,0.00112047419257984
27843.4060677294,-2.18844576573291e-06,5.85015996447342e-06,1.77332104539533e-07,0.000293778724923213,1.34366670423606e-08,2.22586336133872e-05,-1.52024910883607e-06,0.00111275708775207
28036.5042212264,-2.15840835178874e-06,5.81022283860004e-06,1.74899019512699e-07,0.00029175526141324,1.32522988276985e-08,2.21053233247616e-05,-1.499380208281e-06,0.00110509313295773
28230.9415390768,-2.12878315945057e-06,5.77055348818658e-06,1.72499301222234e-07,0.000289745736258198,1.30704592784716e-08,2.19530690771542e-05,-1.4787977803421e-06,0.00109748196214503
28426.7273085842,-2.09956453306682e-06,5.73115021844428e-06,1.70132492532239e-07,0.00028775005341855,1.28911137433184e-08,2.18018635944509e-05,-1.45849789256092e-06,0.00108992321178302
28623.8708814609,-2.07074689453977e-06,5.69201134319115e-06,1.67798142557535e-07,0.000285768117517062,1.27142280448998e-08,2.16516996507075e-05,-1.43847666645994e-06,0.00108241652084429
28822.3816742749,-2.04232474226318e-06,5.65313518485546e-06,1.65495806578515e-07,0.000283799833834214,1.2539768473437e-08,2.15025700698032e-05,-1.41873027680154e-06,0.00107496153078771
29022.2691688993,-2.01429265007452e-06,5.61452007447808e-06,1.63225045957168e-07,0.000281845108303658,1.23677017803373e-08,2.13544677250958e-05,-1.39925495085723e-06,0.00106755788554131
29223.5429129655,-1.98664526622142e-06,5.57616435171341e-06,1.60985428054219e-07,0.000279903847507703,1.21979951719049e-08,2.12073855390805e-05,-1.38004696768686e-06,0.00106020523148527
29426.2125203191,-1.95937731234235e-06,5.53806636482922e-06,1.58776526147406e-07,0.000277975958672831,1.20306163031387e-08,2.10613164830496e-05,-1.36110265742773e-06,0.00105290321743508
29630.2876714792,-1.93248358246114e-06,5.5002244707051e-06,1.56597919350847e-07,0.000276061349665242,1.18655332716122e-08,2.0916253576756e-05,-1.34241840059348e-06,0.0010456514946247
29835.7781141006,-1.90595894199535e-06,5.46263703482989e-06,1.54449192535509e-07,0.000274159928986436,1.1702714611438e-08,2.0772189888078e-05,-1.32399062738256e-06,0.00103844971668997
30042.6936634399,-1.8797983267781e-06,5.42530243129787e-06,1.52329936250748e-07,0.000272271605768822,1.15421292873128e-08,2.06291185326869e-05,-1.30581581699624e-06,0.00103129753965204
30251.0442028234,-1.85399674209337e-06,5.38821904280391e-06,1.50239746646911e-07,0.000270396289771355,1.13837466886443e-08,2.04870326737172e-05,-1.28789049696597e-06,0.00102419462190097
30460.8396841202,-1.82854926172435e-06,5.35138526063745e-06,1.48178225398981e-07,0.000268533891375209,1.1227536623756e-08,2.0345925521438e-05,-1.27021124248994e-06,0.00101714062417939
30672.0901282168,-1.80345102701502e-06,5.31479948467553e-06,1.46144979631271e-07,0.000266684321579477,1.1073469314173e-08,2.0205790332928e-05,-1.25277467577876e-06,0.00101013520956632
30884.8056254963,-1.77869724594435e-06,5.27846012337471e-06,1.44139621843113e-07,0.000264847491996898,1.09215153889827e-08,2.00666204117519e-05,-1.23557746541018e-06,0.00100317804346108
31098.9963363199,-1.75428319221327e-06,5.24236559376207e-06,1.42161769835578e-07,0.000263023314849624,1.0771645879274e-08,1.99284091076395e-05,-1.21861632569256e-06,0.000996268793567314
31314.6724915125,-1.73020420434414e-06,5.20651432142517e-06,1.40211046639171e-07,0.000261211702965001,1.06238322126508e-08,1.97911498161666e-05,-1.20188801603718e-06,0.000989407129877107
31531.8443928511,-1.70645568479247e-06,5.17090474050118e-06,1.38287080442516e-07,0.000259412569771394,1.04780462078202e-08,1.96548359784385e-05,-1.18538934033909e-06,0.000982592724655261
31750.5224135575,-1.68303309907084e-06,5.13553529366498e-06,1.36389504521999e-07,0.00025762582929403,1.03342600692544e-08,1.95194610807755e-05,-1.16911714636651e-06,0.000975825252423614
31970.7169987928,-1.65993197488483e-06,5.10040443211648e-06,1.34517957172372e-07,0.000255851396150881,1.01924463819249e-08,1.93850186544009e-05,-1.15306832515859e-06,0.000969104389945518
32192.4386661572,-1.63714790128065e-06,5.06551061556698e-06,1.32672081638291e-07,0.00025408918554856,1.00525781061078e-08,1.92515022751302e-05,-1.13723981043142e-06,0.000962429816210395
32415.6980061919,-1.6146765278046e-06,5.03085231222484e-06,1.30851526046789e-07,0.000252339113278265,9.91462857226055e-09,1.91189055630641e-05,-1.12162857799223e-06,0.000955801212418413
32640.5056828852,-1.59251356367388e-06,4.99642799878017e-06,1.29055943340658e-07,0.000250601095711733,9.77857147596685e-09,1.89872221822819e-05,-1.10623164516159e-06,0.000949218261965263
32866.8724341813,-1.57065477695886e-06,4.96223616038892e-06,1.27284991212737e-07,0.000248875049797235,9.64438087295174e-09,1.88564458405384e-05,-1.0910460702036e-06,0.00094268065042704
33094.8090724944,-1.54909599377645e-06,4.92827529065602e-06,1.25538332041092e-07,0.000247160893055588,9.51203117416324e-09,1.87265702889619e-05,-1.07606895176382e-06,0.00093618806554523
33324.3264852235,-1.52783309749456e-06,4.89454389161797e-06,1.23815632825078e-07,0.00024545854357621,9.38149714092152e-09,1.85975893217549e-05,-1.061297428315e-06,0.0009297401972118
33555.4356352742,-1.50686202794742e-06,4.86104047372456e-06,1.22116565122259e-07,0.000243767920013182,9.25275388013338e-09,1.84694967758967e-05,-1.04672867761034e-06,0.000923336737454388
33788.1475615808,-1.48617878066166e-06,4.82776355582003e-06,1.20440804986194e-07,0.000242088941581359,9.12577683957239e-09,1.83422865308482e-05,-1.03235991614433e-06,0.000916977380421602
34022.4733796346,-1.46577940609297e-06,4.79471166512342e-06,1.18788032905066e-07,0.000240421528052487,9.00054180322253e-09,1.82159525082582e-05,-1.0181883986209e-06,0.000910661822368406
34258.4242820144,-1.44566000887321e-06,4.76188333720844e-06,1.17157933741135e-07,0.000238765599751366,8.87702488668572e-09,1.80904886716726e-05,-1.004211417429e-06,0.000904389761641632
34496.0115389212,-1.42581674706778e-06,4.72927711598251e-06,1.15550196671026e-07,0.000237121077552025,8.75520253265122e-09,1.79658890262448e-05,-9.90426302125235e-07,0.000898160898665552
34735.2464987164,-1.40624583144329e-06,4.6968915536654e-06,1.13964515126818e-07,0.000235487882873932,8.63505150642717e-09,1.78421476184488e-05,-9.76830418923692e-07,0.0008919749359276
34976.1405884643,-1.38694352474502e-06,4.66472521076711e-06,1.12400586737938e-07,0.000233865937678229,8.51654889153231e-09,1.77192585357938e-05,-9.63421170192747e-07,0.000885831577964141
35218.7053144771,-1.36790614098455e-06,4.63277665606532e-06,1.10858113273843e-07,0.000232255164463989,8.39967208534831e-09,1.75972159065407e-05,-9.50195993958791e-07,0.000879730531346379
35462.9522628655,-1.34913004473691e-06,4.60104446658213e-06,1.09336800587478e-07,0.000230655486264503,8.28439879483054e-09,1.74760138994213e-05,-9.37152363416725e-07,0.000873671504666335
35708.8931000911,-1.33061165044746e-06,4.56952722756044e-06,1.07836358559509e-07,0.000229066826643592,8.17070703227779e-09,1.73556467233586e-05,-9.24287786447239e-07,0.00086765420852294
35956.5395735246,-1.31234742174825e-06,4.53822353243967e-06,1.06356501043303e-07,0.000227489109691943,8.05857511115903e-09,1.72361086271894e-05,-9.11599805140652e-07,0.000861678355508204
36205.9035120061,-1.29433387078375e-06,4.50713198283111e-06,1.0489694581067e-07,0.000225922260023477,7.9479816419975e-09,1.7117393899389e-05,-8.99085995327347e-07,0.000855743660193506
36456.9968264106,-1.27656755754573e-06,4.47625118849266e-06,1.03457414498328e-07,0.000224366202771726,7.83890552831021e-09,1.69994968677976e-05,-8.86743966114597e-07,0.000849849839115952
36709.831510217,-1.25904508921735e-06,4.44557976730319e-06,1.02037632555107e-07,0.000222820863586257,7.73132596260308e-09,1.68824118993483e-05,-8.74571359429791e-07,0.000843996610764841
36964.4196400802,-1.2417631195262e-06,4.41511634523647e-06,1.00637329189862e-07,0.000221286168629103,7.62522242242071e-09,1.67661333997977e-05,-8.62565849569917e-07,0.000838183695568231
37220.7733764093,-1.22471834810614e-06,4.38485955633457e-06,9.92562373201032e-08,0.000219762044571229,7.5205746664494e-09,1.66506558134577e-05,-8.50725142757211e-07,0.000832410815879575
37478.9049639467,-1.20790751986795e-06,4.35480804268097e-06,9.78940935213168e-08,0.000218248418589016,7.4173627306738e-09,1.65359736229297e-05,-8.39046976700937e-07,0.000826677695964474
37738.8267323548,-1.19132742437855e-06,4.32496045437313e-06,9.65506379769785e-08,0.000216745218360775,7.31556692458543e-09,1.64220813488401e-05,-8.27529120165149e-07,0.000820984061987501
38000.5510968034,-1.1749748952488e-06,4.29531544949482e-06,9.52256144292497e-08,0.000215252372063282,7.21516782744328e-09,1.6308973549578e-05,-8.16169372542423e-07,0.000815329641999132
38264.0905585636,-1.15884680952952e-06,4.26587169408795e-06,9.39187701303379e-08,0.000213769808368336,7.11614628458482e-09,1.61966448210346e-05,-8.04965563433395e-07,0.000809714165922752
38529.4577056047,-1.14294008711601e-06,4.23662786212413e-06,9.26298557945263e-08,0.000212297456439344,7.01848340378773e-09,1.60850897963446e-05,-7.93915552232125e-07,0.000804137365541765
38796.6652131954,-1.12725169016047e-06,4.20758263547584e-06,9.13586255508496e-08,0.000210835245927926,6.92216055168089e-09,1.59743031456288e-05,-7.83017227717092e-07,0.000798598974486776
39065.7258445091,-1.11177862249271e-06,4.17873470388731e-06,9.01048368964197e-08,0.00020938310697055,6.82715935020444e-09,1.58642795757395e-05,-7.72268507647867e-07,0.000793098728222885
39336.6524512341,-1.09651792904862e-06,4.15008276494498e-06,8.88682506503803e-08,0.000207940970185182,6.73346167311783e-09,1.57550138300063e-05,-7.61667338367256e-07,0.000787636364037036
39609.4579741865,-1.08146669530655e-06,4.12162552404785e-06,8.76486309084964e-08,0.000206508766667962,6.64104964255587e-09,1.56465006879853e-05,-7.51211694408971e-07,0.000782211621025491
39884.1554439296,-1.06662204673136e-06,4.0933616943773e-06,8.64457449983532e-08,0.000205086427989909,6.54990562563119e-09,1.55387349652083e-05,-7.40899578110624e-07,0.000776824240081351
40160.7579813948,-1.05198114822618e-06,4.06528999686684e-06,8.52593634351729e-08,0.00020367388619364,6.46001223108348e-09,1.54317115129352e-05,-7.30729019232088e-07,0.000771473963882201
40439.2787985098,-1.03754120359151e-06,4.03740916017144e-06,8.40892598782268e-08,0.000202271073790119,6.37135230597405e-09,1.53254252179072e-05,-7.20698074579048e-07,0.000766160536877805
40719.7311988284,-1.02329945499194e-06,4.00971792063671e-06,8.29352110878464e-08,0.00020087792375542,6.28390893242572e-09,1.52198710021022e-05,-7.10804827631767e-07,0.000760883705277916
41002.1285781671,-1.00925318243e-06,3.98221502226774e-06,8.17969968830155e-08,0.000199494369527523,6.19766542440688e-09,1.51150438224916e-05,-7.01047388178897e-07,0.000755643217040143
41286.4844252437,-9.95399703227317e-07,3.95489921669782e-06,8.06744000995438e-08,0.000198120345003125,6.11260532455973e-09,1.50109386707989e-05,-6.91423891956372e-07,0.00075043882185793
41572.812322323,-9.81736371512802e-07,3.92776926315681e-06,7.95672065488065e-08,0.000196755784534474,6.02871240107137e-09,1.49075505732599e-05,-6.819325002912e-07,0.000745270271148586
41861.1259458642,-9.68260577717959e-07,3.9008239284394e-06,7.84752049770507e-08,0.000195400622926227,5.945970644588e-09,1.48048745903848e-05,-6.725713997502e-07,0.000740137318041427
42151.4390671752,-9.54969748078988e-07,3.87406198687312e-06,7.7398187025251e-08,0.000194054795432327,5.86436426517076e-09,1.47029058167215e-05,-6.63338801793511e-07,0.000735039717365977
42443.7655530697,-9.41861344145804e-07,3.84748222028616e-06,7.63359471895181e-08,0.000192718237752907,5.78387768929349e-09,1.46016393806213e-05,-6.54232942432901e-07,0.000729977225640269
42738.1193665299,-9.28932862297708e-07,3.82108341797499e-06,7.52882827820404e-08,0.000191390886031206,5.70449555688112e-09,1.4501070444005e-05,-6.45252081894726e-07,0.000724949601059206
43034.5145673733,-9.16181833265762e-07,3.79486437667189e-06,7.42549938925644e-08,0.000190072676850516,5.62620271838872e-09,1.44011942021321e-05,-6.36394504287556e-07,0.000719956603483027
43332.9653129246,-9.03605821661644e-07,3.76882390051218e-06,7.32358833503949e-08,0.000188763547231147,5.54898423192015e-09,1.43020058833702e-05,-6.27658517274322e-07,0.000714997994425822
43633.4858586911,-8.91202425513018e-07,3.74296080100146e-06,7.22307566869182e-08,0.000187463434627408,5.4728253603863e-09,1.42035007489671e-05,-6.19042451749003e-07,0.00071007353704416
43936.0905590448,-8.78969275805217e-07,3.71727389698252e-06,7.12394220986305e-08,0.000186172276924615,5.39771156870184e-09,1.41056740928237e-05,-6.10544661517711e-07,0.000705182996125765
44240.7938679069,-8.66904036029253e-07,3.6917620146023e-06,7.02616904106772e-08,0.000184890012436122,5.32362852102044e-09,1.4008521241269e-05,-6.02163522984201e-07,0.000700326138078291
44547.6103394389,-8.55004401735975e-07,3.66642398727852e-06,6.92973750408823e-08,0.00018361657990036,5.25056207800751e-09,1.39120375528365e-05,-5.93897434839645e-07,0.000695502730918161
44856.5546287376,-8.43268100096387e-07,3.64125865566645e-06,6.83462919642754e-08,0.000182351918477912,5.17849829415047e-09,1.38162184180417e-05,-5.85744817756712e-07,0.000690712544259496
45167.641492535,-8.31692889467932e-07,3.61626486762526e-06,6.74082596780956e-08,0.000181095967748596,5.10742341510529e-09,1.37210592591619e-05,-5.77704114087809e-07,0.000685955349303099
45480.8857899031,-8.20276558966783e-07,3.59144147818454e-06,6.64830991672796e-08,0.000179848667708577,5.03732387507977e-09,1.3626555530017e-05,-5.69773787567501e-07,0.000681230918825545
45796.3024829641,-8.09016928045935e-07,3.56678734951052e-06,6.55706338704144e-08,0.000178609958767494,4.96818629425206e-09,1.35327027157521e-05,-5.61952323018974e-07,0.000676539027168312
46113.9066376045,-7.97911846079136e-07,3.54230135087237e-06,6.46706896461599e-08,0.000177379781745606,4.89999747622482e-09,1.34394963326212e-05,-5.54238226064573e-07,0.000671879450227022
46433.713424195,-7.86959191950461e-07,3.51798235860824e-06,6.37830947401248e-08,0.000176158077870962,4.83274440551383e-09,1.33469319277729e-05,-5.46630022840268e-07,0.000667251965440721
46755.7381183149,-7.76156873649573e-07,3.4938292560914e-06,6.2907679752199e-08,0.000174944788776589,4.76641424507111e-09,1.32550050790372e-05,-5.39126259714081e-07,0.000662656351781266
47079.9961014825,-7.65502827872469e-07,3.46984093369618e-06,6.20442776043275e-08,0.000173739856497696,4.70099433384173e-09,1.31637113947142e-05,-5.31725503008342e-07,0.000658092389742755
47406.5028618884,-7.54995019627757e-07,3.4460162887639e-06,6.11927235087285e-08,0.000172543223468904,4.63647218435412e-09,1.30730465133634e-05,-5.2442633872579e-07,0.000653559861331055
47735.2739951367,-7.44631441848275e-07,3.42235422556876e-06,6.03528549365408e-08,0.000171354832521486,4.57283548034307e-09,1.29830061035958e-05,-5.17227372279402e-07,0.000649058550053383
48066.3252049891,-7.34410115008085e-07,3.39885365528366e-06,5.95245115869033e-08,0.000170174626880637,4.51007207440551e-09,1.2893585863866e-05,-5.10127228225964e-07,0.000644588240907974
48399.6723041153,-7.24329086744663e-07,3.37551349594597e-06,5.87075353564528e-08,0.000169002550162754,4.44816998568793e-09,1.28047815222668e-05,-5.03124550003263e-07,0.000640148720373805
48735.331214848,-7.14386431486324e-07,3.35233267242326e-06,5.79017703092431e-08,0.000167838546372739,4.38711739760586e-09,1.27165888363248e-05,-4.96217999670924e-07,0.000635739776400406
49073.317969944,-7.04580250084697e-07,3.32931011637903e-06,5.71070626470676e-08,0.00016668255990132,4.32690265559397e-09,1.26290035927971e-05,-4.8940625765477e-07,0.000631361198397725
49413.6487133493,-6.94908669452292e-07,3.30644476623841e-06,5.63232606801956e-08,0.00016553453552239,4.26751426488739e-09,1.25420216074703e-05,-4.82688022494721e-07,0.000627012777226077
49756.3397009709,-6.85369842204988e-07,3.28373556715378e-06,5.55502147985002e-08,0.000164394418390362,4.20894088833302e-09,1.24556387249599e-05,-4.76062010596125e-07,0.000622694305186151
50101.4073014524,-6.75961946309459e-07,3.26118147097048e-06,5.47877774429875e-08,0.000163262154037553,4.15117134423096e-09,1.23698508185116e-05,-4.69526955984533e-07,0.000618405576009094
50448.8679969571,-6.66683184735403e-07,3.23878143619238e-06,5.40358030777089e-08,0.000162137688371567,4.09419460420522e-09,1.22846537898042e-05,-4.63081610063809e-07,0.000614146384846657
50798.7383839539,-6.57531785112565e-07,3.21653442794759e-06,5.32941481620609e-08,0.000161020967672716,4.03799979110379e-09,1.22000435687531e-05,-4.5672474137759e-07,0.000609916528261416
51151.0351740109,-6.48505999392441e-07,3.19443941795407e-06,5.25626711234609e-08,0.000159911938591445,3.98257617692715e-09,1.2116016113316e-05,-4.50455135373993e-07,0.00060571580421705
51505.7751945938,-6.39604103514625e-07,3.17249538448523e-06,5.18412323303973e-08,0.000158810548145782,3.92791318078527e-09,1.20325674092992e-05,-4.44271594173573e-07,0.000601544012068697
51862.9753898685,-6.30824397077748e-07,3.15070131233568e-06,5.11296940658491e-08,0.000157716743718804,3.87400036688253e-09,1.19496934701661e-05,-4.38172936340458e-07,0.00059740095255337
52222.6528215118,-6.2216520301489e-07,3.1290561927868e-06,5.04279205010647e-08,0.000156630473056116,3.82082744253001e-09,1.18673903368459e-05,-4.3215799665662e-07,0.000593286427780438
52584.8246695256,-6.13624867273492e-07,3.10755902357251e-06,4.97357776697037e-08,0.000155551684263356,3.76838425618519e-09,1.17856540775447e-05,-4.26225625899259e-07,0.00058920024122218
52949.5082330576,-6.05201758499601e-07,3.08620880884492e-06,4.90531334423279e-08,0.00015448032580371,3.71666079551823e-09,1.17044807875575e-05,-4.20374690621227e-07,0.000585142197704394
53316.7209312277,-5.96894267726499e-07,3.06500455914013e-06,4.83798575012442e-08,0.000153416346495447,3.66564718550491e-09,1.16238665890809e-05,-4.14604072934476e-07,0.000581112103397078
53686.4803039601,-5.88700808067553e-07,3.04394529134393e-06,4.7715821315689e-08,0.00015235969550947,3.61533368654543e-09,1.15438076310282e-05,-4.08912670296475e-07,0.000577109765805172
54058.8040128205,-5.80619814413314e-07,3.02303002865768e-06,4.70608981173527e-08,0.000151310322366888,3.56571069260907e-09,1.14643000888449e-05,-4.03299395299564e-07,0.000573134993759367
54433.709841861,-5.72649743132738e-07,3.00225780056412e-06,4.64149628762383e-08,0.000150268176936597,3.51676872940414e-09,1.1385340164326e-05,-3.97763175463187e-07,0.000569187597406968
54811.215698468,-5.64789071778533e-07,2.98162764279326e-06,4.57778922768509e-08,0.000149233209432885,3.46849845257307e-09,1.13069240854342e-05,-3.92302953028994e-07,0.000565267388202838
55191.3396142186,-5.57036298796519e-07,2.96113859728833e-06,4.51495646947109e-08,0.00014820537041305,3.420890645912e-09,1.12290481061196e-05,-3.8691768475874e-07,0.000561374178900381
55574.0997457415,-5.49389943238996e-07,2.94078971217179e-06,4.45298601731906e-08,0.000147184610775035,3.37393621961495e-09,1.11517085061404e-05,-3.81606341734973e-07,0.000557507783542609
55959.5143755845,-5.41848544482019e-07,2.92058004171131e-06,4.39186604006645e-08,0.00014617088175508,3.32762620854172e-09,1.10749015908851e-05,-3.7636790916444e-07,0.000553668017453252
56347.6019130871,-5.34410661946578e-07,2.90050864628596e-06,4.33158486879758e-08,0.000145164134925389,3.28195177050982e-09,1.09986236911961e-05,-3.71201386184211e-07,0.000549854697227948
56738.380895261,-5.2707487482357e-07,2.88057459235228e-06,4.27213099462065e-08,0.000144164322191814,3.23690418460942e-09,1.09228711631935e-05,-3.66105785670449e-07,0.000546067640725472
57131.8699876742,-5.19839781802572e-07,2.86077695241058e-06,4.21349306647558e-08,0.000143171395791555,3.19247484954164e-09,1.08476403881017e-05,-3.61080134049817e-07,0.000542306667059049
57528.0879853436,-5.12704000804305e-07,2.84111480497117e-06,4.15565988897145e-08,0.000142185308290876,3.14865528197934e-09,1.07729277720757e-05,-3.56123471113459e-07,0.000538571596587702
57927.053813632,-5.05666168716798e-07,2.8215872345208e-06,4.09862042025383e-08,0.000141206012582837,3.10543711495054e-09,1.06987297460298e-05,-3.51234849833555e-07,0.000534862250907687
58328.7865291527,-4.98724941135131e-07,2.80219333148901e-06,4.042363769901e-08,0.000140233461885038,3.06281209624374e-09,1.06250427654663e-05,-3.46413336182371e-07,0.000531178452843957
58733.3053206791,-4.91878992104792e-07,2.78293219221469e-06,3.98687919684916e-08,0.000139267609737388,3.0207720868353e-09,1.05518633103066e-05,-3.41658008953815e-07,0.000527520026441713
59140.6295100621,-4.8512701386851e-07,2.76380291891265e-06,3.93215610734586e-08,0.000138308409999875,2.9793090593381e-09,1.04791878847225e-05,-3.36967959587421e-07,0.000523886796957991
59550.7785531519,-4.78467716616595e-07,2.74480461964031e-06,3.87818405293154e-08,0.000137355816850367,2.93841509647161e-09,1.04070130169694e-05,-3.32342291994774e-07,0.000520278590853324
59963.7720407286,-4.71899828240675e-07,2.72593640826442e-06,3.82495272844853e-08,0.000136409784782415,2.89808238955274e-09,1.03353352592198e-05,-3.27780122388288e-07,0.000516695235783445
60379.6296994364,-4.65422094090834e-07,2.70719740442793e-06,3.77245197007749e-08,0.000135470268603083,2.85830323700756e-09,1.0264151187399e-05,-3.23280579112364e-07,0.000513136560591066
60798.3713927276,-4.59033276736053e-07,2.68858673351688e-06,3.72067175340047e-08,0.00013453722343078,2.81907004290308e-09,1.01934574010209e-05,-3.18842802476844e-07,0.000509602395297692
61220.0171218097,-4.52732155727972e-07,2.67010352662745e-06,3.66960219149074e-08,0.000133610604693119,2.78037531549942e-09,1.01232505230258e-05,-3.14465944592761e-07,0.000506092571095515
61644.5870266023,-4.46517527367849e-07,2.65174692053303e-06,3.61923353302843e-08,0.000132690368124782,2.74221166582159e-09,1.00535271996187e-05,-3.10149169210342e-07,0.000502606920339339
62072.1013866976,-4.4038820447676e-07,2.63351605765149e-06,3.56955616044226e-08,0.000131776469765408,2.70457180625094e-09,9.98428410010895e-06,-3.05891651559237e-07,0.000499145276538585
62502.5806223305,-4.3434301616891e-07,2.61541008601237e-06,3.52056058807649e-08,0.000130868865957487,2.66744854913582e-09,9.91551791675119e-06,-3.01692578190933e-07,0.000495707474349329
62936.0452953524,-4.28380807628088e-07,2.59742815922441e-06,3.47223746038305e-08,0.000129967513344272,2.63083480542127e-09,9.84722536458707e-06,-2.97551146823342e-07,0.000492293349566413
63372.5161102152,-4.22500439887156e-07,2.5795694364429e-06,3.42457755013832e-08,0.00012907236886771,2.59472358329749e-09,9.77940318128814e-06,-2.93466566187515e-07,0.000488902739115596
63812.0139149584,-4.16700789610591e-07,2.56183308233743e-06,3.37757175668445e-08,0.000128183389766381,2.55910798686682e-09,9.71204812700005e-06,-2.89438055876463e-07,0.000485535481045773
64254.5597022062,-4.10980748879987e-07,2.54421826705949e-06,3.33121110419455e-08,0.000127300533573449,2.52398121482884e-09,9.6451569841875e-06,-2.85464846196052e-07,0.00048219141452123
64700.1746101695,-4.05339224982515e-07,2.52672416621031e-06,3.28548673996188e-08,0.000126423758114642,2.48933655918372e-09,9.57872655748055e-06,-2.81546178017949e-07,0.000478870379813974
65148.8799236562,-3.99775140202274e-07,2.50934996080879e-06,3.2403899327121e-08,0.000125553021506225,2.45516740395306e-09,9.51275367352173e-06,-2.77681302634574e-07,0.000475572218296091
65600.697075087,-3.94287431614512e-07,2.49209483725953e-06,3.19591207093907e-08,0.000124688282153003,2.42146722391842e-09,9.44723518081448e-06,-2.73869481616064e-07,0.000472296772432184
66055.6476455202,-3.88875050882656e-07,2.47495798732092e-06,3.15204466126294e-08,0.000123829498746331,2.38822958337702e-09,9.3821679495723e-06,-2.7010998666918e-07,0.000469043885771835
66513.7533656814,-3.83536964058151e-07,2.45793860807346e-06,3.10877932681114e-08,0.00012297663026214,2.35544813491453e-09,9.31754887156934e-06,-2.66402099498163e-07,0.000465813402942145
66975.0361170023,-3.78272151383008e-07,2.44103590188807e-06,3.06610780562118e-08,0.000122129635958973,2.32311661819466e-09,9.25337485999164e-06,-2.62745111667494e-07,0.000462605169640303
67439.5179326655,-3.73079607095105e-07,2.4242490763946e-06,3.02402194906566e-08,0.000121288475376042,2.29122885876531e-09,9.18964284928967e-06,-2.59138324466546e-07,0.000459419032626226
67907.2209986571,-3.67958339236111e-07,2.40757734445039e-06,2.98251372029846e-08,0.000120453108331287,2.259778766881e-09,9.12634979503172e-06,-2.5558104877608e-07,0.000456254839715229
68378.167654826,-3.62907369462088e-07,2.39101992410902e-06,2.94157519272256e-08,0.000119623494919461,2.22876033634164e-09,9.06349267375846e-06,-2.5207260493659e-07,0.000453112439770767
68852.3803959518,-3.57925732856656e-07,2.37457603858913e-06,2.90119854847855e-08,0.000118799595510218,2.19816764334688e-09,9.00106848283824e-06,-2.48612322618439e-07,0.000449991682697209
69329.8818728181,-3.5301247774675e-07,2.35824491624334e-06,2.86137607695403e-08,0.000117981370746224,2.16799484536649e-09,8.9390742403238e-06,-2.45199540693795e-07,0.000446892419432675
69810.6948932956,-3.48166665520878e-07,2.34202579052736e-06,2.82210017331329e-08,0.000117168781541267,2.13823618002589e-09,8.87750698480946e-06,-2.41833607110306e-07,0.000443814501941908
70294.8424234306,-3.43387370449896e-07,2.32591789996917e-06,2.78336333704723e-08,0.000116361789078396,2.10888596400725e-09,8.8163637752898e-06,-2.3851387876653e-07,0.000440757783209216
70782.3475885425,-3.38673679510219e-07,2.30992048813834e-06,2.74515817054298e-08,0.000115560354808062,2.07993859196535e-09,8.7556416910189e-06,-2.35239721389053e-07,0.000437722117231437
71273.2336743282,-3.34024692209478e-07,2.29403280361545e-06,2.70747737767333e-08,0.000114764440446275,2.05138853545855e-09,8.69533783137086e-06,-2.32010509411311e-07,0.000434707359010978
71767.5241279742,-3.29439520414552e-07,2.2782540999617e-06,2.67031376240522e-08,0.000113974007972776,2.02323034189415e-09,8.63544931570104e-06,-2.28825625854066e-07,0.000431713364548879
72265.2425592773,-3.2491728818197e-07,2.26258363568854e-06,2.63366022742747e-08,0.000113189019629216,1.99545863348845e-09,8.57597328320843e-06,-2.2568446220753e-07,0.000428739990837941
72766.4127417709,-3.20457131590635e-07,2.24702067422756e-06,2.59750977279726e-08,0.000112409437917355,1.96806810624085e-09,8.51690689279894e-06,-2.22586418315098e-07,0.000425787095855897
73271.058613862,-3.16058198576839e-07,2.23156448390038e-06,2.56185549460505e-08,0.000111635225597268,1.94105352892209e-09,8.45824732294948e-06,-2.19530902258683e-07,0.000422854538558623
73779.2042799737,-3.11719648771554e-07,2.21621433788875e-06,2.52669058365798e-08,0.000110866345685562,1.9144097420764e-09,8.39999177157326e-06,-2.1651733024563e-07,0.000419942178873409
74290.8740116972,-3.07440653339936e-07,2.20096951420474e-06,2.49200832418101e-08,0.000110102761453613,1.88813165703716e-09,8.34213745588569e-06,-2.13545126497165e-07,0.000417049877692259
74806.0922489501,-3.03220394823052e-07,2.18582929566111e-06,2.45780209253622e-08,0.000109344436425806,1.86221425495625e-09,8.28468161227152e-06,-2.10613723138397e-07,0.000414177496865259
75324.8836011454,-2.99058066981758e-07,2.17079296984169e-06,2.42406535595925e-08,0.000108591334377796,1.8366525858465e-09,8.22762149615262e-06,-2.07722560089813e-07,0.000411324899193966
75847.2728483651,-2.94952874642739e-07,2.15585982907211e-06,2.39079167131341e-08,0.000107843419334772,1.81144176763743e-09,8.17095438185693e-06,-2.04871084960274e-07,0.000408491948424868
76373.2849425456,-2.90904033546638e-07,2.14102917039037e-06,2.35797468386057e-08,0.00010710065556974,1.78657698524379e-09,8.11467756248804e-06,-2.02058752941469e-07,0.000405678509242864
76902.9450086679,-2.86910770198296e-07,2.12630029551782e-06,2.3256081260491e-08,0.000106363007601814,1.76205348964695e-09,8.05878834979596e-06,-1.9928502670383e-07,0.00040288444726481
77436.2783459591,-2.82972321719017e-07,2.11167251083011e-06,2.29368581631821e-08,0.000105630440194521,1.73786659698881e-09,8.00328407404852e-06,-1.96549376293862e-07,0.000400109629033095
77973.3104290997,-2.79087935700887e-07,2.09714512732829e-06,2.2622016579189e-08,0.000104902918354118,1.71401168767823e-09,7.94816208390385e-06,-1.93851279032899e-07,0.00039735392200927
78514.0669094413,-2.7525687006307e-07,2.08271746061011e-06,2.23114963775082e-08,0.000104180407327915,1.69048420550955e-09,7.89341974628359e-06,-1.91190219417233e-07,0.000394617194567717
79058.5736162311,-2.71478392910095e-07,2.06838883084138e-06,2.20052382521528e-08,0.000103462872602619,1.66727965679333e-09,7.83905444624712e-06,-1.88565689019626e-07,0.000391899315989362
79606.8565578463,-2.67751782392063e-07,2.05415856272751e-06,2.17031837108378e-08,0.000102750279902681,1.64439360949889e-09,7.7850635868665e-06,-1.85977186392164e-07,0.000389200156455429
80158.9419230357,-2.64076326566801e-07,2.04002598548519e-06,2.14052750638223e-08,0.00010204259518866,1.62182169240873e-09,7.73144458910249e-06,-1.8342421697046e-07,0.000386519587041245
80714.8560821713,-2.60451323263882e-07,2.02599043281414e-06,2.11114554129026e-08,0.000101339784655594,1.59955959428435e-09,7.67819489168111e-06,-1.80906292979152e-07,0.000383857479710077
81274.6255885071,-2.56876079950526e-07,2.01205124286909e-06,2.08216686405579e-08,0.000100641814731386,1.57760306304373e-09,7.62531195097139e-06,-1.78422933338713e-07,0.000381213707307021
81838.2771794484,-2.53349913599332e-07,1.99820775823183e-06,2.05358593992434e-08,9.99486520751989e-05,1.55594790494985e-09,7.5727932408637e-06,-1.75973663573536e-07,0.000378588143552924
82405.8377778279,-2.49872150557833e-07,1.9844593258834e-06,2.02539731008313e-08,9.92602635758604e-05,1.53458998381054e-09,7.52063625264911e-06,-1.73558015721279e-07,0.000375980663038357
82977.3344931927,-2.46442126419831e-07,1.97080529717644e-06,1.99759559061946e-08,9.85766163502829e-05,1.51352522018911e-09,7.4688384948994e-06,-1.71175528243455e-07,0.000373391141217621
83552.7946230977,-2.43059185898507e-07,1.95724502780768e-06,1.9701754714936e-08,9.7897677741891e-05,1.49274959062595e-09,7.4173974933481e-06,-1.68825745937254e-07,0.000370819454402803
84132.2456544116,-2.39722682701267e-07,1.94377787779052e-06,1.94313171552556e-08,9.722341531906e-05,1.4722591268707e-09,7.36631079077215e-06,-1.66508219848565e-07,0.000368265479757865
84715.7152646274,-2.36431979406301e-07,1.93040321142783e-06,1.91645915739586e-08,9.65537968735671e-05,1.45204991512499e-09,7.31557594687452e-06,-1.64222507186206e-07,0.000365729095292779
85303.2313231867,-2.33186447340847e-07,1.91712039728478e-06,1.89015270265989e-08,9.58887904190509e-05,1.43211809529555e-09,7.26519053816758e-06,-1.61968171237317e-07,0.000363210179857696
85894.8218928089,-2.29985466461116e-07,1.90392880816191e-06,1.86420732677595e-08,9.5228364189484e-05,1.41245986025753e-09,7.21515215785729e-06,-1.59744781283927e-07,0.000360708613137166
86490.5152308334,-2.26828425233862e-07,1.89082782106824e-06,1.83861807414634e-08,9.45724866376533e-05,1.39307145512796e-09,7.16545841572815e-06,-1.57551912520655e-07,0.000358224275644388
87090.3397905676,-2.23714720519592e-07,1.87781681719462e-06,1.81338005717188e-08,9.3921126433654e-05,1.37394917654915e-09,7.11610693802904e-06,-1.55389145973553e-07,0.000355757048715502
87694.3242226474,-2.20643757457362e-07,1.86489518188713e-06,1.78848845531917e-08,9.32742524633906e-05,1.35508937198189e-09,7.06709536735968e-06,-1.5325606842005e-07,0.000353306814503924
88302.4973764047,-2.17614949351163e-07,1.85206230462068e-06,1.7639385142008e-08,9.26318338270915e-05,1.33648843900839e-09,7.01842136255811e-06,-1.51152272310005e-07,0.000350873455974714
88914.8883012464,-2.14627717557858e-07,1.83931757897267e-06,1.73972554466796e-08,9.19938398378311e-05,1.3181428246447e-09,6.97008259858866e-06,-1.49077355687838e-07,0.000348456856898988
89531.5262480405,-2.11681491376673e-07,1.8266604025969e-06,1.71584492191573e-08,9.13602400200644e-05,1.30004902466266e-09,6.92207676643099e-06,-1.47030922115736e-07,0.00034605690184837
90152.440670515,-2.0877570794018e-07,1.81409017719748e-06,1.69229208460042e-08,9.07310041081689e-05,1.28220358292098e-09,6.87440157296962e-06,-1.45012580597904e-07,0.00034367347618947
90777.661226663,-2.05909812106801e-07,1.80160630850302e-06,1.66906253396917e-08,9.01061020450004e-05,1.26460309070574e-09,6.82705474088447e-06,-1.43021945505863e-07,0.000341306466078418
91407.217780161,-2.03083256354766e-07,1.78920820624084e-06,1.64615183300134e-08,8.94855039804546e-05,1.24724418607964e-09,6.7800340085419e-06,-1.41058636504772e-07,0.00033895575845542
92041.1404017939,-2.00295500677541e-07,1.77689528411138e-06,1.62355560556178e-08,8.88691802700421e-05,1.2301235532404e-09,6.73333712988679e-06,-1.39122278480763e-07,0.000336621241039363
92679.4593708925,-1.9754601248068e-07,1.76466695976271e-06,1.60126953556562e-08,8.82571014734705e-05,1.21323792188784e-09,6.68696187433505e-06,-1.37212501469263e-07,0.000334302802322445
93322.2051767786,-1.94834266480107e-07,1.75252265476525e-06,1.57928936615464e-08,8.76492383532388e-05,1.19658406659969e-09,6.64090602666718e-06,-1.35328940584321e-07,0.000332000331564859
93969.4085202226,-1.9215974460177e-07,1.74046179458651e-06,1.55761089888471e-08,8.70455618732388e-05,1.1801588062159e-09,6.59516738692228e-06,-1.33471235948878e-07,0.000329713718789493
94621.1003149089,-1.89521935882699e-07,1.72848380856606e-06,1.53622999292459e-08,8.6446043197369e-05,1.16395900323144e-09,6.54974377029306e-06,-1.31639032626023e-07,0.000327442854776688
95277.3116889132,-1.86920336373402e-07,1.71658812989059e-06,1.51514256426558e-08,8.58506536881551e-05,1.14798156319741e-09,6.50463300702129e-06,-1.29831980551166e-07,0.00032518763105901
95938.0739861886,-1.84354449041609e-07,1.70477419556916e-06,1.49434458494209e-08,8.52593649053832e-05,1.1322234341304e-09,6.45983294229429e-06,-1.28049734465163e-07,0.000322947939916079
96603.4187680637,-1.81823783677334e-07,1.69304144640848e-06,1.47383208226276e-08,8.46721486047388e-05,1.11668160592981e-09,6.41534143614177e-06,-1.26291953848343e-07,0.000320723674369417
97273.3778147489,-1.79327856799245e-07,1.68138932698847e-06,1.45360113805231e-08,8.4088976736459e-05,1.10135310980337e-09,6.37115636333378e-06,-1.24558302855456e-07,0.000318514728177344
97947.983126856,-1.76866191562305e-07,1.66981728563781e-06,1.43364788790359e-08,8.35098214439906e-05,1.08623501770033e-09,6.32727561327897e-06,-1.22848450251498e-07,0.000316320995829899
98627.2669269249,-1.74438317666702e-07,1.65832477440973e-06,1.41396852044007e-08,8.29346550626602e-05,1.07132444175262e-09,6.28369708992388e-06,-1.21162069348431e-07,0.000314142372543802
99311.2616609643,-1.72043771268008e-07,1.64691124905789e-06,1.39455927658825e-08,8.23634501183512e-05,1.05661853372343e-09,6.2404187116527e-06,-1.19498837942762e-07,0.00031197875425745
100000,-1.69682094888583e-07,1.63557616901239e-06,1.37541644886023e-08,8.17961793261916e-05,1.04211448446362e-09,6.19743841118785e-06,-1.17858438253984e-07,0.000309830037625947
