Frequency_Hz,Y11_Real,Y11_Imag,Y12_Real,Y12_Imag,Y21_Real,Y21_Imag,Y22_Real,Y22_Imag
0.1,0.53409777974302,-0.00553124347317118,0.143862873435913,-0.000636792192390439,0.143862873435913,-0.000636792192390438,-0.699938717464218,-6.89251711773337e-05
0.100693514841637,0.534097359105812,-0.00556962641726947,0.143862965908713,-0.000641218045005682,0.143862965908713,-0.000641218045005681,-0.699939931320737,-6.93437431758051e-05
0.10139183931163,0.534096932556459,-0.00560827602965178,0.14386305965283,-0.000645674791893481,0.14386305965283,-0.000645674791893481,-0.699941161994594,-6.97639765181446e-05
0.102095006765465,0.534096500011068,-0.00564719416955526,0.143863154685519,-0.000650162651476191,0.143863154685519,-0.000650162651476191,-0.699942409717691,-7.01858568437699e-05
0.102803050789954,0.534096061384539,-0.00568638270931285,0.143863251024264,-0.000654681843777164,0.143863251024264,-0.000654681843777163,-0.699943674725099,-7.06093691546991e-05
0.103516005204838,0.534095616590539,-0.00572584353444803,0.143863348686779,-0.00065923259043361,0.143863348686779,-0.000659232590433609,-0.699944957255096,-7.10344978000627e-05
0.104233904064403,0.534095165541487,-0.00576557854377047,0.143863447691011,-0.000663815114709585,0.143863447691011,-0.000663815114709585,-0.699946257549215,-7.14612264602829e-05
0.104956781659108,0.534094708148535,-0.00580558964947246,0.143863548055144,-0.000668429641509145,0.143863548055144,-0.000668429641509143,-0.699947575852283,-7.18895381307538e-05
0.105684672517218,0.534094244321549,-0.00584587877722593,0.143863649797602,-0.00067307639738956,0.143863649797602,-0.00067307639738956,-0.699948912412469,-7.23194151053819e-05
0.106417611406461,0.534093773969089,-0.00588644786628033,0.14386375293705,-0.000677755610574718,0.14386375293705,-0.000677755610574718,-0.699950267481326,-7.27508389596621e-05
0.10715563333568,0.534093296998391,-0.00592729886956133,0.143863857492399,-0.00068246751096863,0.143863857492399,-0.00068246751096863,-0.699951641313837,-7.31837905333724e-05
0.107898773556513,0.534092813315343,-0.0059684337537701,0.14386396348281,-0.000687212330169071,0.14386396348281,-0.000687212330169072,-0.69995303416846,-7.36182499129143e-05
0.108647067565072,0.534092322824473,-0.00600985449948363,0.143864070927693,-0.000691990301481378,0.143864070927693,-0.000691990301481378,-0.699954446307177,-7.40541964133062e-05
0.109400551103639,0.534091825428918,-0.00605156310125557,0.143864179846714,-0.000696801659932339,0.143864179846714,-0.000696801659932338,-0.699955877995535,-7.44916085598235e-05
0.110159260162376,0.534091321030413,-0.00609356156771806,0.143864290259797,-0.000701646642284266,0.143864290259797,-0.000701646642284266,-0.699957329502703,-7.49304640691381e-05
0.11092323098104,0.534090809529261,-0.00613585192168426,0.143864402187125,-0.000706525487049192,0.143864402187125,-0.000706525487049192,-0.69995880110151,-7.53707398300774e-05
0.111692500050717,0.53409029082432,-0.0061784362002517,0.143864515649146,-0.000711438434503196,0.143864515649146,-0.000711438434503196,-0.6999602930685,-7.58124118840769e-05
0.112467104115564,0.534089764812975,-0.0062213164549065,0.143864630666575,-0.000716385726700896,0.143864630666575,-0.000716385726700895,-0.699961805683981,-7.62554554051206e-05
0.113247080174565,0.534089231391116,-0.00626449475162826,0.143864747260399,-0.000721367607490054,0.143864747260399,-0.000721367607490054,-0.699963339232071,-7.66998446792636e-05
0.114032465483296,0.534088690453119,-0.00630797317099603,0.143864865451875,-0.000726384322526379,0.143864865451875,-0.000726384322526379,-0.699964894000754,-7.714555308376e-05
0.114823297555707,0.534088141891823,-0.00635175380829486,0.143864985262541,-0.000731436119288432,0.143864985262541,-0.000731436119288431,-0.699966470281926,-7.75925530656502e-05
0.115619614165913,0.534087585598501,-0.00639583877362329,0.143865106714213,-0.000736523247092689,0.143865106714213,-0.000736523247092687,-0.699968068371451,-7.8040816120048e-05
0.116421453349997,0.534087021462842,-0.00644023019200182,0.14386522982899,-0.000741645957108792,0.14386522982899,-0.000741645957108791,-0.699969688569211,-7.8490312767833e-05
0.117228853407829,0.534086449372927,-0.006484930203482,0.14386535462926,-0.000746804502374916,0.14386535462926,-0.000746804502374916,-0.699971331179162,-7.89410125329112e-05
0.118041852904894,0.534085869215199,-0.00652994096325657,0.143865481137701,-0.000751999137813317,0.143865481137701,-0.000751999137813317,-0.699972996509383,-7.93928839190397e-05
0.118860490674132,0.534085280874445,-0.00657526464177037,0.143865609377284,-0.000757230120246022,0.143865609377284,-0.000757230120246022,-0.699974684872135,-7.98458943860117e-05
0.1196848058178,0.534084684233765,-0.00662090342483229,0.143865739371277,-0.000762497708410697,0.143865739371277,-0.000762497708410696,-0.699976396583916,-8.0300010325586e-05
0.120514837709331,0.534084079174551,-0.0066668595137278,0.143865871143252,-0.000767802162976662,0.143865871143252,-0.000767802162976661,-0.699978131965513,-8.07551970366596e-05
0.12135062599522,0.534083465576458,-0.00671313512533276,0.143866004717082,-0.000773143746561095,0.143866004717082,-0.000773143746561094,-0.699979891342063,-8.12114187000584e-05
0.122192210596917,0.534082843317378,-0.00675973249222788,0.143866140116949,-0.000778522723745375,0.143866140116949,-0.000778522723745374,-0.699981675043108,-8.16686383527804e-05
0.123039631712731,0.534082212273415,-0.00680665386281413,0.143866277367349,-0.00078393936109162,0.143866277367349,-0.000783939361091618,-0.699983483402653,-8.21268178615997e-05
0.123892929819754,0.534081572318853,-0.00685390150142921,0.14386641649309,-0.000789393927159383,0.14386641649309,-0.000789393927159382,-0.699985316759225,-8.25859178962482e-05
0.124752145675793,0.534080923326134,-0.00690147768846475,0.143866557519302,-0.000794886692522523,0.143866557519302,-0.000794886692522522,-0.699987175455934,-8.30458979019788e-05
0.125617320321316,0.534080265165826,-0.00694938472048458,0.143866700471435,-0.000800417929786262,0.143866700471435,-0.000800417929786261,-0.69998905984053,-8.35067160714423e-05
0.126488495081411,0.534079597706595,-0.00699762491034404,0.143866845375267,-0.000805987913604421,0.143866845375267,-0.000805987913604419,-0.699990970265466,-8.39683293162655e-05
0.127365711567764,0.534078920815175,-0.00704620058731002,0.143866992256907,-0.000811596920696828,0.143866992256907,-0.000811596920696827,-0.69999290708796,-8.44306932375888e-05
0.128249011680643,0.534078234356341,-0.00709511409718202,0.143867141142798,-0.000817245229866907,0.143867141142798,-0.000817245229866907,-0.699994870670056,-8.4893762096451e-05
0.129138437610901,0.534077538192877,-0.00714436780241446,0.143867292059718,-0.000822933122019478,0.143867292059718,-0.000822933122019478,-0.699996861378688,-8.53574887832442e-05
0.130034031841991,0.534076832185544,-0.00719396408223953,0.14386744503479,-0.000828660880178723,0.14386744503479,-0.000828660880178722,-0.699998879585744,-8.58218247865999e-05
0.130935837151994,0.53407611619305,-0.00724390533279155,0.143867600095483,-0.000834428789506359,0.143867600095483,-0.000834428789506358,-0.70000092566813,-8.62867201617268e-05
0.131843896615665,0.534075390072021,-0.00729419396723168,0.143867757269613,-0.000840237137319974,0.143867757269613,-0.000840237137319972,-0.700003000007836,-8.67521234979157e-05
0.132758253606487,0.534074653676963,-0.00734483241587436,0.143867916585351,-0.000846086213111615,0.143867916585351,-0.000846086213111615,-0.700005102992002,-8.72179818855179e-05
0.133678951798747,0.534073906860234,-0.00739582312631431,0.143868078071227,-0.000851976308566539,0.143868078071227,-0.000851976308566539,-0.700007235012986,-8.76842408821313e-05
0.134606035169616,0.53407314947201,-0.00744716856355452,0.143868241756131,-0.000857907717582141,0.143868241756131,-0.000857907717582141,-0.700009396468431,-8.81508444781909e-05
0.135539548001256,0.53407238136025,-0.00749887121013583,0.143868407669318,-0.000863880736287175,0.143868407669318,-0.000863880736287176,-0.700011587761333,-8.86177350616288e-05
0.136479534882933,0.534071602370659,-0.00755093356626672,0.143868575840415,-0.000869895663061071,0.143868575840415,-0.000869895663061069,-0.700013809300112,-8.90848533821112e-05
0.137426040713143,0.534070812346659,-0.00760335814995497,0.143868746299421,-0.000875952798553552,0.143868746299421,-0.000875952798553552,-0.700016061498681,-8.95521385142345e-05
0.138379110701763,0.53407001112935,-0.00765614749713986,0.143868919076715,-0.000882052445704423,0.143868919076715,-0.000882052445704422,-0.70001834477652,-9.00195278201593e-05
0.139338790372205,0.534069198557472,-0.00770930416182568,0.143869094203056,-0.000888194909763581,0.143869094203056,-0.000888194909763581,-0.700020659558742,-9.04869569113495e-05
0.140305125563594,0.534068374467372,-0.00776283071621634,0.143869271709591,-0.000894380498311265,0.143869271709591,-0.000894380498311264,-0.700023006276175,-9.09543596095616e-05
0.141278162432955,0.534067538692964,-0.00781672975085084,0.143869451627858,-0.000900609521278483,0.143869451627858,-0.000900609521278481,-0.700025385365426,-9.14216679070087e-05
0.14225794745742,0.534066691065692,-0.00787100387474036,0.143869633989789,-0.000906882290967736,0.143869633989789,-0.000906882290967735,-0.700027797268963,-9.18888119257888e-05
0.143244527436446,0.534065831414491,-0.00792565571550578,0.143869818827715,-0.000913199122073888,0.143869818827715,-0.000913199122073887,-0.700030242435186,-9.23557198762998e-05
0.14423794949405,0.534064959565747,-0.00798068791951699,0.143870006174372,-0.000919560331705342,0.143870006174372,-0.000919560331705342,-0.700032721318506,-9.28223180149262e-05
0.145238261081064,0.534064075343258,-0.00803610315203293,0.143870196062902,-0.000925966239405403,0.143870196062902,-0.000925966239405403,-0.700035234379421,-9.32885306008657e-05
0.146245509977397,0.534063178568194,-0.00809190409734287,0.14387038852686,-0.0009324171671739,0.14387038852686,-0.000932417167173899,-0.700037782084594,-9.3754279851907e-05
0.147259744294318,0.534062269059053,-0.00814809345890905,0.14387058360022,-0.000938913439489047,0.14387058360022,-0.000938913439489045,-0.700040364906934,-9.42194858995493e-05
0.148281012476756,0.534061346631621,-0.00820467395951017,0.143870781317372,-0.000945455383329542,0.143870781317372,-0.000945455383329542,-0.700042983325673,-9.46840667428867e-05
0.149309363305612,0.53406041109893,-0.0082616483413864,0.143870981713138,-0.000952043328196943,0.143870981713138,-0.000952043328196941,-0.700045637826449,-9.51479382018464e-05
0.150344845900091,0.53405946227121,-0.00831901936638525,0.143871184822763,-0.000958677606138231,0.143871184822763,-0.000958677606138229,-0.700048328901388,-9.56110138692554e-05
0.151387509720044,0.534058499955851,-0.00837678981610905,0.143871390681933,-0.000965358551768724,0.143871390681933,-0.000965358551768723,-0.700051057049186,-9.60732050619972e-05
0.152437404568337,0.534057523957354,-0.0084349624920632,0.143871599326769,-0.000972086502295159,0.143871599326769,-0.000972086502295159,-0.700053822775192,-9.65344207711424e-05
0.153494580593225,0.534056534077284,-0.00849354021580607,0.143871810793836,-0.000978861797539097,0.143871810793836,-0.000978861797539097,-0.700056626591494,-9.69945676111902e-05
0.154559088290748,0.534055530114227,-0.00855252582909983,0.143872025120148,-0.000985684779960559,0.143872025120148,-0.000985684779960559,-0.700059469017005,-9.74535497679924e-05
0.155630978507143,0.534054511863742,-0.00861192219406272,0.143872242343171,-0.000992555794681963,0.143872242343171,-0.000992555794681963,-0.700062350577548,-9.79112689458161e-05
0.156710302441275,0.534053479118309,-0.00867173219332258,0.14387246250083,-0.000999475189512309,0.14387246250083,-0.00099947518951231,-0.700065271805945,-9.83676243133946e-05
0.15779711164708,0.534052431667285,-0.00873195873017135,0.143872685631508,-0.00100644331497164,0.143872685631508,-0.00100644331497164,-0.700068233242104,-9.88225124486097e-05
0.158891458036027,0.53405136929685,-0.00879260472872158,0.143872911774059,-0.00101346052431584,0.143872911774059,-0.00101346052431584,-0.700071235433112,-9.92758272822525e-05
0.159993393879601,0.534050291789961,-0.0088536731340633,0.143873140967806,-0.00102052717356162,0.143873140967806,-0.00102052717356162,-0.70007427893332,-9.97274600406592e-05
0.161102971811794,0.534049198926293,-0.00891516691242302,0.143873373252546,-0.00102764362151187,0.143873373252546,-0.00102764362151188,-0.700077364304441,-0.000100177299186911
0.162220244831628,0.534048090482194,-0.00897708905132352,0.14387360866856,-0.00103481022978132,0.14387360866856,-0.00103481022978132,-0.700080492115636,-0.000100625230361237
0.163345266305675,0.534046966230627,-0.00903944255974535,0.143873847256612,-0.0010420273628224,0.143873847256612,-0.0010420273628224,-0.700083662943616,-0.000101071136319832
0.164478089970617,0.534045825941118,-0.00910223046828935,0.143874089057955,-0.00104929538795149,0.143874089057955,-0.0010492953879515,-0.700086877372726,-0.000101514896872663
0.165618769935804,0.534044669379699,-0.00916545582934086,0.143874334114339,-0.00105661467537549,0.143874334114339,-0.00105661467537549,-0.700090135995051,-0.000101956388819928
0.166767360685846,0.534043496308851,-0.00922912171723496,0.143874582468012,-0.00106398559821858,0.143874582468012,-0.00106398559821858,-0.700093439410505,-0.000102395485887218
0.167923917083208,0.534042306487451,-0.00929323122842349,0.143874834161726,-0.00107140853254947,0.143874834161726,-0.00107140853254947,-0.700096788226934,-0.000102832058659387
0.169088494370839,0.534041099670707,-0.00935778748164316,0.14387508923874,-0.00107888385740879,0.14387508923874,-0.00107888385740879,-0.700100183060212,-0.000103265974513184
0.170261148174801,0.534039875610107,-0.00942279361808518,0.143875347742831,-0.00108641195483696,0.143875347742831,-0.00108641195483696,-0.700103624534342,-0.000103697097548219
0.171441934506935,0.534038634053349,-0.00948825280156629,0.143875609718288,-0.00109399320990226,0.143875609718288,-0.00109399320990226,-0.700107113281555,-0.000104125288516929
0.172630909767531,0.534037374744288,-0.00955416821870139,0.143875875209928,-0.00110162801072936,0.143875875209928,-0.00110162801072936,-0.700110649942416,-0.000104550404752803
0.173828130748022,0.534036097422869,-0.00962054307907738,0.143876144263094,-0.00110931674852804,0.143876144263094,-0.00110931674852804,-0.700114235165923,-0.000104972300097407
0.1750336546337,0.534034801825064,-0.00968738061542865,0.14387641692366,-0.00111705981762242,0.14387641692366,-0.00111705981762242,-0.700117869609615,-0.000105390824825718
0.176247539006444,0.534033487682809,-0.00975468408381393,0.143876693238039,-0.00112485761548035,0.143876693238039,-0.00112485761548035,-0.700121553939673,-0.000105805825570154
0.177469841847474,0.534032154723935,-0.00982245676379483,0.143876973253184,-0.00113271054274337,0.143876973253184,-0.00113271054274337,-0.70012528883103,-0.000106217145242928
0.178700621540116,0.534030802672105,-0.00989070195861544,0.143877257016596,-0.0011406190032568,0.143877257016596,-0.0011406190032568,-0.700129074967477,-0.000106624622956922
0.179939936872594,0.534029431246741,-0.00995942299538424,0.143877544576327,-0.00114858340410037,0.143877544576327,-0.00114858340410038,-0.700132913041772,-0.000107028093944993
0.181187847040838,0.534028040162959,-0.0100286232252566,0.143877835980984,-0.00115660415561914,0.143877835980984,-0.00115660415561914,-0.700136803755749,-0.00010742738947761
0.182444411651309,0.534026629131495,-0.0100983060236195,0.143878131279736,-0.00116468167145478,0.143878131279736,-0.00116468167145478,-0.700140747820431,-0.000107822336778723
0.183709690723849,0.534025197858635,-0.0101684747902778,0.143878430522315,-0.00117281636857727,0.143878430522315,-0.00117281636857727,-0.700144745956138,-0.000108212758940393
0.184983744694544,0.534023746046141,-0.0102391329496414,0.143878733759026,-0.00118100866731696,0.143878733759026,-0.00118100866731696,-0.700148798892605,-0.000108598474835075
0.186266634418617,0.534022273391175,-0.0103102839509149,0.143879041040747,-0.00118925899139701,0.143879041040747,-0.00118925899139702,-0.700152907369091,-0.000108979299026729
0.187558421173328,0.534020779586229,-0.0103819312682886,0.143879352418934,-0.00119756776796627,0.143879352418934,-0.00119756776796627,-0.7001570721345,-0.000109355041679762
0.188859166660905,0.534019264319037,-0.0104540784011302,0.143879667945627,-0.00120593542763248,0.143879667945627,-0.00120593542763249,-0.700161293947493,-0.000109725508466441
0.190168933011491,0.534017727272507,-0.0105267288741798,0.143879987673457,-0.00121436240449596,0.143879987673457,-0.00121436240449596,-0.700165573576606,-0.000110090500472296
0.191487782786108,0.534016168124634,-0.010599886237745,0.143880311655645,-0.00122284913618364,0.143880311655645,-0.00122284913618364,-0.700169911800374,-0.00011044981409962
0.192815778979652,0.534014586548424,-0.0106735540678987,0.143880639946009,-0.00123139606388356,0.143880639946009,-0.00123139606388355,-0.700174309407444,-0.000110803240969237
0.194152985023894,0.534012982211806,-0.010747735966678,0.143880972598971,-0.00124000363237977,0.14388097259897,-0.00124000363237976,-0.700178767196699,-0.000111150567820142
0.195499464790516,0.534011354777548,-0.010822435562285,0.143881309669556,-0.00124867229008764,0.143881309669556,-0.00124867229008764,-0.700183285977382,-0.000111491576407247
0.196855282594159,0.534009703903174,-0.0108976565092893,0.143881651213403,-0.00125740248908965,0.143881651213403,-0.00125740248908965,-0.700187866569218,-0.000111826043397184
0.198220503195496,0.534008029240876,-0.0109734024888321,0.143881997286763,-0.00126619468517157,0.143881997286763,-0.00126619468517156,-0.700192509802536,-0.000112153740261786
0.199595191804325,0.534006330437421,-0.0110496772088322,0.143882347946507,-0.0012750493378591,0.143882347946507,-0.0012750493378591,-0.700197216518402,-0.000112474433169737
0.200979414082682,0.534004607134065,-0.0111264844041939,0.14388270325013,-0.00128396691045501,0.14388270325013,-0.00128396691045501,-0.700201987568735,-0.000112787882876039
0.202373236147981,0.534002858966456,-0.0112038278370158,0.143883063255752,-0.00129294787007666,0.143883063255752,-0.00129294787007666,-0.700206823816447,-0.000113093844609238
0.203776724576168,0.534001085564544,-0.0112817112968028,0.143883428022127,-0.00130199268769406,0.143883428022127,-0.00130199268769406,-0.700211726135562,-0.000113392067956311
0.205189946404906,0.533999286552481,-0.0113601386006785,0.143883797608643,-0.00131110183816833,0.143883797608643,-0.00131110183816833,-0.700216695411353,-0.000113682296745687
0.206612969136771,0.533997461548529,-0.0114391135936003,0.143884172075328,-0.0013202758002907,0.143884172075328,-0.0013202758002907,-0.700221732540473,-0.00011396426892761
0.208045860742482,0.533995610164953,-0.011518640148576,0.143884551482853,-0.00132951505682194,0.143884551482853,-0.00132951505682194,-0.700226838431083,-0.000114237716452303
0.209488689664142,0.533993732007927,-0.0115987221668819,0.143884935892537,-0.00133882009453236,0.143884935892537,-0.00133882009453236,-0.70023201400299,-0.000114502365145777
0.210941524818514,0.533991826677426,-0.0116793635782837,0.143885325366348,-0.0013481914042422,0.143885325366348,-0.0013481914042422,-0.700237260187783,-0.000114757934583112
0.212404435600306,0.533989893767122,-0.0117605683412583,0.143885719966911,-0.00135762948086261,0.143885719966911,-0.00135762948086261,-0.700242577928966,-0.000115004137959535
0.21387749188549,0.53398793286428,-0.0118423404432178,0.143886119757507,-0.00136713482343712,0.143886119757507,-0.00136713482343712,-0.700247968182097,-0.000115240681958506
0.215360764034637,0.533985943549646,-0.0119246839007355,0.143886524802079,-0.00137670793518358,0.143886524802079,-0.00137670793518358,-0.700253431914927,-0.000115467266617805
0.21685432289628,0.533983925397334,-0.012007602759774,0.143886935165236,-0.00138634932353674,0.143886935165236,-0.00138634932353675,-0.700258970107536,-0.000115683585192608
0.218358239810298,0.533981877974719,-0.0120911010959143,0.143887350912252,-0.0013960595001912,0.143887350912252,-0.0013960595001912,-0.700264583752481,-0.000115889324016197
0.21987258661132,0.533979800842319,-0.0121751830145883,0.143887772109076,-0.00140583898114504,0.143887772109076,-0.00140583898114503,-0.700270273854931,-0.000116084162357755
0.22139743563216,0.533977693553674,-0.0122598526513118,0.143888198822328,-0.00141568828674394,0.143888198822328,-0.00141568828674393,-0.700276041432814,-0.00011626777227744
0.222932859707273,0.533975555655233,-0.0123451141719205,0.143888631119308,-0.00142560794172584,0.143888631119308,-0.00142560794172584,-0.700281887516959,-0.000116439818478892
0.224478932176229,0.533973386686229,-0.0124309717728072,0.143889069067994,-0.0014355984752662,0.143889069067993,-0.0014355984752662,-0.700287813151245,-0.000116599958158659
0.22603572688722,0.533971186178554,-0.0125174296811615,0.143889512737046,-0.00144566042102379,0.143889512737046,-0.00144566042102379,-0.700293819392742,-0.000116747840852957
0.227603318200585,0.533968953656637,-0.0126044921552117,0.143889962195811,-0.00145579431718708,0.143889962195811,-0.00145579431718708,-0.700299907311863,-0.000116883108281035
0.229181780992365,0.533966688637309,-0.0126921634844677,0.143890417514322,-0.0014660007065212,0.143890417514322,-0.00146600070652121,-0.70030607799251,-0.000117005394186243
0.230771190657875,0.533964390629681,-0.0127804479899673,0.143890878763301,-0.00147628013641553,0.143890878763301,-0.00147628013641553,-0.700312332532228,-0.000117114324173481
0.23237162311531,0.533962059135,-0.0128693500245234,0.143891346014164,-0.0014866331589318,0.143891346014164,-0.0014866331589318,-0.700318672042349,-0.000117209515543698
0.233983154809368,0.533959693646521,-0.0129588739729736,0.143891819339018,-0.00149706033085291,0.143891819339017,-0.00149706033085291,-0.700325097648149,-0.000117290577125409
0.235605862714901,0.533957293649369,-0.0130490242524325,0.143892298810665,-0.00150756221373228,0.143892298810665,-0.00150756221373228,-0.700331610489001,-0.000117357109102961
0.237239824340596,0.533954858620389,-0.0131398053125449,0.143892784502606,-0.00151813937394385,0.143892784502606,-0.00151813937394385,-0.700338211718527,-0.000117408702841285
0.238885117732672,0.533952388028014,-0.0132312216357424,0.143893276489039,-0.00152879238273275,0.143893276489039,-0.00152879238273275,-0.700344902504752,-0.000117444940707506
0.240541821478611,0.533949881332111,-0.0133232777375006,0.143893774844859,-0.0015395218162665,0.143893774844859,-0.0015395218162665,-0.700351684030265,-0.000117465395889443
0.242210014710909,0.533947337983832,-0.0134159781666003,0.143894279645664,-0.001550328255687,0.143894279645664,-0.001550328255687,-0.70035855749237,-0.000117469632210113
0.24388977711086,0.533944757425467,-0.0135093275053887,0.143894790967752,-0.00156121228716305,0.143894790967752,-0.00156121228716305,-0.700365524103249,-0.000117457203939228
0.24558118891236,0.533942139090284,-0.0136033303700449,0.14389530888812,-0.00157217450194366,0.14389530888812,-0.00157217450194365,-0.700372585090118,-0.000117427655600993
0.247284330905736,0.533939482402377,-0.0136979914108452,0.14389583348447,-0.00158321549641181,0.14389583348447,-0.00158321549641181,-0.700379741695388,-0.000117380521778135
0.24899928444161,0.533936786776498,-0.0137933153124332,0.143896364835203,-0.00159433587213921,0.143896364835203,-0.00159433587213921,-0.700386995176826,-0.000117315326912559
0.250726131434783,0.533934051617899,-0.0138893067940897,0.143896903019423,-0.00160553623594146,0.143896903019423,-0.00160553623594146,-0.700394346807717,-0.000117231585101935
0.252464954368146,0.533931276322163,-0.0139859706100063,0.143897448116933,-0.00161681719993406,0.143897448116933,-0.00161681719993406,-0.700401797877028,-0.000117128799892896
0.254215836296621,0.533928460275034,-0.0140833115495603,0.143898000208237,-0.00162817938158909,0.143898000208238,-0.00162817938158909,-0.700409349689566,-0.000117006464069938
0.25597886085113,0.533925602852247,-0.0141813344375925,0.14389855937454,-0.00163962340379258,0.14389855937454,-0.00163962340379258,-0.700417003566152,-0.000116864059440738
0.257754112242586,0.533922703419346,-0.014280044134687,0.143899125697742,-0.00165114989490263,0.143899125697742,-0.00165114989490263,-0.700424760843776,-0.000116701056617402
0.259541675265918,0.533919761331507,-0.0143794455374524,0.143899699260441,-0.00166275948880826,0.143899699260441,-0.00166275948880826,-0.700432622875772,-0.000116516914793488
0.261341635304121,0.533916775933357,-0.0144795435788069,0.143900280145928,-0.001674452824989,0.143900280145928,-0.001674452824989,-0.700440591031978,-0.00011631108151719
0.263154078332332,0.533913746558784,-0.0145803432282639,0.143900868438187,-0.00168623054857516,0.143900868438187,-0.00168623054857516,-0.700448666698908,-0.000116082992460229
0.26497909092194,0.533910672530747,-0.0146818494922207,0.143901464221892,-0.00169809331040899,0.143901464221892,-0.00169809331040899,-0.70045685127992,-0.000115832071182292
0.266816760244719,0.533907553161087,-0.01478406741425,0.143902067582402,-0.00171004176710652,0.143902067582402,-0.00171004176710652,-0.70046514619538,-0.000115557728891449
0.268667174076992,0.533904387750322,-0.0148870020753922,0.143902678605761,-0.00172207658112013,0.143902678605761,-0.00172207658112013,-0.700473552882841,-0.000115259364200149
0.270530420803823,0.533901175587451,-0.0149906585944511,0.143903297378692,-0.00173419842080199,0.143903297378692,-0.00173419842080199,-0.700482072797203,-0.00011493636287653
0.27240658942324,0.533897915949749,-0.0150950421282917,0.143903923988596,-0.00174640796046831,0.143903923988596,-0.00174640796046831,-0.700490707410893,-0.00011458809759142
0.274295769550488,0.533894608102553,-0.0152001578721396,0.143904558523542,-0.00175870588046425,0.143904558523542,-0.00175870588046425,-0.70049945821403,-0.000114213927660575
0.276198051422303,0.533891251299058,-0.0153060110598839,0.143905201072267,-0.0017710928672298,0.143905201072267,-0.0017710928672298,-0.700508326714601,-0.000113813198782495
0.278113525901229,0.533887844780089,-0.0154126069643809,0.143905851724172,-0.00178356961336639,0.143905851724172,-0.00178356961336638,-0.700517314438629,-0.000113385242771102
0.280042284479955,0.533884387773891,-0.0155199508977612,0.14390651056931,-0.00179613681770431,0.14390651056931,-0.00179613681770431,-0.700526422930353,-0.000112929377284118
0.281984419285683,0.533880879495894,-0.0156280482117387,0.143907177698387,-0.00180879518537107,0.143907177698387,-0.00180879518537107,-0.700535653752394,-0.000112444905545975
0.283940023084533,0.533877319148491,-0.0157369042979217,0.143907853202751,-0.00182154542786048,0.143907853202751,-0.00182154542786048,-0.700545008485934,-0.000111931116066263
0.285909189285972,0.533873705920798,-0.0158465245881267,0.143908537174387,-0.00183438826310266,0.143908537174387,-0.00183438826310266,-0.700554488730886,-0.000111387282352771
0.287892011947275,0.533870038988422,-0.0159569145546939,0.143909229705908,-0.00184732441553488,0.143909229705908,-0.00184732441553488,-0.700564096106073,-0.000110812662619572
0.289888585778017,0.533866317513211,-0.0160680797108055,0.143909930890548,-0.00186035461617332,0.143909930890548,-0.00186035461617331,-0.700573832249396,-0.000110206499489993
0.291899006144599,0.533862540643012,-0.0161800256108062,0.143910640822155,-0.00187347960268563,0.143910640822155,-0.00187347960268563,-0.700583698818016,-0.000109568019694015
0.293923369074803,0.533858707511416,-0.0162927578505256,0.143911359595178,-0.00188670011946446,0.143911359595178,-0.00188670011946446,-0.700593697488522,-0.000108896433760733
0.295961771262377,0.533854817237502,-0.0164062820676031,0.143912087304662,-0.00190001691770182,0.143912087304662,-0.00190001691770183,-0.700603829957112,-0.00010819093570491
0.298014310071653,0.533850868925574,-0.0165206039418154,0.143912824046235,-0.00191343075546441,0.143912824046235,-0.00191343075546441,-0.700614097939764,-0.000107450702708414
0.300081083542203,0.533846861664895,-0.0166357291954054,0.143913569916096,-0.00192694239776976,0.143913569916096,-0.00192694239776976,-0.70062450317241,-0.000106674894795947
0.302162190393513,0.533842794529416,-0.0167516635934143,0.143914325011009,-0.00194055261666346,0.143914325011009,-0.00194055261666346,-0.700635047411114,-0.000105862654504907
0.304257730029708,0.533838666577494,-0.0168684129440153,0.143915089428285,-0.00195426219129718,0.143915089428285,-0.00195426219129717,-0.700645732432244,-0.00010501310654977
0.306367802544292,0.533834476851615,-0.0169859830988497,0.143915863265773,-0.00196807190800763,0.143915863265773,-0.00196807190800762,-0.70065656003265,-0.000104125357480445
0.308492508724934,0.533830224378105,-0.0171043799533654,0.143916646621845,-0.0019819825603966,0.143916646621845,-0.0019819825603966,-0.700667532029831,-0.000103198495334786
0.31063195005828,0.533825908166835,-0.0172236094471572,0.143917439595384,-0.00199599494941182,0.143917439595384,-0.00199599494941182,-0.700678650262116,-0.000102231589285073
0.312786228734801,0.533821527210922,-0.0173436775643095,0.143918242285767,-0.00201010988342883,0.143918242285767,-0.00201010988342883,-0.700689916588832,-0.000101223689278521
0.314955447653674,0.533817080486426,-0.0174645903337416,0.143919054792851,-0.00202432817833384,0.143919054792851,-0.00202432817833384,-0.700701332890481,-0.000100173825671263
0.317139710427697,0.533812566952037,-0.017586353829554,0.143919877216957,-0.00203865065760755,0.143919877216957,-0.00203865065760755,-0.700712901068908,-9.9081008856694e-05
0.319339121388238,0.533807985548765,-0.0177089741713782,0.143920709658851,-0.00205307815241001,0.143920709658851,-0.00205307815241,-0.700724623047474,-9.79442288866067e-05
0.321553785590219,0.533803335199609,-0.0178324575247281,0.143921552219731,-0.00206761150166634,0.143921552219731,-0.00206761150166634,-0.700736500771227,-9.67624550869961e-05
0.323783808817133,0.533798614809235,-0.0179568101013523,0.143922405001203,-0.00208225155215362,0.143922405001203,-0.00208225155215363,-0.700748536207073,-9.55346356661391e-05
0.326029297586097,0.533793823263639,-0.018082038159591,0.143923268105266,-0.00209699915858871,0.143923268105266,-0.00209699915858871,-0.700760731343942,-9.42596973172588e-05
0.328290359152942,0.533788959429808,-0.0182081480047324,0.143924141634289,-0.00211185518371705,0.143924141634289,-0.00211185518371705,-0.700773088192959,-9.2936544813349e-05
0.330567101517332,0.533784022155368,-0.0183351459893725,0.14392502569099,-0.00212682049840255,0.14392502569099,-0.00212682049840255,-0.700785608787607,-9.15640605963913e-05
0.332859633427924,0.533779010268236,-0.018463038513777,0.143925920378418,-0.0021418959817185,0.143925920378418,-0.0021418959817185,-0.700798295183896,-9.01411043587041e-05
0.335168064387565,0.533773922576255,-0.0185918320262439,0.143926825799925,-0.00215708252103949,0.143926825799925,-0.00215708252103949,-0.700811149460528,-8.86665126179076e-05
0.337492504658521,0.533768757866831,-0.0187215330234699,0.143927742059145,-0.0021723810121344,0.143927742059145,-0.0021723810121344,-0.700824173719056,-8.71390982848524e-05
0.339833065267741,0.533763514906553,-0.0188521480509169,0.143928669259967,-0.00218779235926042,0.143928669259967,-0.00218779235926042,-0.700837370084048,-8.55576502241107e-05
0.342189858012163,0.533758192440815,-0.0189836837031813,0.143929607506515,-0.00220331747525815,0.143929607506515,-0.00220331747525815,-0.700850740703246,-8.39209328075824e-05
0.344562995464054,0.533752789193429,-0.0191161466243652,0.143930556903111,-0.00221895728164774,0.143930556903111,-0.00221895728164774,-0.700864287747726,-8.22276854605952e-05
0.346952590976386,0.533747303866226,-0.0192495435084487,0.143931517554259,-0.00223471270872609,0.143931517554259,-0.00223471270872609,-0.700878013412053,-8.04766222007591e-05
0.349358758688252,0.533741735138653,-0.0193838810996649,0.143932489564604,-0.00225058469566521,0.143932489564604,-0.00225058469566521,-0.700891919914434,-7.86664311693414e-05
0.351781613530314,0.533736081667364,-0.0195191661928752,0.143933473038913,-0.00226657419061145,0.143933473038913,-0.00226657419061145,-0.700906009496874,-7.67957741549946e-05
0.354221271230298,0.533730342085802,-0.0196554056339481,0.143934468082034,-0.00228268215078611,0.143934468082034,-0.00228268215078611,-0.700920284425321,-7.48632861098941e-05
0.356677848318515,0.533724515003768,-0.0197926063201377,0.143935474798873,-0.00229890954258686,0.143935474798873,-0.00229890954258685,-0.700934746989821,-7.28675746582835e-05
0.359151462133436,0.533718599006994,-0.0199307752004651,0.143936493294351,-0.00231525734169037,0.143936493294351,-0.00231525734169037,-0.700949399504655,-7.08072195969023e-05
0.361642230827288,0.533712592656695,-0.0200699192761007,0.143937523673376,-0.00233172653315611,0.143937523673376,-0.00233172653315611,-0.700964244308491,-6.86807723879468e-05
0.364150273371703,0.533706494489118,-0.0202100456007478,0.143938566040802,-0.00234831811153106,0.143938566040802,-0.00234831811153106,-0.700979283764516,-6.64867556434967e-05
0.366675709563398,0.533700303015088,-0.020351161281028,0.143939620501398,-0.00236503308095567,0.143939620501398,-0.00236503308095567,-0.700994520260579,-6.4223662602711e-05
0.369218660029898,0.533694016719537,-0.0204932734768676,0.143940687159801,-0.0023818724552709,0.143940687159801,-0.0023818724552709,-0.701009956209323,-6.18899565996839e-05
0.371779246235299,0.533687634061028,-0.0206363894018854,0.143941766120482,-0.00239883725812627,0.143941766120482,-0.00239883725812627,-0.70102559404832,-5.94840705243904e-05
0.374357590486067,0.533681153471271,-0.0207805163237814,0.143942857487701,-0.00241592852308912,0.143942857487701,-0.00241592852308913,-0.701041436240191,-5.70044062743746e-05
0.376953815936883,0.533674573354629,-0.0209256615647269,0.143943961365466,-0.00243314729375495,0.143943961365466,-0.00243314729375495,-0.70105748527274,-5.44493341982644e-05
0.379568046596523,0.533667892087613,-0.0210718325017554,0.143945077857488,-0.00245049462385881,0.143945077857488,-0.00245049462385881,-0.701073743659069,-5.18171925311672e-05
0.382200407333782,0.533661108018375,-0.0212190365671549,0.143946207067134,-0.00246797157738788,0.143946207067134,-0.00246797157738788,-0.701090213937699,-4.91062868211156e-05
0.384851023883439,0.533654219466181,-0.0213672812488599,0.14394734909738,-0.00248557922869508,0.14394734909738,-0.00248557922869508,-0.701106898672682,-4.63148893471432e-05
0.387520022852263,0.533647224720881,-0.0215165740908457,0.143948504050763,-0.00250331866261384,0.143948504050763,-0.00250331866261383,-0.701123800453708,-4.34412385283411e-05
0.390207531725059,0.533640122042373,-0.0216669226935225,0.143949672029327,-0.00252119097457394,0.143949672029327,-0.00252119097457393,-0.701140921896215,-4.04835383245317e-05
0.392913678870758,0.533632909660043,-0.0218183347141298,0.143950853134577,-0.00253919727071846,0.143950853134577,-0.00253919727071846,-0.701158265641487,-3.74399576278661e-05
0.395638593548549,0.533625585772216,-0.0219708178671322,0.143952047467415,-0.00255733866802184,0.143952047467415,-0.00255733866802184,-0.70117583435675,-3.43086296454853e-05
0.398382405914052,0.533618148545575,-0.0221243799246152,0.143953255128095,-0.00257561629440905,0.143953255128095,-0.00257561629440905,-0.701193630735264,-3.10876512732428e-05
0.401145247025537,0.533610596114586,-0.0222790287166805,0.143954476216156,-0.00259403128887574,0.143954476216156,-0.00259403128887574,-0.701211657496412,-2.77750824604628e-05
0.403927248850181,0.533602926580903,-0.022434772131843,0.143955710830369,-0.00261258480160967,0.143955710830369,-0.00261258480160966,-0.701229917385774,-2.43689455653173e-05
0.406728544270374,0.53359513801277,-0.0225916181174266,0.143956959068673,-0.00263127799411298,0.143956959068673,-0.00263127799411298,-0.701248413175213,-2.08672247012931e-05
0.409549267090063,0.533587228444403,-0.0227495746799607,0.14395822102811,-0.00265011203932583,0.14395822102811,-0.00265011203932583,-0.701267147662935,-1.7267865074222e-05
0.412389552041149,0.53357919587537,-0.0229086498855761,0.143959496804763,-0.00266908812175078,0.143959496804763,-0.00266908812175078,-0.701286123673563,-1.35687723099021e-05
0.415249534789915,0.533571038269953,-0.0230688518604007,0.14396078649369,-0.00268820743757851,0.14396078649369,-0.0026882074375785,-0.701305344058188,-9.76781177292052e-06
0.418129351943512,0.533562753556505,-0.0232301887909551,0.143962090188848,-0.0027074711948144,0.143962090188848,-0.00270747119481439,-0.701324811694427,-5.86280787504001e-06
0.421029141056481,0.533554339626789,-0.0233926689245474,0.143963407983028,-0.00272688061340623,0.143963407983028,-0.00272688061340622,-0.701344529486462,-1.85154337514759e-06
0.423949040637325,0.533545794335309,-0.023556300569667,0.14396473996778,-0.00274643692537296,0.14396473996778,-0.00274643692537296,-0.70136450036509,2.26824133109371e-06
0.426889190155123,0.533537115498634,-0.0237210920963783,0.143966086233336,-0.00276614137493441,0.143966086233336,-0.00276614137493441,-0.701384727287743,6.49884893047514e-06
0.429849730046193,0.533528300894696,-0.023887051936713,0.143967446868534,-0.00278599521864207,0.143967446868534,-0.00278599521864207,-0.701405213238524,1.08426259220473e-05
0.432830801720801,0.533519348262093,-0.0240541885850612,0.143968821960736,-0.00280599972551078,0.143968821960736,-0.00280599972551078,-0.701425961228218,1.53019633556128e-05
0.435832547569911,0.533510255299367,-0.0242225105985611,0.143970211595747,-0.00282615617715154,0.143970211595747,-0.00282615617715153,-0.701446974294304,1.98792975804329e-05
0.438855110971994,0.533501019664274,-0.024392026597488,0.143971615857729,-0.00284646586790512,0.143971615857729,-0.00284646586790512,-0.701468255500958,2.45771110037318e-05
0.441898636299867,0.533491638973047,-0.0245627452656408,0.143973034829114,-0.0028669301049768,0.143973034829114,-0.00286693010497679,-0.70148980793905,2.93979328583882e-05
0.444963268927599,0.533482110799632,-0.0247346753507274,0.143974468590518,-0.00288755020857188,0.143974468590518,-0.00288755020857188,-0.701511634726123,3.43443399813681e-05
0.448049155237445,0.533472432674928,-0.0249078256647474,0.143975917220641,-0.00290832751203222,0.143975917220641,-0.00290832751203221,-0.701533739006377,3.94189576010118e-05
0.451156442626847,0.533462602086,-0.0250822050843738,0.143977380796181,-0.0029292633619736,0.143977380796181,-0.00292926336197359,-0.701556123950635,4.46244601347567e-05
0.454285279515466,0.533452616475288,-0.025257822551331,0.143978859391728,-0.00295035911842404,0.143978859391728,-0.00295035911842404,-0.7015787927563,4.99635719965197e-05
0.457435815352278,0.533442473239796,-0.0254346870727715,0.143980353079673,-0.00297161615496286,0.143980353079673,-0.00297161615496286,-0.701601748647308,5.54390684139039e-05
0.46060820062271,0.533432169730275,-0.025612807721649,0.143981861930096,-0.0029930358588607,0.143981861930096,-0.0029930358588607,-0.701624994874066,6.10537762549823e-05
0.463802586855826,0.533421703250382,-0.0257921936370891,0.14398338601067,-0.00301461963122026,0.14398338601067,-0.00301461963122026,-0.701648534713385,6.68105748658498e-05
0.467019126631568,0.533411071055834,-0.0259728540247569,0.143984925386543,-0.00303636888711785,0.143984925386543,-0.00303636888711784,-0.701672371468392,7.27123969169463e-05
0.470257973588042,0.533400270353546,-0.0261547981572206,0.143986480120234,-0.00305828505574567,0.143986480120234,-0.00305828505574566,-0.70169650846845,7.87622292598156e-05
0.473519282428857,0.533389298300748,-0.0263380353743124,0.143988050271515,-0.00308036958055491,0.143988050271515,-0.0030803695805549,-0.701720949069046,8.49631137934403e-05
0.476803208930514,0.5333781520041,-0.0265225750834853,0.143989635897296,-0.00310262391939945,0.143989635897296,-0.00310262391939945,-0.701745696651684,9.131814834068e-05
0.480109909949849,0.53336682851878,-0.026708426760165,0.143991237051503,-0.00312504954468024,0.143991237051503,-0.00312504954468024,-0.701770754623755,9.78304875341729e-05
0.483439543431522,0.533355324847563,-0.0268955999480994,0.143992853784956,-0.00314764794349039,0.143992853784956,-0.00314764794349039,-0.701796126418408,0.000104503343711926
0.486792268415562,0.533343637939889,-0.0270841042597017,0.14399448614524,-0.00317042061776077,0.14399448614524,-0.00317042061776077,-0.701821815494392,0.000111339987823145
0.490168245044966,0.533331764690906,-0.0272739493763899,0.14399613417658,-0.00319336908440626,0.14399613417658,-0.00319336908440626,-0.701847825335902,0.000118343750342809
0.493567634573345,0.533319701940509,-0.0274651450489208,0.143997797919702,-0.0032164948754725,0.143997797919702,-0.00321649487547249,-0.701874159452399,0.000125518022196708
0.496990599372628,0.533307446472351,-0.0276577010977186,0.143999477411702,-0.00323979953828306,0.143999477411702,-0.00323979953828306,-0.701900821378426,0.000132866255695641
0.500437302940819,0.533294995012855,-0.0278516274131987,0.144001172685904,-0.00326328463558724,0.144001172685904,-0.00326328463558724,-0.701927814673407,0.000140391965478548
0.503907909909802,0.533282344230192,-0.0280469339560847,0.144002883771716,-0.00328695174570811,0.144002883771716,-0.00328695174570811,-0.701955142921429,0.000148098729466223
0.50740258605321,0.533269490733259,-0.0282436307577195,0.144004610694484,-0.00331080246269097,0.144004610694484,-0.00331080246269097,-0.701982809731017,0.000155990189823291
0.510921498294339,0.533256431070627,-0.0284417279203709,0.144006353475343,-0.00333483839645222,0.144006353475343,-0.00333483839645222,-0.702010818734884,0.000164070053929599
0.514464814714125,0.533243161729489,-0.0286412356175293,0.144008112131061,-0.0033590611729284,0.144008112131061,-0.0033590611729284,-0.70203917358968,0.000172342095361044
0.518032704559168,0.533229679134576,-0.0288421640941984,0.144009886673883,-0.00338347243422545,0.144009886673883,-0.00338347243422545,-0.70206787797571,0.000180810154879196
0.52162533824982,0.533215979647065,-0.0290445236671801,0.144011677111371,-0.00340807383876832,0.144011677111371,-0.00340807383876831,-0.702096935596649,0.000189478141429555
0.525242887388322,0.533202059563472,-0.0292483247253501,0.144013483446234,-0.00343286706145049,0.144013483446234,-0.00343286706145049,-0.702126350179236,0.000198350033149025
0.528885524767003,0.533187915114521,-0.0294535777299257,0.144015305676166,-0.00345785379378368,0.144015305676166,-0.00345785379378368,-0.702156125472948,0.000207429878381543
0.532553424376533,0.533173542464006,-0.0296602932147267,0.144017143793665,-0.0034830357440476,0.144017143793665,-0.0034830357440476,-0.702186265249664,0.000216721796702429
0.536246761414231,0.533158937707626,-0.0298684817864257,0.144018997785866,-0.00350841463743957,0.144018997785866,-0.00350841463743956,-0.702216773303307,0.000226229979950865
0.539965712292437,0.533144096871811,-0.0300781541247914,0.144020867634351,-0.00353399221622414,0.144020867634351,-0.00353399221622414,-0.702247653449469,0.00023595869327081
0.543710454646936,0.533129015912526,-0.0302893209829205,0.144022753314969,-0.00355977023988244,0.144022753314969,-0.00355977023988244,-0.702278909525021,0.000245912276159416
0.547481167345445,0.533113690714063,-0.0305019931874618,0.144024654797646,-0.00358575048526147,0.144024654797646,-0.00358575048526146,-0.702310545387702,0.000256095143523621
0.551278030496154,0.533098117087809,-0.0307161816388295,0.144026572046191,-0.00361193474672287,0.144026572046191,-0.00361193474672286,-0.702342564915688,0.000266511786744084
0.55510122545633,0.533082290771002,-0.0309318973114052,0.144028505018101,-0.00363832483629156,0.144028505018101,-0.00363832483629156,-0.702374972007142,0.000277166774746374
0.558950934840979,0.533066207425467,-0.0311491512537305,0.144030453664354,-0.00366492258380381,0.144030453664354,-0.00366492258380381,-0.702407770579753,0.000288064755079892
0.56282734253157,0.533049862636337,-0.0313679545886881,0.14403241792921,-0.00369172983705485,0.14403241792921,-0.00369172983705485,-0.702440964570237,0.000299210455002336
0.566730633684818,0.533033251910751,-0.0315883185136703,0.144034397749992,-0.00371874846194593,0.144034397749992,-0.00371874846194593,-0.702474557933839,0.000310608682572905
0.570660994741526,0.533016370676542,-0.0318102543007371,0.144036393056879,-0.00374598034263067,0.144036393056879,-0.00374598034263067,-0.702508554643797,0.000322264327749733
0.574618613435493,0.532999214280902,-0.0320337732967602,0.14403840377268,-0.00377342738166076,0.14403840377268,-0.00377342738166076,-0.702542958690791,0.000334182363494834
0.578603678802477,0.53298177798903,-0.0322588869235559,0.144040429812613,-0.00380109150013075,0.144040429812613,-0.00380109150013074,-0.702577774082375,0.000346367846884355
0.582616381189231,0.532964056982761,-0.0324856066780039,0.144042471084076,-0.00382897463782209,0.144042471084076,-0.00382897463782209,-0.702613004842379,0.000358825920224598
0.586656912262587,0.532946046359183,-0.032713944132152,0.144044527486411,-0.00385707875334598,0.144044527486411,-0.00385707875334598,-0.702648655010293,0.000371561812172655
0.590725465018618,0.532927741129229,-0.0329439109333081,0.144046598910669,-0.00388540582428541,0.144046598910669,-0.00388540582428541,-0.702684728640628,0.000384580838863141
0.594822233791852,0.532909136216256,-0.0331755188041166,0.144048685239363,-0.00391395784733577,0.144048685239363,-0.00391395784733577,-0.702721229802252,0.000397888405038127
0.598947414264556,0.532890226454601,-0.0334087795426202,0.144050786346226,-0.00394273683844448,0.144050786346226,-0.00394273683844448,-0.702758162577703,0.000411490005182202
0.603101203476082,0.532871006588124,-0.0336437050223063,0.144052902095949,-0.00397174483294904,0.144052902095949,-0.00397174483294903,-0.702795531062477,0.000425391224660815
0.607283799832281,0.532851471268735,-0.0338803071921378,0.144055032343931,-0.00400098388571377,0.144055032343931,-0.00400098388571377,-0.702833339364296,0.000439597740862691
0.611495403114975,0.532831615054892,-0.0341185980765679,0.144057176936014,-0.00403045607126502,0.144057176936014,-0.00403045607126501,-0.702871591602345,0.000454115324344279
0.615736214491506,0.532811432410093,-0.0343585897755364,0.144059335708213,-0.00406016348392459,0.144059335708213,-0.00406016348392459,-0.702910291906483,0.000468949839978333
0.620006436524339,0.532790917701347,-0.0346002944644517,0.144061508486443,-0.00409010823794164,0.144061508486443,-0.00409010823794164,-0.702949444416438,0.0004841072481028
0.624306273180741,0.532770065197622,-0.0348437243941526,0.144063695086244,-0.00412029246762249,0.144063695086244,-0.00412029246762249,-0.702989053280964,0.000499593605673559
0.628635929842521,0.532748869068279,-0.0350888918908528,0.144065895312497,-0.00415071832745859,0.144065895312497,-0.00415071832745859,-0.703029122656979,0.000515415067416286
0.632995613315842,0.532727323381492,-0.0353358093560678,0.14406810895913,-0.00418138799225246,0.14406810895913,-0.00418138799225246,-0.703069656708672,0.000531577886981049
0.637385531841099,0.532705422102644,-0.0355844892665205,0.144070335808832,-0.0042123036572413,0.144070335808832,-0.0042123036572413,-0.703110659606584,0.00054808841809606
0.641805895102865,0.532683159092707,-0.0358349441740294,0.144072575632748,-0.00424346753821841,0.144072575632748,-0.0042434675382184,-0.703152135526663,0.000564953115721384
0.646256914239905,0.532660528106606,-0.0360871867053753,0.144074828190179,-0.00427488187165209,0.144074828190179,-0.00427488187165209,-0.703194088649289,0.000582178537202688
0.650738801855265,0.532637522791569,-0.0363412295621479,0.144077093228267,-0.00430654891480208,0.144077093228267,-0.00430654891480208,-0.703236523158268,0.000599771343422179
0.655251772026422,0.532614136685448,-0.0365970855205715,0.144079370481686,-0.00433847094583326,0.144079370481686,-0.00433847094583326,-0.703279443239803,0.000617738299949627
0.659796040315516,0.532590363215039,-0.0368547674313087,0.144081659672317,-0.00437065026392657,0.144081659672317,-0.00437065026392656,-0.70332285308143,0.00063608627818923
0.664371823779638,0.532566195694369,-0.037114288219242,0.144083960508922,-0.00440308918938705,0.144083960508922,-0.00440308918938705,-0.703366756870929,0.000654822256524717
0.668979340981204,0.532541627322979,-0.0373756608832333,0.144086272686815,-0.00443579006374872,0.144086272686815,-0.00443579006374871,-0.703411158795199,0.000673953321460086
0.673618811998395,0.532516651184185,-0.0376388984958603,0.144088595887523,-0.00446875524987636,0.144088595887523,-0.00446875524987636,-0.703456063039111,0.000693486668756071
0.678290458435663,0.532491260243317,-0.0379040142031277,0.144090929778446,-0.0045019871320639,0.144090929778446,-0.0045019871320639,-0.703501473784324,0.000713429604562249
0.682994503434323,0.532465447345954,-0.0381710212241573,0.144093274012504,-0.00453548811612942,0.144093274012504,-0.00453548811612942,-0.703547395208068,0.000733789546542934
0.687731171683206,0.532439205216131,-0.03843993285085,0.144095628227789,-0.00456926062950641,0.144095628227789,-0.00456926062950641,-0.703593831481907,0.000754574024997123
0.692500689429393,0.532412526454537,-0.0387107624475261,0.144097992047204,-0.00460330712133151,0.144097992047204,-0.0046033071213315,-0.703640786770454,0.000775790683971184
0.697303284489026,0.532385403536694,-0.0389835234505368,0.144100365078096,-0.00463763006252805,0.144100365078096,-0.00463763006252805,-0.70368826523007,0.000797447282364194
0.70213918625818,0.532357828811125,-0.0392582293678512,0.144102746911889,-0.00467223194588582,0.144102746911889,-0.00467223194588582,-0.703736271007519,0.000819551695024234
0.70700862572383,0.532329794497498,-0.0395348937786173,0.144105137123706,-0.0047071152861365,0.144105137123706,-0.0047071152861365,-0.703784808238598,0.000842111913835791
0.71191183547488,0.532301292684767,-0.0398135303326937,0.14410753527199,-0.00474228262002482,0.14410753527199,-0.00474228262002481,-0.703833881046728,0.000865136048797371
0.716849049713269,0.532272315329284,-0.0400941527501554,0.144109940898113,-0.00477773650637517,0.144109940898113,-0.00477773650637517,-0.703883493541519,0.00088863232908748
0.721820504265165,0.532242854252914,-0.040376774820771,0.144112353525989,-0.00481347952615366,0.144112353525989,-0.00481347952615365,-0.703933649817297,0.000912609104119888
0.726826436592224,0.532212901141115,-0.0406614104034502,0.144114772661671,-0.0048495142825252,0.144114772661671,-0.0048495142825252,-0.703984353951595,0.00093707484458555
0.731867085802933,0.532182447541027,-0.0409480734256635,0.144117197792951,-0.00488584340090586,0.144117197792951,-0.00488584340090585,-0.704035610003622,0.000962038143481891
0.736942692664033,0.532151484859527,-0.0412367778828315,0.14411962838895,-0.00492246952900988,0.14411962838895,-0.00492246952900988,-0.704087422012682,0.000987507717127217
0.742053499612018,0.532120004361283,-0.0415275378376838,0.1441220638997,-0.00495939533689151,0.1441220638997,-0.0049593953368915,-0.704139793996571,0.0010134924061603
0.747199750764715,0.532087997166796,-0.0418203674195878,0.144124503755731,-0.00499662351698142,0.144124503755731,-0.00499662351698142,-0.70419272994994,0.00104000117652428
0.752381691932944,0.532055454250417,-0.0421152808238458,0.144126947367639,-0.00503415678411743,0.144126947367639,-0.00503415678411743,-0.704246233842612,0.00106704312043257
0.757599570632259,0.53202236643837,-0.0424122923109607,0.144129394125659,-0.00507199787556946,0.144129394125659,-0.00507199787556946,-0.70430030961788,0.00109462745731778
0.762853636094773,0.531988724406746,-0.0427114162058697,0.144131843399227,-0.00511014955105864,0.144131843399227,-0.00511014955105863,-0.70435496119076,0.00112276353476171
0.768144139281058,0.5319545186795,-0.0430126668971455,0.14413429453654,-0.00514861459277017,0.14413429453654,-0.00514861459277016,-0.704410192446214,0.00115146082940448
0.773471332892138,0.531919739626429,-0.043316058836163,0.144136746864107,-0.00518739580535993,0.144136746864107,-0.00518739580535993,-0.704466007237336,0.00118072894783422
0.778835471381553,0.53188437746114,-0.0436216065362355,0.1441391996863,-0.00522649601595474,0.1441391996863,-0.00522649601595474,-0.704522409383507,0.00121057762745364
0.784236810967519,0.531848422239011,-0.043929324571714,0.144141652284893,-0.00526591807414579,0.144141652284893,-0.0052659180741458,-0.704579402668514,0.00124101673732419
0.78967560964516,0.531811863855142,-0.0442392275770533,0.144144103918604,-0.00530566485197546,0.144144103918604,-0.00530566485197546,-0.704636990838634,0.00127205627898633
0.795152127198837,0.531774692042297,-0.0445513302458442,0.144146553822626,-0.00534573924391707,0.144146553822626,-0.00534573924391707,-0.70469517760068,0.00130370638725483
0.800666625214554,0.531736896368835,-0.0448656473298083,0.144149001208152,-0.00538614416684741,0.144149001208152,-0.00538614416684742,-0.704753966620024,0.0013359773309872
0.806219367092452,0.531698466236635,-0.0451821936377591,0.144151445261901,-0.00542688256001215,0.144151445261901,-0.00542688256001214,-0.704813361518573,0.001368879513826
0.811810618059391,0.531659390879017,-0.0455009840345269,0.144153885145637,-0.00546795738498353,0.144153885145637,-0.00546795738498353,-0.704873365872719,0.00140242347491237
0.817440645181619,0.531619659358649,-0.0458220334398457,0.144156319995677,-0.00550937162561054,0.144156319995677,-0.00550937162561053,-0.704933983211253,0.00143661988956958
0.823109717377527,0.531579260565451,-0.0461453568272046,0.144158748922407,-0.00555112828796102,0.144158748922407,-0.00555112828796102,-0.704995217013245,0.00147147956995683
0.828818105430497,0.531538183214497,-0.0464709692226626,0.144161171009778,-0.0055932304002561,0.144161171009778,-0.0055932304002561,-0.705057070705892,0.00150701346569118
0.834566082001833,0.531496415843906,-0.0467988857036241,0.144163585314813,-0.0056356810127961,0.144163585314813,-0.0056356810127961,-0.705119547662334,0.00154323266443651
0.840353921643785,0.531453946812727,-0.0471291213975778,0.144165990867096,-0.00567848319787814,0.144165990867096,-0.00567848319787814,-0.70518265119943,0.00158014839245818
0.846181900812664,0.53141076429883,-0.0474616914807975,0.144168386668268,-0.00572164004970536,0.144168386668267,-0.00572164004970535,-0.705246384575517,0.00161777201514318
0.852050297882047,0.531366856296781,-0.0477966111770036,0.14417077169151,-0.00576515468428713,0.14417077169151,-0.00576515468428712,-0.705310750988117,0.0016561150374832
0.857959393156072,0.531322210615725,-0.0481338957559864,0.14417314488103,-0.0058090302393307,0.14417314488103,-0.00580903023933069,-0.705375753571631,0.0016951891045211
0.863909468882829,0.531276814877253,-0.0484735605321901,0.144175505151536,-0.00585326987412344,0.144175505151536,-0.00585326987412344,-0.705441395394993,0.00173500600175752
0.86990080926784,0.531230656513284,-0.0488156208632572,0.144177851387718,-0.00589787676940604,0.144177851387718,-0.00589787676940604,-0.705507679459292,0.00177557765551845
0.875933700487633,0.531183722763935,-0.0491600921485344,0.144180182443714,-0.00594285412723639,0.144180182443714,-0.00594285412723639,-0.70557460869537,0.00181691613328133
0.882008430703416,0.531136000675387,-0.0495069898275367,0.144182497142582,-0.00598820517084343,0.144182497142582,-0.00598820517084343,-0.705642185961384,0.00185903364395873
0.888125290074835,0.531087477097767,-0.0498563293783735,0.144184794275762,-0.00603393314447196,0.144184794275762,-0.00603393314447196,-0.705710414040348,0.00190194253813908
0.894284570773836,0.531038138683014,-0.050208126316133,0.144187072602539,-0.00608004131321688,0.144187072602539,-0.00608004131321687,-0.70577929563764,0.00194565530828172
0.900486566998624,0.530987971882753,-0.0505623961912267,0.144189330849503,-0.00612653296284769,0.144189330849503,-0.00612653296284768,-0.705848833378479,0.00199018458886702
0.906731574987708,0.530936962946174,-0.0509191545876931,0.14419156771,-0.00617341139962277,0.14419156771,-0.00617341139962277,-0.70591902980539,0.00203554315649873
0.913019893034057,0.53088509791791,-0.0512784171214607,0.144193781843592,-0.00622067995009311,0.144193781843592,-0.00622067995009311,-0.705989887375623,0.00208174392995791
0.919351821499347,0.530832362635917,-0.0516401994385701,0.1441959718755,-0.0062683419608956,0.1441959718755,-0.0062683419608956,-0.706061408458566,0.00212879997020815
0.925727662828307,0.530778742729363,-0.0520045172133543,0.144198136396058,-0.00631640079853562,0.144198136396058,-0.00631640079853561,-0.706133595333121,0.00217672448034922
0.932147721563161,0.530724223616516,-0.05237138614658,0.144200273960156,-0.0063648598491588,0.144200273960156,-0.0063648598491588,-0.706206450185062,0.00222553080551918
0.938612304358183,0.530668790502644,-0.0527408219635439,0.144202383086687,-0.0064137225183116,0.144202383086687,-0.00641372251831161,-0.706279975104374,0.00227523243274369
0.945121719994339,0.53061242837791,-0.0531128404121319,0.144204462257985,-0.00646299223069109,0.144204462257985,-0.0064629922306911,-0.706354172082562,0.00232584299073041
0.951676279394036,0.530555122015288,-0.0534874572608334,0.144206509919269,-0.00651267242988315,0.144206509919268,-0.00651267242988315,-0.706429043009951,0.00237737624960904
0.958276295635973,0.530496855968473,-0.0538646882967162,0.144208524478081,-0.00656276657808933,0.144208524478081,-0.00656276657808933,-0.706504589672959,0.00242984612061437
0.964922083970099,0.530437614569806,-0.0542445493233601,0.144210504303726,-0.00661327815584237,0.144210504303726,-0.00661327815584237,-0.706580813751355,0.00248326665571075
0.971613961832666,0.530377381928209,-0.0546270561587466,0.144212447726708,-0.00666421066170968,0.144212447726708,-0.00666421066170967,-0.706657716815502,0.00253765204716055
0.978352248861393,0.530316141927122,-0.0550122246331108,0.144214353038167,-0.00671556761198535,0.144214353038167,-0.00671556761198535,-0.706735300323584,0.00259301662702927
0.985137266910738,0.530253878222454,-0.0554000705867486,0.144216218489313,-0.00676735254037013,0.144216218489313,-0.00676735254037014,-0.706813565618817,0.00264937486663358
0.991969340067262,0.530190574240547,-0.0557906098677849,0.144218042290866,-0.0068195689976393,0.144218042290866,-0.0068195689976393,-0.706892513926649,0.00270674137592414
0.998848794665118,0.530126213176147,-0.0561838583298991,0.144219822612491,-0.0068722205512985,0.144219822612491,-0.0068722205512985,-0.706972146351954,0.00276513090280811
1.00577595930163,0.530060777990387,-0.0565798318300101,0.144221557582229,-0.00692531078522728,0.144221557582229,-0.00692531078522728,-0.707052463876205,0.00282455833240663
1.01275116485301,0.529994251408782,-0.0569785462259199,0.144223245285942,-0.00697884329931035,0.144223245285942,-0.00697884329931034,-0.707133467354651,0.00288503868624718
1.01977474449012,0.529926615919241,-0.0573800173739165,0.144224883766743,-0.00703282170905631,0.144224883766743,-0.00703282170905632,-0.70721515751348,0.00294658712139145
1.02684703369442,0.529857853770087,-0.057784261126335,0.14422647102444,-0.00708724964520399,0.14422647102444,-0.007087249645204,-0.707297534946976,0.00300921892949624
1.033968370274,0.529787946968092,-0.0581912933290805,0.144228005014971,-0.00714213075331603,0.144228005014971,-0.00714213075331603,-0.707380600114685,0.00307294953580595
1.04113909437969,0.529716877276529,-0.0586011298191064,0.144229483649847,-0.00719746869335985,0.144229483649847,-0.00719746869335984,-0.707464353338559,0.00313779449807805
1.0483595485213,0.529644626213238,-0.0590137864218566,0.144230904795597,-0.00725326713927592,0.144230904795597,-0.00725326713927591,-0.707548794800122,0.00320376950543927
1.05563007758401,0.529571175048705,-0.0594292789486642,0.14423226627321,-0.00730952977853314,0.14423226627321,-0.00730952977853314,-0.707633924537619,0.0032708903771716
1.06295102884484,0.52949650480416,-0.0598476231941123,0.144233565857582,-0.00736626031167142,0.144233565857582,-0.00736626031167141,-0.707719742443183,0.00333917306142834
1.07032275198921,0.529420596249691,-0.0602688349333537,0.144234801276968,-0.0074234624518312,0.144234801276968,-0.0074234624518312,-0.707806248260001,0.0034086336338795
1.07774559912768,0.529343429902375,-0.0606929299193921,0.144235970212435,-0.00748113992427024,0.144235970212435,-0.00748113992427025,-0.707893441579486,0.00347928829628436
1.08521992481272,0.529264986024423,-0.0611199238803227,0.144237070297313,-0.00753929646586718,0.144237070297313,-0.00753929646586718,-0.707981321838466,0.0035511533749929
1.0927460860557,0.52918524462135,-0.0615498325165348,0.14423809911666,-0.00759793582461217,0.14423809911666,-0.00759793582461217,-0.708069888316375,0.00362424531937455
1.1003244423439,0.529104185440154,-0.0619826714978749,0.144239054206724,-0.00765706175908448,0.144239054206724,-0.00765706175908448,-0.708159140132467,0.0036985807001732
1.10795535565772,0.529021787967525,-0.0624184564607717,0.144239933054407,-0.00771667803791699,0.144239933054407,-0.00771667803791699,-0.708249076243036,0.00377417620778936
1.11563919048792,0.528938031428063,-0.0628572030053221,0.144240733096738,-0.00777678843924767,0.144240733096738,-0.00777678843924767,-0.708339695438667,0.00385104865048852
1.12337631385307,0.528852894782519,-0.0632989266923387,0.14424145172035,-0.00783739675015781,0.14424145172035,-0.0078373967501578,-0.708430996341491,0.00392921495253507
1.13116709531708,0.52876635672606,-0.0637436430403618,0.14424208626096,-0.00789850676609753,0.14424208626096,-0.00789850676609753,-0.708522977402475,0.00400869215225264
1.13901190700682,0.528678395686545,-0.0641913675226305,0.144242634002853,-0.00796012229029787,0.144242634002853,-0.00796012229029786,-0.708615636898729,0.00408949740000936
1.14691112362992,0.52858898982283,-0.0646421155640189,0.144243092178378,-0.00802224713317007,0.144243092178378,-0.00802224713317007,-0.708708972930848,0.00417164795612962
1.15486512249268,0.528498117023091,-0.0650959025379342,0.14424345796744,-0.00808488511169186,0.14424345796744,-0.00808488511169186,-0.70880298342027,0.00425516118873087
1.16287428351806,0.528405754903167,-0.0655527437631784,0.14424372849701,-0.00814804004878071,0.14424372849701,-0.0081480400487807,-0.708897666106678,0.00434005457148606
1.17093898926384,0.52831188080492,-0.0660126545007727,0.144243900840626,-0.00821171577265422,0.144243900840626,-0.00821171577265422,-0.708993018545429,0.00442634568131284
1.1790596249409,0.528216471794628,-0.0664756499507474,0.144243972017918,-0.00827591611617772,0.144243972017918,-0.00827591611617771,-0.709089038105018,0.00451405219598733
1.18723657843162,0.528119504661386,-0.0669417452488929,0.144243938994127,-0.00834064491619892,0.144243938994127,-0.00834064491619892,-0.709185721964588,0.00460319189168595
1.19547024030838,0.528020955915539,-0.067410955463478,0.144243798679633,-0.00840590601287015,0.144243798679633,-0.00840590601287015,-0.709283067111468,0.00469378264045339
1.20376100385228,0.527920801787132,-0.0678832955919303,0.144243547929502,-0.00847170324895772,0.144243547929502,-0.00847170324895772,-0.70938107033877,0.00478584240759733
1.21210926507183,0.52781901822438,-0.0683587805574824,0.144243183543023,-0.00853804046913871,0.144243183543023,-0.0085380404691387,-0.709479728243015,0.0048793892490116
1.22051542272196,0.527715580892167,-0.0688374252057827,0.144242702263268,-0.00860492151928565,0.144242702263268,-0.00860492151928564,-0.709579037221821,0.00497444130842817
1.22897987832301,0.527610465170559,-0.0693192443014706,0.144242100776651,-0.00867235024573848,0.144242100776651,-0.00867235024573847,-0.709678993471633,0.00507101681459743
1.23750303617991,0.527503646153347,-0.0698042525247184,0.144241375712503,-0.00874033049456462,0.144241375712503,-0.00874033049456461,-0.70977959298551,0.00516913407839925
1.24608530340153,0.527395098646604,-0.0702924644677372,0.144240523642651,-0.00880886611080665,0.144240523642651,-0.00880886611080665,-0.709880831550963,0.00526881148988406
1.25472708992008,0.52728479716727,-0.0707838946312484,0.144239541081006,-0.00887796093771837,0.144239541081006,-0.00887796093771837,-0.709982704747856,0.00537006751524738
1.26342880851072,0.52717271594176,-0.0712785574209217,0.144238424483167,-0.0089476188159886,0.144238424483167,-0.00894761881598859,-0.710085207946365,0.00547292069373501
1.27219087481126,0.527058828904586,-0.0717764671437782,0.144237170246025,-0.00901784358295376,0.144237170246025,-0.00901784358295375,-0.710188336304998,0.00557738963448484
1.28101370734203,0.526943109697011,-0.0722776380045594,0.144235774707387,-0.0090886390717986,0.144235774707387,-0.0090886390717986,-0.710292084768682,0.00568349301330157
1.28989772752585,0.526825531665719,-0.0727820841020618,0.144234234145601,-0.00916000911074575,0.144234234145601,-0.00916000911074574,-0.710396448066918,0.00579124956937055
1.29884335970818,0.526706067861508,-0.0732898194254381,0.144232544779204,-0.00923195752223394,0.144232544779204,-0.00923195752223394,-0.710501420712003,0.00590067810190797
1.30785103117738,0.526584691038004,-0.0738008578504637,0.144230702766565,-0.00930448812208541,0.144230702766565,-0.00930448812208541,-0.710606996997326,0.00601179746675101
1.31692117218509,0.526461373650401,-0.0743152131357684,0.144228704205555,-0.00937760471866218,0.144228704205555,-0.00937760471866218,-0.71071317099574,0.00612462657289048
1.32605421596686,0.526336087854215,-0.0748328989190357,0.144226545133215,-0.00945131111201205,0.144226545133215,-0.00945131111201204,-0.710819936558011,0.00623918437894483
1.33525059876274,0.526208805504067,-0.0753539287131659,0.144224221525447,-0.00952561109300393,0.144224221525447,-0.00952561109300392,-0.710927287311338,0.00635548988958051
1.34451075983821,0.52607949815248,-0.0758783159024053,0.144221729296709,-0.00960050844245288,0.144221729296709,-0.00960050844245288,-0.711035216657966,0.00647356215187755
1.3538351415051,0.525948137048704,-0.0764060737384412,0.144219064299727,-0.00967600693023543,0.144219064299727,-0.00967600693023542,-0.711143717773878,0.00659342025164544
1.36322418914273,0.525814693137555,-0.0769372153364615,0.144216222325215,-0.00975211031439477,0.144216222325215,-0.00975211031439475,-0.711252783607567,0.00671508330968834
1.37267835121923,0.52567913705828,-0.0774717536711794,0.144213199101611,-0.00982882234023654,0.144213199101611,-0.00982882234023654,-0.711362406878906,0.00683857047802455
1.38219807931287,0.525541439143439,-0.0780097015728225,0.144209990294827,-0.00990614673941535,0.144209990294827,-0.00990614673941535,-0.711472580078097,0.00696390093606036
1.39178382813373,0.525401569417811,-0.0785510717230863,0.144206591508007,-0.00998408722901188,0.144206591508007,-0.00998408722901188,-0.711583295464724,0.00709109388672186
1.40143605554534,0.525259497597312,-0.0790958766510511,0.144202998281303,-0.0100626475106015,0.144202998281303,-0.0100626475106015,-0.711694545066887,0.00722016855254687
1.4111552225866,0.525115193087944,-0.0796441287290636,0.144199206091662,-0.010141831269314,0.144199206091662,-0.010141831269314,-0.711806320680438,0.00735114417173982
1.42094179349378,0.524968624984754,-0.0801958401685798,0.144195210352626,-0.0102216421728849,0.144195210352626,-0.0102216421728849,-0.711918613868319,0.00748403999419056
1.43079623572268,0.524819762070818,-0.0807510230159712,0.144191006414152,-0.0103020838706992,0.144191006414152,-0.0103020838706992,-0.712031415959988,0.00761887527746269
1.440719019971,0.524668572816241,-0.0813096891482937,0.144186589562433,-0.0103831599928264,0.144186589562433,-0.0103831599928264,-0.712144718050955,0.00775566928275195
1.45071062020079,0.524515025377179,-0.0818718502690156,0.144181955019751,-0.0104648741490485,0.144181955019751,-0.0104648741490485,-0.712258511002417,0.00789444127081768
1.46077151366109,0.524359087594877,-0.0824375179037089,0.144177097944325,-0.0105472299278807,0.144177097944325,-0.0105472299278807,-0.712372785440994,0.00803521049789191
1.47090218091073,0.524200726994727,-0.0830067033956984,0.14417201343019,-0.0106302308955849,0.14417201343019,-0.0106302308955849,-0.712487531758577,0.00817799621156656
1.48110310584131,0.524039910785346,-0.0835794179016709,0.144166696507081,-0.0107138805951762,0.144166696507081,-0.0107138805951762,-0.712602740112274,0.00832281764666548
1.49137477570027,0.523876605857669,-0.0841556723872432,0.144161142140332,-0.0107981825454233,0.144161142140332,-0.0107981825454233,-0.712718400424472,0.00846969402109959
1.50171768111418,0.523710778784064,-0.0847354776224859,0.144155345230797,-0.0108831402398424,0.144155345230797,-0.0108831402398424,-0.712834502383,0.00861864453171296
1.5121323161122,0.523542395817463,-0.0853188441774065,0.144149300614778,-0.0109687571456854,0.144149300614778,-0.0109687571456854,-0.71295103544141,0.0087696883501211
1.52261917814963,0.523371422890515,-0.0859057824173855,0.144143003063969,-0.011055036702922,0.144143003063969,-0.011055036702922,-0.71306798881936,0.00892284461854392
1.53317876813171,0.523197825614749,-0.086496302498569,0.144136447285424,-0.0111419823232169,0.144136447285423,-0.0111419823232169,-0.713185351503115,0.00907813244563893
1.54381159043753,0.523021569279767,-0.0870904143632133,0.144129627921524,-0.0112295973889014,0.144129627921524,-0.0112295973889014,-0.71330311224616,0.00923557090233634
1.55451815294413,0.522842618852444,-0.0876881277349837,0.144122539549979,-0.0113178852519407,0.144122539549979,-0.0113178852519407,-0.713421259569916,0.00939517901767994
1.56529896705074,0.522660938976157,-0.0882894521142034,0.144115176683826,-0.0114068492328964,0.144115176683826,-0.0114068492328964,-0.713539781764587,0.00955697577467929
1.57615454770323,0.522476493970023,-0.0888943967730529,0.144107533771457,-0.0114964926198843,0.144107533771457,-0.0114964926198843,-0.713658666890104,0.00972098010617273
1.58708541341869,0.522289247828163,-0.0895029707507183,0.144099605196656,-0.0115868186675292,0.144099605196656,-0.0115868186675292,-0.713777902777188,0.00988721089070987
1.5980920863102,0.522099164218983,-0.0901151828484866,0.144091385278651,-0.0116778305959149,0.144091385278651,-0.0116778305959149,-0.713897477028532,0.0100556869484523
1.60917509211179,0.521906206484471,-0.0907310416247889,0.144082868272184,-0.0117695315895316,0.144082868272184,-0.0117695315895316,-0.714017377020092,0.0102264270371001
1.62033496020352,0.521710337639522,-0.0913505553901855,0.144074048367594,-0.0118619247962196,0.144074048367594,-0.0118619247962196,-0.714137589902488,0.0103994498478464
1.63157222363676,0.521511520371274,-0.0919737322022976,0.144064919690921,-0.0119550133261104,0.144064919690921,-0.0119550133261104,-0.714258102602529,0.0105747740013624
1.64288741915971,0.521309717038471,-0.0926005798606783,0.144055476304018,-0.0120488002505651,0.144055476304018,-0.0120488002505651,-0.714378901824836,0.0107524180438198
1.65428108724297,0.521104889670844,-0.0932311059016254,0.144045712204682,-0.0121432886011102,0.144045712204682,-0.0121432886011102,-0.714499974053594,0.0109324004429505
1.6657537721054,0.520896999968516,-0.0938653175929324,0.144035621326804,-0.0122384813683719,0.144035621326804,-0.0122384813683719,-0.714621305554402,0.0111147395841512
1.67730602174008,0.520686009301429,-0.0945032219285772,0.144025197540529,-0.0123343815010076,0.144025197540529,-0.0123343815010076,-0.714742882376238,0.0112994537666338
1.68893838794052,0.520471878708794,-0.0951448256233454,0.144014434652434,-0.0124309919046365,0.144014434652434,-0.0124309919046365,-0.71486469035354,0.0114865611996271
1.70065142632699,0.520254568898563,-0.0957901351073886,0.144003326405721,-0.0125283154407691,0.144003326405721,-0.0125283154407691,-0.714986715108384,0.0116760799986316
1.71244569637308,0.520034040246934,-0.0964391565207136,0.143991866480428,-0.0126263549257342,0.143991866480428,-0.0126263549257342,-0.71510894205278,0.0118680281817345
1.72432176143241,0.519810252797868,-0.0970918957076037,0.143980048493652,-0.0127251131296068,0.143980048493652,-0.0127251131296068,-0.715231356391065,0.0120624236659846
1.73628018876552,0.519583166262649,-0.0977483582109668,0.143967865999785,-0.0128245927751339,0.143967865999785,-0.0128245927751339,-0.715353943122411,0.0122592842638343
1.74832154956701,0.519352740019463,-0.0984085492666118,0.143955312490775,-0.0129247965366607,0.143955312490775,-0.0129247965366607,-0.715476687043423,0.0124586276796493
1.7604464189928,0.519118933113006,-0.0990724737974486,0.143942381396392,-0.0130257270390558,0.143942381396392,-0.0130257270390558,-0.715599572750848,0.0126604715062929
1.77265537618758,0.51888170425413,-0.0997401364076138,0.143929066084514,-0.0131273868566373,0.143929066084514,-0.0131273868566373,-0.715722584644382,0.0128648332217851
1.78494900431252,0.518641011819511,-0.100411541376515,0.143915359861427,-0.0132297785120984,0.143915359861427,-0.0132297785120984,-0.715845706929565,0.0130717301860421
1.79732789057308,0.518396813851362,-0.101086692652795,0.143901255972141,-0.0133329044754332,0.143901255972141,-0.0133329044754332,-0.715968923620784,0.0132811796377006
1.80979262624709,0.518149068057178,-0.101765593848217,0.143886747600721,-0.0134367671628636,0.143886747600721,-0.0134367671628636,-0.716092218544356,0.0134931986910263
1.82234380671297,0.51789773180951,-0.102448248231462,0.143871827870628,-0.0135413689357666,0.143871827870628,-0.0135413689357666,-0.71621557534171,0.0137078043329154
1.83498203147818,0.517642762145791,-0.10313465872184,0.143856489845084,-0.0136467120996025,0.143856489845084,-0.0136467120996025,-0.71633897747265,0.0139250134199872
1.84770790420785,0.517384115768197,-0.103824827882914,0.143840726527443,-0.0137527989028439,0.143840726527443,-0.0137527989028439,-0.716462408218707,0.0141448426757749
1.86052203275364,0.517121749043548,-0.104518757916039,0.14382453086158,-0.0138596315359062,0.14382453086158,-0.0138596315359062,-0.716585850686571,0.0143673086880156
1.87342502918271,0.516855618003264,-0.105216450653799,0.143807895732297,-0.0139672121300791,0.143807895732297,-0.0139672121300791,-0.716709287811598,0.0145924279060429
1.88641750980704,0.516585678343357,-0.105917907553361,0.143790813965739,-0.0140755427564598,0.143790813965739,-0.0140755427564598,-0.7168327023614,0.0148202166382851
1.89950009521279,0.516311885424484,-0.106623129689727,0.143773278329823,-0.0141846254248877,0.143773278329823,-0.0141846254248877,-0.716956076939501,0.0150506910498734
1.91267341029,0.516034194272044,-0.107332117748891,0.143755281534693,-0.0142944620828804,0.143755281534693,-0.0142944620828804,-0.717079393989063,0.0152838671603596
1.92593808426241,0.515752559576338,-0.108044872020898,0.143736816233169,-0.0144050546145717,0.143736816233169,-0.0144050546145717,-0.717202635796682,0.0155197608415475
1.93929475071751,0.515466935692782,-0.108761392392798,0.143717875021232,-0.0145164048396518,0.143717875021232,-0.0145164048396518,-0.71732578449624,0.0157583878154442
1.95274404763682,0.515177276642178,-0.109481678341508,0.143698450438504,-0.0146285145123087,0.143698450438504,-0.0146285145123086,-0.717448822072818,0.0159997636523249
1.96628661742637,0.514883536111064,-0.110205728926553,0.143678534968755,-0.0147413853201718,0.143678534968755,-0.0147413853201718,-0.717571730366665,0.0162439037689232
1.97992310694735,0.514585667452107,-0.110933542782721,0.143658121040418,-0.0148550188832584,0.143658121040418,-0.0148550188832584,-0.717694491077214,0.0164908234267431
1.99365416754703,0.514283623684592,-0.111665118112593,0.143637201027117,-0.0149694167529208,0.143637201027117,-0.0149694167529208,-0.717817085767151,0.0167405377304958
2.00748045508988,0.513977357494965,-0.112400452678978,0.14361576724821,-0.0150845804107969,0.14361576724821,-0.0150845804107968,-0.717939495866517,0.0169930616266642
2.0214026299889,0.513666821237464,-0.113139543797228,0.143593811969349,-0.0152005112677619,0.143593811969349,-0.0152005112677619,-0.71806170267686,0.0172484099021971
2.03542135723711,0.513351966934827,-0.113882388327446,0.143571327403046,-0.0153172106628835,0.143571327403046,-0.0153172106628835,-0.718183687375411,0.0175065971833319
2.0495373064394,0.513032746279085,-0.114628982666583,0.143548305709258,-0.0154346798623778,0.143548305709258,-0.0154346798623778,-0.718305431019301,0.0177676379345525
2.06375115184445,0.512709110632446,-0.115379322740413,0.143524738995983,-0.0155529200585684,0.143524738995983,-0.0155529200585684,-0.718426914549791,0.0180315464576769
2.07806357237695,0.512381011028264,-0.116133403995401,0.143500619319872,-0.0156719323688478,0.143500619319872,-0.0156719323688478,-0.71854811879654,0.0182983368910827
2.09247525167004,0.512048398172115,-0.116891221390453,0.143475938686852,-0.0157917178346406,0.143475938686852,-0.0157917178346406,-0.71866902448187,0.0185680232090656
2.10698687809795,0.511711222442963,-0.117652769388539,0.14345068905276,-0.0159122774203686,0.14345068905276,-0.0159122774203686,-0.718789612225065,0.0188406192213366
2.12159914480891,0.511369433894442,-0.118418041948215,0.143424862323993,-0.0160336120124194,0.143424862323993,-0.0160336120124194,-0.718909862546663,0.0191161385726545
2.1363127497582,0.511022982256238,-0.119187032515008,0.143398450358177,-0.0161557224181156,0.143398450358177,-0.0161557224181156,-0.719029755872757,0.0193945947425971
2.15112839574156,0.510671816935585,-0.119959734012693,0.143371444964832,-0.0162786093646871,0.143371444964832,-0.0162786093646871,-0.719149272539295,0.0196760010454712
2.1660467904287,0.510315887018894,-0.120736138834443,0.143343837906074,-0.0164022734982453,0.143343837906073,-0.0164022734982453,-0.719268392796378,0.0199603706303596
2.18106864639712,0.509955141273483,-0.121516238833863,0.143315620897306,-0.016526715382759,0.143315620897306,-0.016526715382759,-0.719387096812539,0.0202477164813079
2.19619468116618,0.509589528149454,-0.122300025315899,0.143286785607943,-0.0166519354990332,0.143286785607943,-0.0166519354990332,-0.71950536467902,0.020538051417649
2.21142561723131,0.509218995781695,-0.123087489027626,0.143257323662135,-0.0167779342436882,0.143257323662135,-0.0167779342436882,-0.719623176414016,0.0208313880944665
2.22676218209858,0.508843491992022,-0.123878620148915,0.143227226639512,-0.0169047119281427,0.143227226639512,-0.0169047119281427,-0.719740511966907,0.0211277390031955
2.24220510831939,0.508462964291462,-0.124673408282978,0.143196486075942,-0.017032268777597,0.143196486075942,-0.017032268777597,-0.719857351222457,0.0214271164723615
2.25775513352553,0.508077359882694,-0.125471842446794,0.143165093464294,-0.0171606049300185,0.143165093464294,-0.0171606049300185,-0.719973674004976,0.0217295326684538
2.27341300046436,0.50768662566263,-0.126273911061408,0.143133040255229,-0.0172897204351298,0.143133040255229,-0.0172897204351298,-0.720089460082453,0.0220349995969387
2.28917945703428,0.50729070822517,-0.127079601942116,0.143100317857992,-0.0174196152533966,0.143100317857992,-0.0174196152533966,-0.720204689170637,0.0223435291034033
2.30505525632052,0.506889553864114,-0.127888902288523,0.143066917641224,-0.0175502892550193,0.143066917641224,-0.0175502892550193,-0.720319340937086,0.0226551328748349
2.32104115663104,0.506483108576247,-0.128701798674493,0.143032830933785,-0.0176817422189244,0.143032830933785,-0.0176817422189244,-0.720433395005144,0.0229698224410335
2.33713792153279,0.506071318064603,-0.129518277037966,0.142998049025597,-0.0178139738317582,0.142998049025597,-0.0178139738317582,-0.720546830957885,0.0232876091761523
2.35334631988814,0.505654127741912,-0.130338322670669,0.142962563168494,-0.0179469836868819,0.142962563168494,-0.0179469836868819,-0.720659628341983,0.023608504300371
2.36966712589169,0.505231482734229,-0.131161920207707,0.142926364577091,-0.0180807712833678,0.142926364577091,-0.0180807712833678,-0.720771766671518,0.0239325188816935
2.38610111910714,0.504803327884769,-0.131989053617041,0.142889444429665,-0.0182153360249969,0.142889444429665,-0.0182153360249969,-0.720883225431726,0.0242596638378723
2.40264908450462,0.504369607757933,-0.132819706188852,0.142851793869055,-0.0183506772192579,0.142851793869055,-0.0183506772192579,-0.72099398408266,0.0245899499384568
2.41931181249812,0.503930266643546,-0.133653860524796,0.142813404003575,-0.0184867940763471,0.142813404003575,-0.0184867940763471,-0.721104022062788,0.0249233878069609
2.43609009898327,0.503485248561307,-0.134491498527147,0.142774265907937,-0.0186236857081698,0.142774265907937,-0.0186236857081698,-0.721213318792502,0.025259987923152
2.45298474537537,0.503034497265459,-0.13533260138784,0.142734370624202,-0.0187613511273429,0.142734370624202,-0.0187613511273429,-0.721321853677547,0.0255997606254547
2.46999655864764,0.502577956249681,-0.136177149577404,0.142693709162736,-0.018899789246198,0.142693709162736,-0.018899789246198,-0.721429606112361,0.0259427161134678
2.48712635136979,0.502115568752221,-0.137025122833795,0.142652272503186,-0.0190389988757867,0.142652272503186,-0.0190389988757867,-0.721536555483319,0.0262888644505941
2.50437494174681,0.501647277761257,-0.137876500151132,0.142610051595474,-0.0191789787248864,0.142610051595475,-0.0191789787248864,-0.721642681171889,0.0266382155667774
2.52174315365806,0.501173026020508,-0.138731259768342,0.142567037360809,-0.0193197273990068,0.142567037360809,-0.0193197273990068,-0.721747962557681,0.0269907792613435
2.53923181669665,0.500692756035098,-0.139589379157701,0.142523220692708,-0.0194612433993991,0.142523220692708,-0.0194612433993991,-0.721852379021394,0.0273465652059455
2.55684176620901,0.500206410077675,-0.140450835013302,0.142478592458048,-0.0196035251220647,0.142478592458048,-0.0196035251220647,-0.721955909947665,0.0277055829476066
2.57457384333485,0.499713930194793,-0.141315603239426,0.142433143498125,-0.0197465708567662,0.142433143498125,-0.0197465708567661,-0.722058534727798,0.0280678419118587
2.59242889504728,0.49921525821357,-0.142183658938839,0.142386864629736,-0.0198903787860398,0.142386864629736,-0.0198903787860398,-0.722160232762388,0.0284333514059733
2.61040777419332,0.498710335748618,-0.143054976401014,0.142339746646279,-0.0200349469842087,0.142339746646279,-0.0200349469842087,-0.722260983463826,0.0288021206222808
2.6285113395346,0.498199104209259,-0.143929529090273,0.142291780318873,-0.0201802734163985,0.142291780318873,-0.0201802734163985,-0.722360766258683,0.0291741586415754
2.64674045578839,0.497681504807033,-0.144807289633875,0.142242956397499,-0.0203263559375536,0.142242956397499,-0.0203263559375536,-0.722459560589985,0.0295494744366004
2.6650959936689,0.497157478563497,-0.14568822981003,0.142193265612155,-0.0204731922914565,0.142193265612155,-0.0204731922914565,-0.722557345919344,0.0299280768756131
2.68357882992886,0.496626966318337,-0.146572320535863,0.142142698674041,-0.0206207801097481,0.142142698674041,-0.0206207801097481,-0.722654101728985,0.0303099747260208
2.70218984740145,0.496089908737778,-0.147459531855326,0.142091246276756,-0.0207691169109508,0.142091246276756,-0.0207691169109508,-0.722749807523627,0.0306951766580887
2.72092993504239,0.49554624632332,-0.148349832927062,0.142038899097525,-0.0209182000994938,0.142038899097525,-0.0209182000994937,-0.722844442832243,0.031083691248713
2.73979998797246,0.49499591942079,-0.149243192012233,0.14198564779844,-0.0210680269647406,0.14198564779844,-0.0210680269647406,-0.722937987209683,0.0314755269852562
2.75880090752022,0.494438868229724,-0.150139576462314,0.141931483027729,-0.0212185946800207,0.141931483027729,-0.0212185946800207,-0.723030420238163,0.0318706922694397
2.77793360126509,0.49387503281309,-0.151038952706859,0.141876395421047,-0.0213699003016626,0.141876395421047,-0.0213699003016626,-0.723121721528617,0.0322691954212905
2.79719898308069,0.493304353107338,-0.151941286241246,0.141820375602791,-0.0215219407680317,0.141820375602791,-0.0215219407680317,-0.723211870721913,0.0326710446831374
2.81659797317847,0.492726768932812,-0.152846541614417,0.141763414187434,-0.0216747128985717,0.141763414187434,-0.0216747128985717,-0.723300847489925,0.0330762482236519
2.83613149815172,0.492142220004508,-0.153754682416602,0.141705501780893,-0.0218282133928497,0.141705501780893,-0.0218282133928497,-0.723388631536466,0.0334848141419313
2.85580049101974,0.491550645943191,-0.154665671267052,0.141646628981915,-0.0219824388296061,0.141646628981915,-0.0219824388296061,-0.723475202598078,0.0338967504716176
2.87560589127251,0.490951986286876,-0.155579469801782,0.141586786383491,-0.0221373856658099,0.141586786383491,-0.0221373856658099,-0.72356054044468,0.0343120651850483
2.89554864491548,0.490346180502683,-0.156496038661332,0.141525964574297,-0.0222930502357187,0.141525964574297,-0.0222930502357187,-0.723644624880067,0.0347307661974378
2.91562970451479,0.489733167999064,-0.157415337478547,0.141464154140159,-0.022449428749945,0.141464154140159,-0.022449428749945,-0.723727435742267,0.0351528613710794
2.93585002924278,0.489112888138416,-0.158337324866409,0.141401345665549,-0.0226065172945292,0.141401345665549,-0.0226065172945292,-0.723808952903751,0.0355783585195693
2.95621058492378,0.488485280250076,-0.159261958405897,0.141337529735111,-0.0227643118300187,0.141337529735111,-0.0227643118300187,-0.723889156271496,0.0360072654120446
2.97671234408028,0.48785028364371,-0.160189194633908,0.141272696935203,-0.0229228081905553,0.141272696935203,-0.0229228081905553,-0.723968025786898,0.0364395897774323
2.99735628597932,0.487207837623098,-0.161118989031245,0.141206837855488,-0.0230820020829704,0.141206837855488,-0.0230820020829704,-0.724045541425543,0.0368753393087052
3.01814339667932,0.486557881500322,-0.162051296010668,0.141139943090534,-0.023241889085889,0.141139943090534,-0.023241889085889,-0.724121683196823,0.0373145216671387
3.03907466907719,0.485900354610362,-0.162986068905037,0.141072003241461,-0.0234024646488434,0.141072003241461,-0.0234024646488434,-0.724196431143411,0.0377571444865676
3.06015110295567,0.485235196326093,-0.163923259955546,0.141003008917605,-0.0235637240913963,0.141003008917605,-0.0235637240913963,-0.724269765340585,0.0382032153776343
3.08137370503119,0.484562346073713,-0.164862820300058,0.140932950738226,-0.0237256626022759,0.140932950738226,-0.0237256626022759,-0.724341665895401,0.0386527419320278
3.10274348900188,0.483881743348573,-0.16580469996156,0.140861819334235,-0.0238882752385217,0.140861819334235,-0.0238882752385217,-0.724412112945726,0.0391057317267077
3.12426147559604,0.483193327731444,-0.166748847836741,0.140789605349965,-0.0240515569246432,0.140789605349965,-0.0240515569246432,-0.724481086659118,0.0395621923281075
3.14592869262085,0.482497038905199,-0.167695211684704,0.140716299444964,-0.0242155024517922,0.140716299444964,-0.0242155024517922,-0.724548567231564,0.0400221312963179
3.16774617501149,0.481792816671934,-0.168643738115839,0.140641892295831,-0.0243801064769487,0.140641892295831,-0.0243801064769487,-0.724614534886068,0.0404855561892394
3.18971496488059,0.481080600970515,-0.169594372580844,0.140566374598075,-0.0245453635221226,0.140566374598075,-0.0245453635221226,-0.724678969871099,0.0409524745667052
3.21183611156796,0.480360331894564,-0.17054705935993,0.140489737068019,-0.0247112679735708,0.140489737068019,-0.0247112679735708,-0.724741852458892,0.0414228939945691
3.23411067169074,0.479631949710881,-0.171501741552201,0.140411970444731,-0.024877814081032,0.140411970444731,-0.024877814081032,-0.724803162943605,0.0418968220487529
3.25653970919388,0.478895394878309,-0.172458361065245,0.140333065491992,-0.0250449959569796,0.140333065491992,-0.0250449959569795,-0.72486288163934,0.0423742663192511
3.27912429540095,0.478150608067039,-0.173416858604929,0.140253013000298,-0.0252128075758929,0.140253013000298,-0.0252128075758929,-0.724920988878018,0.0428552344140878
3.30186550906528,0.477397530178364,-0.174377173665421,0.140171803788901,-0.0253812427735501,0.140171803788901,-0.0253812427735501,-0.724977465007115,0.0433397339632249
3.32476443642155,0.476636102364867,-0.175339244519446,0.140089428707882,-0.0255502952463413,0.140089428707882,-0.0255502952463413,-0.725032290387266,0.0438277726224114
3.3478221712376,0.475866266051068,-0.176303008208806,0.140005878640262,-0.0257199585506048,0.140005878640262,-0.0257199585506048,-0.725085445389725,0.0443193580769795
3.37103981486675,0.475087962954511,-0.177268400535152,0.139921144504149,-0.0258902261019873,0.139921144504149,-0.0258902261019873,-0.725136910393694,0.044814498045574
3.39441847630035,0.474301135107302,-0.178235356051045,0.139835217254924,-0.0260610911748285,0.139835217254924,-0.0260610911748285,-0.725186665783526,0.0453132002838201
3.41795927222076,0.473505724878089,-0.179203808051309,0.139748087887457,-0.0262325469015728,0.139748087887457,-0.0262325469015728,-0.725234691945781,0.0458154725879188
3.44166332705473,0.472701674994494,-0.180173688564691,0.139659747438369,-0.0264045862722078,0.139659747438369,-0.0264045862722078,-0.725280969266167,0.0463213227981737
3.46553177302703,0.47188892856599,-0.181144928345853,0.139570186988325,-0.0265772021337325,0.139570186988325,-0.0265772021337325,-0.725325478126348,0.0468307588024381
3.48956575021462,0.471067429107218,-0.18211745686769,0.139479397664367,-0.0267503871896555,0.139479397664367,-0.0267503871896555,-0.725368198900629,0.0473437885394868
3.51376640660105,0.470237120561758,-0.183091202314015,0.13938737064228,-0.0269241339995245,0.13938737064228,-0.0269241339995245,-0.725409111952511,0.0478604200023041
3.53813489813128,0.469397947326324,-0.184066091572603,0.139294097149006,-0.0270984349784897,0.139294097149006,-0.0270984349784897,-0.725448197631136,0.0483806612412858
3.56267238876697,0.468549854275418,-0.185042050228629,0.139199568465079,-0.0272732823969015,0.139199568465079,-0.0272732823969015,-0.725485436267604,0.0489045203673559
3.58738005054197,0.4676927867864,-0.186019002558499,0.139103775927111,-0.0274486683799438,0.139103775927111,-0.0274486683799438,-0.725520808171175,0.0494320055549892
3.61225906361841,0.466826690765007,-0.186996871524102,0.139006710930312,-0.0276245849073058,0.139006710930312,-0.0276245849073058,-0.725554293625363,0.0499631250451418
3.63731061634298,0.465951512671285,-0.187975578767494,0.13890836493104,-0.0278010238128922,0.13890836493104,-0.0278010238128922,-0.725585872883907,0.0504978871480843
3.66253590530377,0.465067199545959,-0.188955044606029,0.138808729449397,-0.0279779767845745,0.138808729449397,-0.0279779767845745,-0.725615526166645,0.0510363002461363
3.68793613538733,0.464173699037211,-0.189935188027955,0.138707796071852,-0.0281554353639844,0.138707796071852,-0.0281554353639844,-0.725643233655268,0.0515783727962976
3.71351251983634,0.463270959427876,-0.190915926688489,0.138605556453913,-0.0283333909463514,0.138605556453913,-0.0283333909463513,-0.725668975488982,0.0521241133327764
3.73926628030746,0.462358929663049,-0.1918971769064,0.138502002322818,-0.0285118347803851,0.138502002322818,-0.0285118347803851,-0.725692731760058,0.0526735304694097
3.76519864692972,0.461437559378087,-0.192878853661087,0.138397125480275,-0.0286907579682061,0.138397125480275,-0.028690757968206,-0.725714482509286,0.0532266329019745
3.7913108583633,0.46050679892701,-0.193860870590207,0.138290917805231,-0.028870151465324,0.138290917805231,-0.028870151465324,-0.725734207721337,0.0537834294103879
3.81760416185865,0.459566599411285,-0.194843139987833,0.138183371256675,-0.0290500060806677,0.138183371256675,-0.0290500060806677,-0.725751887320019,0.054343928860793
3.84407981331609,0.458616912708997,-0.195825572803192,0.138074477876473,-0.0292303124766659,0.138074477876473,-0.0292303124766659,-0.725767501163459,0.0549081402075279
3.87073907734582,0.457657691504376,-0.196808078639968,0.137964229792244,-0.0294110611693835,0.137964229792244,-0.0294110611693835,-0.725781029039172,0.0554760724949801
3.89758322732826,0.4566888893177,-0.197790565756211,0.137852619220256,-0.0295922425287122,0.137852619220256,-0.0295922425287122,-0.725792450659071,0.0560477348593165
3.92461354547494,0.455710460535541,-0.198772941064859,0.13773963846836,-0.0297738467786187,0.13773963846836,-0.0297738467786187,-0.725801745654371,0.0566231365300948
3.95183132288971,0.454722360441352,-0.199755110134885,0.137625279938957,-0.0299558639974526,0.137625279938957,-0.0299558639974526,-0.725808893570425,0.0572022868317509
3.97923785963041,0.453724545246384,-0.200736977193092,0.137509536131989,-0.0301382841183141,0.137509536131989,-0.0301382841183141,-0.725813873861476,0.0577851951849584
4.00683446477099,0.45271697212093,-0.201718445126579,0.137392399647958,-0.0303210969294848,0.137392399647958,-0.0303210969294848,-0.725816665885341,0.0583718711078652
4.03462245646401,0.451699599225858,-0.202699415485872,0.137273863190978,-0.0305042920749222,0.137273863190978,-0.0305042920749222,-0.725817248898011,0.0589623242171974
4.06260316200361,0.450672385744455,-0.203679788488761,0.137153919571847,-0.0306878590548209,0.137153919571847,-0.0306878590548209,-0.725815602048192,0.0595565642292362
4.09077791788892,0.449635291914536,-0.204659463024848,0.13703256171115,-0.0308717872262406,0.13703256171115,-0.0308717872262406,-0.725811704371772,0.0601546009606609
4.11914806988789,0.448588279060832,-0.205638336660816,0.136909782642374,-0.0310560658038035,0.136909782642374,-0.0310560658038035,-0.725805534786232,0.0607564443292602
4.14771497310157,0.447531309627617,-0.206616305646448,0.136785575515063,-0.0312406838604634,0.136785575515063,-0.0312406838604633,-0.725797072084981,0.0613621043545087
4.17647999202884,0.446464347211582,-0.207593264921399,0.136659933597976,-0.0314256303283462,0.136659933597976,-0.0314256303283462,-0.725786294931654,0.0619715911580077
4.20544450063156,0.445387356594916,-0.208569108122751,0.136532850282276,-0.0316108939996664,0.136532850282276,-0.0316108939996664,-0.72577318185433,0.0625849149637894
4.23460988240025,0.444300303778601,-0.209543727593344,0.136404319084728,-0.0317964635277177,0.136404319084728,-0.0317964635277178,-0.725757711239716,0.0632020860984831
4.26397753042013,0.443203156015889,-0.210517014390924,0.136274333650922,-0.0319823274279424,0.136274333650922,-0.0319823274279424,-0.725739861327272,0.0638231149913421
4.29354884743766,0.442095881845942,-0.211488858298103,0.1361428877585,-0.0321684740790794,0.1361428877585,-0.0321684740790794,-0.725719610203288,0.0644480121741309
4.32332524592758,0.440978451127629,-0.212459147833151,0.136009975320404,-0.0323548917243929,0.136009975320404,-0.0323548917243929,-0.725696935794923,0.0650767882808713
4.35330814816033,0.439850835073447,-0.213427770261638,0.135875590388128,-0.0325415684729834,0.135875590388128,-0.0325415684729834,-0.72567181586419,0.0657094540474461
4.38349898627002,0.438713006283552,-0.214394611608935,0.135739727154982,-0.032728492301182,0.135739727154982,-0.032728492301182,-0.725644228001914,0.0663460203110608
4.41389920232282,0.437564938779884,-0.215359556673587,0.135602379959358,-0.0329156510540303,0.135602379959358,-0.0329156510540303,-0.725614149621648,0.0669864980095612
4.44451024838583,0.436406608040355,-0.216322489041574,0.135463543288005,-0.033103032446846,0.135463543288005,-0.033103032446846,-0.725581557953552,0.0676308981806061
4.47533358659646,0.435237991033082,-0.217283291101467,0.135323211779303,-0.0332906240668772,0.135323211779303,-0.0332906240668772,-0.725546430038247,0.0682792319606962
4.50637068923228,0.434059066250653,-0.218241844060499,0.135181380226537,-0.0334784133750448,0.135181380226537,-0.0334784133750448,-0.725508742720634,0.0689315105840561
4.53762303878129,0.432869813744381,-0.219198027961549,0.135038043581166,-0.0336663877077761,0.135038043581166,-0.0336663877077761,-0.725468472643697,0.0695877453813705
4.56909212801278,0.431670215158544,-0.220151721701069,0.134893196956091,-0.0338545342789291,0.134893196956091,-0.0338545342789291,-0.725425596242266,0.0702479477783731
4.60077946004862,0.430460253764572,-0.221102803047942,0.134746835628908,-0.0340428401818104,0.134746835628908,-0.0340428401818103,-0.725380089736779,0.070912129294288
4.63268654843505,0.429239914495162,-0.2220511486633,0.134598955045162,-0.0342312923912855,0.134598955045162,-0.0342312923912855,-0.725331929127011,0.0715803015401237
4.66481491721498,0.428009183978301,-0.222996634121294,0.134449550821572,-0.0344198777659853,0.134449550821572,-0.0344198777659852,-0.725281090185795,0.0722524762168172
4.69716610100076,0.426768050571153,-0.223939133930845,0.134298618749255,-0.0346085830506063,0.134298618749255,-0.0346085830506063,-0.725227548452726,0.072928665113231
4.72974164504755,0.425516504393806,-0.224878521558355,0.134146154796923,-0.0347973948783093,0.134146154796923,-0.0347973948783093,-0.725171279227859,0.073608880103999
4.76254310532705,0.424254537362832,-0.225814669451421,0.133992155114058,-0.0349862997732136,0.133992155114058,-0.0349862997732136,-0.725112257565395,0.0742931331472237
4.79557204860185,0.422982143224648,-0.226747449063518,0.133836616034065,-0.0351752841529899,0.133836616034065,-0.0351752841529899,-0.725050458267367,0.0749814362820234
4.82883005250031,0.421699317588633,-0.227676730879695,0.133679534077399,-0.0353643343315514,0.133679534077399,-0.0353643343315514,-0.724985855877313,0.0756738016259282
4.86231870559183,0.420406057959993,-0.228602384443256,0.133520905954657,-0.0355534365218442,0.133520905954657,-0.0355534365218442,-0.724918424673962,0.0763702413721261
4.89603960746281,0.419102363772324,-0.229524278383458,0.133360728569635,-0.0357425768387366,0.133360728569635,-0.0357425768387366,-0.724848138664915,0.0770707677865579
4.92999436879299,0.417788236419852,-0.230442280444204,0.133198999022358,-0.0359317413020084,0.133198999022358,-0.0359317413020084,-0.724774971580327,0.077775393204861
4.96418461143244,0.416463679289326,-0.231356257513751,0.133035714612054,-0.0361209158394403,0.133035714612054,-0.0361209158394403,-0.724698896866604,0.0784841300291617
4.99861196847899,0.415128697791523,-0.232266075655426,0.132870872840101,-0.0363100862900029,0.132870872840101,-0.0363100862900029,-0.724619887680107,0.0791969907247156
5.03327808435624,0.41378329939234,-0.233171600139352,0.132704471412911,-0.0364992384071461,0.132704471412911,-0.0364992384071461,-0.724537916880862,0.0799139878163972
5.06818461489212,0.412427493643436,-0.234072695475187,0.132536508244778,-0.0366883578621887,0.132536508244778,-0.0366883578621887,-0.724452957026298,0.0806351338850368
5.10333322739797,0.411061292212396,-0.234969225445865,0.132366981460662,-0.036877430247807,0.132366981460662,-0.0368774302478069,-0.724364980364982,0.081360441563605
5.13872560074817,0.409684708912393,-0.235861053142344,0.132195889398919,-0.0370664410816237,0.132195889398919,-0.0370664410816237,-0.724273958830392,0.0820899235332463
5.17436342546036,0.408297759731293,-0.236748040999362,0.132023230613974,-0.0372553758098958,0.132023230613974,-0.0372553758098958,-0.724179864034704,0.0828235925191592
5.21024840377617,0.406900462860198,-0.237630050832182,0.131849003878922,-0.0374442198112998,0.131849003878922,-0.0374442198112998,-0.724082667262598,0.0835614612863243
5.24638224974252,0.405492838721369,-0.238506943874334,0.13167320818807,-0.0376329584008166,0.13167320818807,-0.0376329584008166,-0.723982339465096,0.0843035426350803
5.2827666892935,0.404074909995516,-0.239378580816335,0.131495842759397,-0.0378215768337117,0.131495842759397,-0.0378215768337117,-0.723878851253432,0.0850498493965472
5.31940346033281,0.402646701648411,-0.240244821845396,0.13131690703695,-0.0380100603096122,0.13131690703695,-0.0380100603096122,-0.723772172892941,0.0858003944278962
5.35629431281677,0.401208240956786,-0.241105526686085,0.131136400693155,-0.0381983939766791,0.131136400693155,-0.0381983939766791,-0.723662274296994,0.0865551906074684
5.39344100883792,0.399759557533501,-0.241960554641958,0.130954323631043,-0.0383865629358729,0.130954323631043,-0.0383865629358729,-0.723549125020962,0.0873142508297396
5.43084532270915,0.398300683351925,-0.242809764638126,0.1307706759864,-0.0385745522453118,0.1307706759864,-0.0385745522453118,-0.723432694256217,0.0880775880001328
5.4685090410485,0.39683165276952,-0.243653015264766,0.130585458129816,-0.0387623469247213,0.130585458129816,-0.0387623469247213,-0.723312950824175,0.0888452150296781
5.50643396286443,0.395352502550571,-0.244490164821544,0.13039867066865,-0.0389499319599723,0.13039867066865,-0.0389499319599723,-0.723189863170385,0.0896171448295201
5.54462189964184,0.393863271888051,-0.245321071362945,0.13021031444889,-0.0391372923077085,0.13021031444889,-0.0391372923077085,-0.723063399358654,0.0903933903052713
5.58307467542852,0.392364002424568,-0.246145592744496,0.130020390556919,-0.0393244129000579,0.130020390556919,-0.0393244129000579,-0.722933527065231,0.0911739643512146
5.6217941269223,0.39085473827238,-0.246963586669852,0.129828900321178,-0.039511278649429,0.129828900321178,-0.039511278649429,-0.722800213573028,0.0919588798443515
5.66078210355879,0.389335526032425,-0.247774910738746,0.129635845313711,-0.0396978744533888,0.129635845313711,-0.0396978744533888,-0.722663425765901,0.0927481496382984
5.70004046759971,0.387806414812352,-0.248579422495761,0.129441227351611,-0.0398841851996196,0.129441227351611,-0.0398841851996196,-0.722523130122982,0.0935417865570299
5.73957109422183,0.386267456243512,-0.249376979479925,0.129245048498345,-0.040070195770953,0.129245048498345,-0.040070195770953,-0.72237929271307,0.0943398033884696
5.77937587160657,0.384718704496868,-0.250167439275084,0.129047311064964,-0.040255891050478,0.129047311064964,-0.040255891050478,-0.722231879189076,0.0951422128779282
5.81945670103016,0.383160216297816,-0.250950659561054,0.128848017611187,-0.0404412559267207,0.128848017611187,-0.0404412559267207,-0.722080854782532,0.0959490277213884
5.85981549695445,0.381592050939864,-0.251726498165503,0.128647170946363,-0.040626275298893,0.128647170946363,-0.040626275298893,-0.721926184298166,0.0967602605586386
5.90045418711838,0.380014270297144,-0.252494813116558,0.12844477413031,-0.0408109340822062,0.12844477413031,-0.0408109340822062,-0.721767832108536,0.0975759239662524
5.94137471263004,0.37842693883574,-0.253255462696093,0.128240830474011,-0.0409952172132479,0.128240830474011,-0.0409952172132479,-0.721605762148737,0.098396030450417
5.9825790280594,0.37683012362378,-0.254008305493684,0.128035343540186,-0.0411791096554177,0.128035343540186,-0.0411791096554177,-0.721439937911181,0.0992205924396084
6.02406910153166,0.375223894340287,-0.254753200461184,0.127828317143724,-0.0413625964044179,0.127828317143724,-0.0413625964044179,-0.721270322440439,0.100049622277114
6.06584691482126,0.37360832328274,-0.255490006967911,0.127619755351968,-0.041545662493798,0.127619755351968,-0.041545662493798,-0.721096878328172,0.100883132213405
6.10791446344653,0.371983485373333,-0.256218584856388,0.127409662484867,-0.0417282930005458,0.127409662484867,-0.0417282930005457,-0.720919567708129,0.101721134398351
6.15027375676503,0.370349458163896,-0.256938794498632,0.127198043114975,-0.0419104730507238,0.127198043114975,-0.0419104730507238,-0.720738352251232,0.102563640873291
6.19292681806951,0.368706321839466,-0.25765049685293,0.126984902067303,-0.0420921878251468,0.126984902067303,-0.0420921878251467,-0.720553193160738,0.103410663562946
6.23587568468454,0.367054159220455,-0.258353553521089,0.126770244419016,-0.042273422565094,0.126770244419016,-0.042273422565094,-0.720364051167489,0.104262214267179
6.27912240806387,0.365393055763433,-0.259047826806102,0.126554075498985,-0.0424541625780558,0.126554075498985,-0.0424541625780558,-0.720170886525251,0.105118304652608
6.32266905388835,0.363723099560461,-0.259733179770218,0.126336400887173,-0.0426343932435054,0.126336400887173,-0.0426343932435054,-0.719973659006139,0.105978946244064
6.36651770216467,0.362044381336985,-0.26040947629335,0.126117226413867,-0.0428141000186964,0.126117226413867,-0.0428141000186964,-0.719772327896139,0.106844150415896
6.41067044732463,0.360356994448249,-0.261076581131802,0.125896558158752,-0.0429932684444767,0.125896558158752,-0.0429932684444767,-0.71956685199072,0.107713928383129
6.45512939832527,0.358661034874221,-0.261734359977263,0.125674402449815,-0.0431718841511183,0.125674402449815,-0.0431718841511183,-0.719357189590546,0.108588291192467
6.49989667874954,0.356956601213007,-0.262382679516027,0.125450765862092,-0.043349932864154,0.125450765862092,-0.043349932864154,-0.719143298497293,0.109467249713143
6.54497442690774,0.35524379467274,-0.263021407488408,0.125225655216246,-0.0435274004102198,0.125225655216246,-0.0435274004102198,-0.718925136009559,0.110350814627624
6.5903647959397,0.353522719061921,-0.263650412748286,0.124999077576976,-0.0437042727228957,0.124999077576976,-0.0437042727228957,-0.71870265891889,0.111238996422159
6.63606995391757,0.351793480778215,-0.264269565322756,0.124771040251261,-0.04388053584854,0.124771040251261,-0.04388053584854,-0.718475823505904,0.112131805377179
6.68209208394941,0.350056188795663,-0.264878736471831,0.124541550786428,-0.0440561759521124,0.124541550786428,-0.0440561759521124,-0.718244585536536,0.113029251557543
6.72843338428345,0.348310954650326,-0.26547779874815,0.124310616968059,-0.0442311793229806,0.124310616968059,-0.0442311793229806,-0.71800890025839,0.113931344802644
6.77509606841313,0.34655789242433,-0.266066626056644,0.124078246817713,-0.0444055323807041,0.124078246817713,-0.0444055323807041,-0.717768722397211,0.114838094716347
6.82208236518274,0.344797118728317,-0.266645093714116,0.123844448590486,-0.044579221680791,0.123844448590486,-0.044579221680791,-0.71752400615347,0.115749510656794
6.86939451889399,0.343028752682288,-0.267213078508687,0.123609230772396,-0.0447522339204209,0.123609230772396,-0.0447522339204209,-0.717274705199084,0.116665601726048
6.91703478941313,0.341252915894836,-0.267770458759058,0.12337260207759,-0.0449245559441294,0.12337260207759,-0.0449245559441294,-0.717020772674247,0.117586376759595
6.96500545227891,0.339469732440764,-0.268317114373535,0.123134571445381,-0.0450961747494476,0.123134571445381,-0.0450961747494476,-0.716762161184398,0.118511844315688
7.0133087988113,0.337679328837084,-0.268852926908777,0.122895148037114,-0.045267077492492,0.122895148037114,-0.045267077492492,-0.716498822797317,0.119442012664552
7.06194713622089,0.335881834017404,-0.269377779628209,0.122654341232856,-0.0454372514934976,0.122654341232856,-0.0454372514934976,-0.716230709040355,0.120376889777433
7.11092278771915,0.334077379304696,-0.269891557560053,0.122412160627915,-0.0456066842422896,0.122412160627915,-0.0456066842422896,-0.715957770897802,0.121316483315502
7.16023809262934,0.332266098382449,-0.270394147554929,0.122168616029185,-0.0457753634036872,0.122168616029185,-0.0457753634036873,-0.715679958808396,0.122260800618608
7.20989540649828,0.330448127264223,-0.270885438342969,0.121923717451322,-0.0459432768228344,0.121923717451322,-0.0459432768228344,-0.715397222662973,0.123209848693886
7.25989710120885,0.328623604261591,-0.271365320590402,0.121677475112756,-0.0461104125304503,0.121677475112756,-0.0461104125304503,-0.715109511802264,0.124163634204219
7.31024556509332,0.326792669950496,-0.271833686955548,0.121429899431521,-0.0462767587479956,0.121429899431521,-0.0462767587479956,-0.714816775014845,0.125122163456549
7.36094320304735,0.324955467136024,-0.272290432144188,0.121181001020933,-0.0464423038927469,0.121181001020933,-0.0464423038927469,-0.714518960535237,0.126085442390044
7.41199243664497,0.323112140815601,-0.272735452964234,0.120930790685096,-0.0466070365827746,0.120930790685096,-0.0466070365827746,-0.71421601604216,0.12705347656412
7.46339570425412,0.321262838140643,-0.273168648379676,0.120679279414243,-0.0467709456418179,0.120679279414243,-0.0467709456418179,-0.713907888656957,0.128026271146315
7.51515546115323,0.319407708376655,-0.273589919563735,0.120426478379922,-0.046934020104051,0.120426478379922,-0.046934020104051,-0.713594524942169,0.129003830900022
7.56727417964842,0.31754690286181,-0.273999169951185,0.12017239893002,-0.0470962492187362,0.12017239893002,-0.0470962492187362,-0.713275870900284,0.129986160172076
7.61975434919166,0.315680574964026,-0.274396305289781,0.119917052583635,-0.0472576224547548,0.119917052583635,-0.0472576224547548,-0.712951871972654,0.130973262880193
7.67259847649959,0.313808880036554,-0.274781233690765,0.119660451025789,-0.047418129505015,0.119660451025789,-0.047418129505015,-0.71262247303859,0.131965142500275
7.72580908567334,0.311931975372108,-0.275153865678376,0.119402606101997,-0.0475777602907264,0.119402606101997,-0.0475777602907264,-0.712287618414627,0.132961802053566
7.77938871831903,0.310050020155557,-0.275514114238337,0.119143529812689,-0.047736504965539,0.119143529812689,-0.047736504965539,-0.711947251853977,0.133963244093671
7.83333993366922,0.308163175415209,-0.275861894865259,0.118883234307486,-0.04789435391954,0.118883234307486,-0.04789435391954,-0.711601316546162,0.134969470693428
7.8876653087051,0.306271603972709,-0.276197125608925,0.118621731879342,-0.0480512977831025,0.118621731879342,-0.0480512977831025,-0.711249755116846,0.135980483431651
7.94236743827963,0.304375470391589,-0.276519727119392,0.118359034958544,-0.0482073274305819,0.118359034958544,-0.0482073274305819,-0.710892509627843,0.136996283379721
7.99744893524145,0.302474940924491,-0.276829622690893,0.118095156106588,-0.0483624339838549,0.118095156106588,-0.0483624339838549,-0.710529521577339,0.138016871088051
8.0529124305597,0.300570183459111,-0.277126738304462,0.117830108009923,-0.0485166088156948,0.117830108009923,-0.0485166088156948,-0.710160731900303,0.139042246572409
8.10876057344967,0.298661367462884,-0.277411002669272,0.117563903473576,-0.0486698435529797,0.117563903473576,-0.0486698435529797,-0.70978608096911,0.140072409300102
8.16499603149936,0.296748663926448,-0.277682347262614,0.117296555414657,-0.0488221300797281,0.117296555414657,-0.048822130079728,-0.709405508594368,0.141107358176034
8.22162149079689,0.294832245305944,-0.277940706368501,0.117028076855755,-0.0489734605399572,0.117028076855755,-0.0489734605399572,-0.709018954025961,0.142147091528624
8.27863965605879,0.292912285464157,-0.278186017114841,0.116758480918223,-0.0491238273403603,0.116758480918223,-0.0491238273403603,-0.70862635595431,0.143191607095593
8.33605325075921,0.290988959610582,-0.278418219509149,0.116487780815361,-0.0492732231527976,0.116487780815361,-0.0492732231527975,-0.708227652511855,0.14424090200962
8.39386501726,0.289062444240409,-0.278637256472757,0.116215989845507,-0.0494216409165971,0.116215989845507,-0.0494216409165971,-0.707822781274762,0.145294972783875
8.45207771694168,0.287132917072521,-0.278843073873492,0.11594312138503,-0.0495690738406627,0.11594312138503,-0.0495690738406627,-0.70741167926486,0.146353815297416
8.51069413033537,0.285200556986504,-0.279035620556778,0.115669188881244,-0.0497155154053829,0.115669188881244,-0.0497155154053829,-0.70699428295182,0.147417424780462
8.56971705725559,0.283265543958754,-0.279214848375143,0.115394205845239,-0.0498609593643394,0.115394205845239,-0.0498609593643394,-0.706570528255563,0.148485795799545
8.62914931693396,0.281328058997698,-0.279380712216084,0.115118185844638,-0.0500053997458108,0.115118185844638,-0.0500053997458108,-0.706140350548925,0.14955892224254
8.68899374815392,0.279388284078202,-0.279533170028278,0.11484114249629,-0.0501488308540676,0.11484114249629,-0.0501488308540676,-0.705703684660556,0.150636797303564
8.74925320938629,0.277446402075198,-0.279672182846095,0.114563089458903,-0.0502912472704574,0.114563089458903,-0.0502912472704574,-0.70526046487809,0.151719413467771
8.80993057892579,0.275502596696591,-0.279797714812401,0.114284040425618,-0.0504326438542757,0.114284040425618,-0.0504326438542757,-0.704810624951558,0.152806762496018
8.87102875502857,0.273557052415498,-0.279909733199617,0.114004009116542,-0.0505730157434207,0.114004009116542,-0.0505730157434207,-0.704354098097077,0.153898835409425
8.93255065605059,0.271609954401867,-0.280008208429013,0.113723009271232,-0.0507123583548288,0.113723009271232,-0.0507123583548288,-0.703890817000801,0.154995622473816
8.99449922058705,0.269661488453528,-0.280093114088224,0.113441054641158,-0.0508506673846908,0.113441054641158,-0.0508506673846908,-0.703420713823146,0.156097113184056
9.05687740761275,0.267711840926744,-0.280164426946957,0.113158158982121,-0.0509879388084439,0.113158158982121,-0.050987938808444,-0.702943720203297,0.157203296248274
9.11968819662343,0.265761198666299,-0.280222126970889,0.112874336046672,-0.0511241688805405,0.112874336046672,-0.0511241688805405,-0.702459767263998,0.15831415957199
9.18293458777804,0.263809748935196,-0.280266197333714,0.112589599576501,-0.0512593541339907,0.112589599576501,-0.0512593541339907,-0.701968785616627,0.159429690242129
9.2466196020421,0.261857679344002,-0.280296624427366,0.112303963294828,-0.051393491379678,0.112303963294828,-0.051393491379678,-0.701470705366573,0.160549874510949
9.31074628133199,0.259905177779919,-0.280313397870361,0.112017440898799,-0.051526577705448,0.112017440898799,-0.051526577705448,-0.700965456118909,0.161674697779857
9.3753176886602,0.257952432335624,-0.280316510514291,0.111730046051882,-0.0516586104749675,0.111730046051882,-0.0516586104749675,-0.700452966984368,0.162804144583149
9.44033690828169,0.255999631237933,-0.280305958448434,0.111441792376287,-0.0517895873263552,0.111441792376287,-0.0517895873263552,-0.699933166585631,0.163938198571646
9.50580704584117,0.254046962776362,-0.280281741002486,0.111152693445408,-0.0519195061705839,0.111152693445408,-0.0519195061705839,-0.699405983063938,0.165076842496254
9.57173122852146,0.252094615231624,-0.28024386074742,0.110862762776294,-0.0520483651896529,0.110862762776294,-0.0520483651896529,-0.69887134408601,0.166220058191435
9.63811260519287,0.250142776804138,-0.280192323494452,0.110572013822158,-0.0521761628345325,0.110572013822158,-0.0521761628345325,-0.698329176851306,0.167367826558602
9.70495434656358,0.248191635542593,-0.280127138292134,0.11028045996494,-0.0523028978228797,0.11028045996494,-0.0523028978228797,-0.697779408099612,0.168520127549438
9.7722596453311,0.246241379272637,-0.280048317421564,0.10998811450791,-0.0524285691365281,0.10998811450791,-0.0524285691365281,-0.697221964118964,0.169676940149147
9.84003171633479,0.244292195525734,-0.279955876389731,0.109694990668344,-0.0525531760187501,0.109694990668344,-0.0525531760187501,-0.696656770753924,0.170838242359633
9.90827379670937,0.24234427146827,-0.279849833920989,0.109401101570263,-0.052676717971296,0.109401101570263,-0.052676717971296,-0.6960837534142,0.172004011182623
9.97698914603959,0.240397793830936,-0.279730211946675,0.109106460237247,-0.0527991947512093,0.109106460237247,-0.0527991947512093,-0.695502837083622,0.173174222602731
10.0461810465159,0.238452948838468,-0.279597035592892,0.10881107958533,-0.0529206063674208,0.10881107958533,-0.0529206063674208,-0.694913946329488,0.174348851570462
10.1158528030912,0.236509922139789,-0.279450333166446,0.108514972415995,-0.0530409530771243,0.108514972415995,-0.0530409530771243,-0.694317005312264,0.175527871985184
10.1860077436388,0.23456889873861,-0.279290136138985,0.108218151409252,-0.0531602353819354,0.108218151409252,-0.0531602353819354,-0.693711937795675,0.17671125667804
10.2566492191112,0.232630062924552,-0.279116479129322,0.10792062911683,-0.0532784540238359,0.10792062911683,-0.0532784540238359,-0.693098667157161,0.177898977394838
10.3277806037004,0.230693598204829,-0.278929399883998,0.107622417955479,-0.0533956099809085,0.107622417955479,-0.0533956099809085,-0.692477116398727,0.179091004778899
10.3994052949988,0.228759687236561,-0.278728939256068,0.107323530200389,-0.0535117044628619,0.107323530200389,-0.053511704462862,-0.691847208158184,0.180287308353888
10.4715267141616,0.226828511759759,-0.278515141182165,0.107023977978731,-0.0536267389063527,0.107023977978731,-0.0536267389063527,-0.691208864720784,0.181487856506621
10.5441483060703,0.224900252531038,-0.278288052657846,0.106723773263338,-0.0537407149701054,0.106723773263338,-0.0537407149701054,-0.690562008031262,0.182692616469857
10.6172735394972,0.222975089258111,-0.278047723711258,0.106422927866516,-0.0538536345298361,0.106422927866516,-0.0538536345298361,-0.68990655970629,0.183901554305092
10.6909059072708,0.221053200535106,-0.277794207375143,0.106121453434004,-0.0539654996729825,0.106121453434004,-0.0539654996729825,-0.689242441047341,0.185114634885344
10.7650489264432,0.219134763778762,-0.277527559657223,0.105819361439087,-0.0540763126932455,0.105819361439087,-0.0540763126932455,-0.688569573053976,0.186331821877953
10.8397061384575,0.217219955165548,-0.277247839508978,0.105516663176863,-0.0541860760849465,0.105516663176863,-0.0541860760849465,-0.687887876437563,0.187553077727391
10.9148811093176,0.215308949569752,-0.276955108792876,0.105213369758675,-0.0542947925372044,0.105213369758675,-0.0542947925372044,-0.687197271635425,0.188778363638097
10.9905774297578,0.213401920502585,-0.276649432248061,0.10490949210671,-0.0544024649279397,0.10490949210671,-0.0544024649279397,-0.68649767882543,0.19000763955734
11.0667987154147,0.21149904005234,-0.276330877454557,0.104605040948783,-0.0545090963177067,0.104605040948783,-0.0545090963177067,-0.685789017941023,0.191240864158125
11.1435486070002,0.209600478825652,-0.275999514796013,0.104300026813284,-0.0546146899433636,0.104300026813284,-0.0546146899433636,-0.685071208686712,0.192477994822137
11.2208307704748,0.207706405889901,-0.275655417421031,0.103994460024331,-0.0547192492115822,0.103994460024331,-0.0547192492115822,-0.684344170554007,0.193718987622751
11.2986488972231,0.205816988716791,-0.27529866120312,0.103688350697099,-0.0548227776922057,0.103688350697099,-0.0548227776922057,-0.68360782283783,0.194963797308097
11.3770067042298,0.203932393127144,-0.274929324699305,0.103381708733353,-0.0549252791114586,0.103381708733353,-0.0549252791114586,-0.682862084653378,0.196212377284203
11.4559079342577,0.202052783236956,-0.274547489107452,0.103074543817183,-0.0550267573450153,0.103074543817183,-0.0550267573450153,-0.682106874953474,0.197464679598222
11.535356356026,0.200178321404726,-0.274153238222333,0.102766865410937,-0.0551272164109338,0.102766865410937,-0.0551272164109338,-0.681342112546386,0.198720654921745
11.6153557643908,0.198309168180116,-0.27374665839049,0.102458682751375,-0.0552266604624609,0.102458682751375,-0.055226660462461,-0.680567716114139,0.199980252534227
11.6959099805258,0.19644548225396,-0.27332783846393,0.102150004846029,-0.0553250937807144,0.102150004846029,-0.0553250937807144,-0.679783604231306,0.201243420306516
11.7770228521052,0.194587420409643,-0.27289686975271,0.101840840469785,-0.0554225207672496,0.101840840469785,-0.0554225207672497,-0.678989695384301,0.202510104684509
11.8586982534876,0.192735137475904,-0.272453845976447,0.101531198161688,-0.0555189459365179,0.101531198161688,-0.0555189459365179,-0.67818590799117,0.20378025067295
11.9409400859005,0.190888786281054,-0.271998863214806,0.101221086221969,-0.0556143739082214,0.101221086221969,-0.0556143739082214,-0.677372160421879,0.205053801819358
12.0237522776272,0.189048517608666,-0.271532019857017,0.100910512709307,-0.0557088093995732,0.100910512709307,-0.0557088093995732,-0.67654837101912,0.206330700198131
12.1071387841942,0.187214480154738,-0.271053416550458,0.100599485438317,-0.05580225721747,0.100599485438317,-0.05580225721747,-0.675714458119624,0.207610886394805
12.1911035885602,0.185386820486353,-0.270563156148367,0.100288011977278,-0.0558947222505821,0.100288011977278,-0.0558947222505821,-0.674870340075988,0.208894299490503
12.2756507013062,0.18356568300186,-0.270061343656724,0.099976099646096,-0.0559862094613706,0.099976099646096,-0.0559862094613706,-0.674015935279035,0.210180877046574
12.3607841608273,0.181751209892597,-0.269548086180356,0.0996637555145064,-0.056076723878038,0.0996637555145064,-0.056076723878038,-0.673151162180681,0.21147055508944
12.4465080335254,0.17994354110615,-0.269023492868305,0.099350986400523,-0.0561662705864188,0.099350986400523,-0.0561662705864188,-0.672275939317347,0.212763268095664
12.5328264140034,0.178142814311189,-0.268487674858535,0.0990377988691271,-0.0562548547218189,0.0990377988691271,-0.0562548547218189,-0.671390185333895,0.214058948977255
12.6197434252612,0.176349164863872,-0.267940745221989,0.0987241992312037,-0.0563424814608106,0.0987241992312037,-0.0563424814608106,-0.670493819008095,0.215357529067211
12.7072632188919,0.174562725775834,-0.26738281890609,0.0984101935427259,-0.0564291560129904,0.0984101935427259,-0.0564291560129904,-0.669586759275642,0.216658938105333
12.7953899752808,0.172783627683768,-0.266814012677698,0.0980957876041873,-0.0565148836127079,0.0980957876041874,-0.0565148836127079,-0.668668925255697,0.217963104224312
12.8841279038047,0.171011998820612,-0.266234445065601,0.0977809869602842,-0.0565996695107731,0.0977809869602842,-0.0565996695107731,-0.66774023627699,0.219269953936107
12.9734812430331,0.169247964988326,-0.265644236302571,0.0974657968998479,-0.0566835189661491,0.0974657968998479,-0.0566835189661491,-0.666800611904446,0.220579412118626
13.0634542609305,0.167491649532286,-0.265043508267052,0.097150222456028,-0.0567664372376389,0.097150222456028,-0.0567664372376389,-0.665849971966376,0.221891402002736
13.1540512550606,0.165743173317278,-0.264432384424513,0.0968342684067276,-0.0568484295755728,0.0968342684067276,-0.0568484295755728,-0.664888236582205,0.223205845159601
13.2452765527909,0.164002654705101,-0.263810989768525,0.0965179392752879,-0.0569295012135052,0.0965179392752879,-0.0569295012135052,-0.663915326190752,0.224522661488378
13.3371345115004,0.162270209533772,-0.263179450761612,0.0962012393314255,-0.0570096573599273,0.0962012393314255,-0.0570096573599273,-0.66293116157906,0.225841769204283
13.4296295187868,0.160545951098329,-0.26253789527592,0.0958841725924194,-0.0570889031900039,0.0958841725924194,-0.0570889031900039,-0.66193566391177,0.227163084827045
13.5227659926764,0.158829990133233,-0.261886452533752,0.0955667428245477,-0.0571672438373418,0.0955667428245477,-0.0571672438373418,-0.660928754761052,0.228486523169752
13.6165483818355,0.157122434796349,-0.26122525304802,0.0952489535447736,-0.0572446843857973,0.0952489535447736,-0.0572446843857973,-0.659910356137083,0.229811997328132
13.7109811657822,0.155423390654512,-0.260554428562655,0.0949308080226792,-0.05732122986133,0.0949308080226792,-0.05732122986133,-0.658880390519063,0.231139418670263
13.806068855101,0.153732960670656,-0.259874111993031,0.0946123092826451,-0.0573968852239107,0.0946123092826451,-0.0573968852239107,-0.657838780886794,0.232468696826739
13.9018159916578,0.1520512451925,-0.259184437366436,0.094293460106276,-0.057471655359491,0.094293460106276,-0.057471655359491,-0.656785450752788,0.233799739681311
13.998227148817,0.15037834194278,-0.258485539762644,0.093974263035068,-0.0575455450720411,0.093974263035068,-0.0575455450720411,-0.655720324194923,0.235132453362019
14.0953069316601,0.148714346011006,-0.257777555254627,0.0936547203733182,-0.057618559075664,0.0936547203733182,-0.057618559075664,-0.654643325889643,0.236466742232836
14.1930599772055,0.147059349846732,-0.257060620849454,0.0933348341912723,-0.0576907019867926,0.0933348341912723,-0.0576907019867926,-0.653554381145683,0.237802508885837
14.2914909546299,0.145413443254326,-0.256334874429412,0.0930146063285088,-0.0577619783164771,0.0930146063285088,-0.0577619783164771,-0.652453415938333,0.239139654133922
14.3906045654914,0.143776713389214,-0.2556004546934,0.092694038397557,-0.0578323924627699,0.092694038397557,-0.0578323924627699,-0.65134035694423,0.240478077004098
14.4904055439544,0.142149244755583,-0.254857501098625,0.0923731317877458,-0.0579019487032148,0.0923731317877458,-0.0579019487032148,-0.650215131576663,0.241817674731354
14.5908986570152,0.140531119205521,-0.254106153802651,0.0920518876692801,-0.0579706511874466,0.0920518876692801,-0.0579706511874466,-0.649077668021406,0.243158342753143
14.6920887047298,0.138922415939577,-0.253346553605825,0.0917303069975423,-0.0580385039299099,0.0917303069975423,-0.0580385039299099,-0.647927895273054,0.244499974704482
14.7939805204436,0.137323211508707,-0.252578841894136,0.0914083905176144,-0.0581055108027008,0.0914083905176144,-0.0581055108027008,-0.646765743171861,0.245842462413708
14.8965789710218,0.1357335798176,-0.251803160582518,0.0910861387690178,-0.0581716755285407,0.0910861387690178,-0.0581716755285407,-0.645591142441084,0.247185695898893
14.999888957082,0.13415359212934,-0.251019652058662,0.0907635520906668,-0.0582370016738873,0.0907635520906668,-0.0582370016738873,-0.644404024724798,0.248529563364944
15.1039154132284,0.132583317071392,-0.250228459127335,0.0904406306260317,-0.0583014926421891,0.0904406306260317,-0.0583014926421891,-0.643204322626209,0.249873951201419
15.2086633082875,0.131022820642881,-0.249429724955276,0.0901173743285076,-0.0583651516672898,0.0901173743285076,-0.0583651516672898,-0.64199196974642,0.251218743981057
15.3141376455451,0.129472166223136,-0.248623593016674,0.089793782966984,-0.058427981806989,0.089793782966984,-0.058427981806989,-0.640766900723667,0.252563824459068
15.4203434629857,0.127931414581477,-0.247810207039261,0.0894698561316116,-0.058489985936764,0.0894698561316116,-0.058489985936764,-0.639529051272998,0.253909073573179
15.5272858335329,0.126400623888204,-0.246989710951066,0.0891455932397605,-0.0585511667436604,0.0891455932397606,-0.0585511667436604,-0.638278358226393,0.255254370444477
15.6349698652918,0.124879849726774,-0.246162248827837,0.0888209935421664,-0.0586115267203545,0.0888209935421664,-0.0586115267203545,-0.637014759573303,0.256599592379061
15.7434007017931,0.123369145107128,-0.245327964841169,0.0884960561292578,-0.0586710681593955,0.0884960561292578,-0.0586710681593955,-0.635738194501608,0.257944614870515
15.8525835222385,0.121868560480131,-0.244487003207362,0.0881707799376613,-0.0587297931476315,0.0881707799376613,-0.0587297931476315,-0.634448603438965,0.259289311603242
15.9625235417481,0.120378143753119,-0.243639508137033,0.0878451637568785,-0.0587877035608245,0.0878451637568785,-0.0587877035608245,-0.633145928094546,0.260633554456663
16.07322601161,0.118897940306484,-0.242785623785496,0.0875192062361285,-0.0588448010584599,0.0875192062361285,-0.0588448010584599,-0.631830111501139,0.261977213510307
16.1846962195303,0.117427993011306,-0.241925494203949,0.0871929058913521,-0.0589010870787553,0.0871929058913521,-0.0589010870787553,-0.630501098057605,0.263320157049814
16.2969394898867,0.115968342247968,-0.241059263291473,0.0868662611123709,-0.0589565628338732,0.0868662611123709,-0.0589565628338732,-0.629158833571666,0.264662251573871
16.4099611839816,0.114519025925737,-0.240187074747866,0.0865392701701951,-0.0590112293053417,0.0865392701701952,-0.0590112293053417,-0.62780326530301,0.266003361802096
16.5237667002994,0.113080079503281,-0.239309072027338,0.0862119312244757,-0.0590650872396885,0.0862119312244757,-0.0590650872396885,-0.626434342006702,0.267343350683896
16.6383614747635,0.111651536010082,-0.23842539829307,0.0858842423310929,-0.0591181371442924,0.0858842423310929,-0.0591181371442924,-0.62505201397686,0.268682079408315
16.7537509809962,0.110233426068713,-0.237536196372665,0.0855562014498767,-0.0591703792834548,0.0855562014498767,-0.0591703792834548,-0.623656233090606,0.270019407414894
16.8699407305804,0.108825777917948,-0.236641608714494,0.0852278064524512,-0.0592218136746971,0.0852278064524512,-0.0592218136746971,-0.622246952852242,0.271355192405559
16.9869362733223,0.10742861743668,-0.235741777344961,0.0848990551301989,-0.0592724400852871,0.084899055130199,-0.0592724400852871,-0.620824128437649,0.272689290357556
17.1047431975172,0.106041968168593,-0.234836843826696,0.0845699452023354,-0.0593222580289965,0.0845699452023354,-0.0593222580289965,-0.619387716738878,0.274021555537459
17.2233671302159,0.104665851347586,-0.233926949217673,0.0842404743240905,-0.0593712667630955,0.0842404743240905,-0.0593712667630955,-0.617937676408908,0.275351840516253
17.3428137374936,0.10330028592388,-0.233012234031287,0.0839106400949879,-0.0594194652855847,0.0839106400949879,-0.0594194652855847,-0.61647396790655,0.276679996185528
17.4630887247206,0.101945288590812,-0.232092838197381,0.0835804400672169,-0.0594668523326705,0.0835804400672169,-0.0594668523326705,-0.614996553541476,0.278005871774788
17.5841978368348,0.100600873812252,-0.23116890102423,0.0832498717540889,-0.0595134263764835,0.0832498717540889,-0.0595134263764835,-0.613505397519332,0.279329314869899
17.7061468586161,0.0992670538506337,-0.2302405611615,0.0829189326385725,-0.0595591856230453,0.0829189326385725,-0.0595591856230453,-0.612000465986927,0.280650171432686
17.8289416149627,0.0979438387955528,-0.229307956564182,0.0825876201819001,-0.0596041280104843,0.0825876201819001,-0.0596041280104843,-0.610481727077455,0.281968285821702
17.9525879711692,0.0966312365929079,-0.228371224457493,0.0822559318322378,-0.0596482512075039,0.0822559318322378,-0.0596482512075039,-0.608949150955728,0.283283500814179
18.0770918332073,0.0953292530745492,-0.227430501302769,0.0819238650334136,-0.0596915526121046,0.0819238650334136,-0.0596915526121046,-0.607402709863394,0.284595657629175
18.2024591480069,0.0940378919884065,-0.226485922764339,0.0815914172336943,-0.0597340293505613,0.0815914172336943,-0.0597340293505613,-0.605842378164097,0.285904595951933
18.3286959037413,0.0927571550290618,-0.225537623677376,0.081258585894606,-0.0597756782766595,0.081258585894606,-0.0597756782766595,-0.604268132388564,0.287210153959472
18.4558081301122,0.0914870418687403,-0.224585738016743,0.0809253684997891,-0.0598164959711887,0.0809253684997891,-0.0598164959711887,-0.602679951279575,0.288512168347398
18.5838018986386,0.0902275501886863,-0.223630398866817,0.0805917625638824,-0.059856478741698,0.0805917625638824,-0.059856478741698,-0.60107781583679,0.289810474357985
18.7126833229461,0.0889786757108949,-0.222671738392295,0.0802577656414266,-0.0598956226225115,0.0802577656414266,-0.0598956226225115,-0.59946170936139,0.291104905809497
18.8424585590593,0.0877404122301726,-0.221709887809983,0.0799233753357821,-0.0599339233750065,0.0799233753357821,-0.0599339233750066,-0.597831617500514,0.29239529512679
18.9731338056957,0.0865127516464942,-0.220744977361561,0.079588589308052,-0.0599713764881553,0.0795885893080521,-0.0599713764881553,-0.596187528291443,0.293681473373191
19.1047153045619,0.0852956839976308,-0.219777136287321,0.0792534052860036,-0.060007977179329,0.0792534052860036,-0.060007977179329,-0.594529432205496,0.294963270283656
19.2372093406515,0.0840891974920182,-0.218806492800872,0.0789178210729804,-0.0600437203953663,0.0789178210729804,-0.0600437203953663,-0.592857322191614,0.296240514299235
19.3706222425457,0.0828932785418424,-0.217833174064809,0.0785818345567981,-0.0600786008139052,0.0785818345567981,-0.0600786008139052,-0.591171193719574,0.297513032602823
19.5049603827152,0.0817079117963104,-0.216857306167337,0.0782454437186155,-0.0601126128449789,0.0782454437186155,-0.0601126128449789,-0.589471044822821,0.298780651156226
19.6402301778248,0.0805330801750843,-0.215879014099846,0.0779086466417742,-0.0601457506328745,0.0779086466417742,-0.0601457506328744,-0.587756876140852,0.300043194738532
19.7764380890397,0.0793687649018509,-0.214898421735428,0.0775714415205988,-0.0601780080582545,0.0775714415205988,-0.0601780080582545,-0.586028690961137,0.301300486985791
19.9135906223344,0.078214945538002,-0.213915651808322,0.0772338266691498,-0.060209378740541,0.0772338266691498,-0.0602093787405409,-0.584286495260524,0.302552350432019
20.0516943288031,0.0770716000164012,-0.212930825894293,0.0768958005299233,-0.0602398560405597,0.0768958005299233,-0.0602398560405597,-0.582530297746086,0.303798606551501
20.1907558049731,0.0759387046752138,-0.21194406439192,0.0765573616824869,-0.0602694330634451,0.0765573616824869,-0.0602694330634451,-0.580760109895381,0.305039075802424
20.3307816931193,0.0748162342917749,-0.210955486504789,0.0762185088520479,-0.0602981026618029,0.0762185088520479,-0.0602981026618029,-0.57897594599607,0.306273577671808
20.4717786815819,0.0737041621164752,-0.209965210224583,0.0758792409179435,-0.0603258574391302,0.0758792409179435,-0.0603258574391302,-0.577177823184868,0.307501930721759
20.6137535050858,0.0726024599066403,-0.208973352315057,0.0755395569220467,-0.0603526897534906,0.0755395569220467,-0.0603526897534906,-0.575365761485763,0.308723952637011
20.756712945062,0.0715110979603848,-0.20798002829688,0.0751994560770808,-0.0603785917214422,0.0751994560770808,-0.0603785917214422,-0.573539783847488,0.309939460273784
20.900663829972,0.0704300451504173,-0.206985352433347,0.0748589377748343,-0.0604035552222163,0.0748589377748343,-0.0604035552222163,-0.571699916180176,0.311148269709918
21.0456130356336,0.0693592689577783,-0.205989437716925,0.0745180015942689,-0.0604275719021453,0.0745180015942689,-0.0604275719021453,-0.569846187391177,0.312350196296298
21.1915674855492,0.0682987355054919,-0.204992395856651,0.0741766473095144,-0.0604506331793355,0.0741766473095144,-0.0604506331793355,-0.567978629419982,0.313545054709552
21.338534151237,0.0672484095921099,-0.203994337266339,0.0738348748977414,-0.0604727302485832,0.0738348748977414,-0.0604727302485832,-0.566097277272212,0.314732659006006
21.4865200525637,0.0662082547251337,-0.202995371053603,0.0734926845469068,-0.0604938540865309,0.0734926845469068,-0.0604938540865309,-0.564202169052633,0.315912822676891
21.6355322580795,0.0651782331542931,-0.201995605009676,0.0731500766633624,-0.0605139954570599,0.0731500766633624,-0.0605139954570599,-0.56229334599715,0.317085358704781
21.7855778853565,0.0641583059046677,-0.200995145600008,0.0728070518793227,-0.0605331449169155,0.0728070518793227,-0.0605331449169155,-0.560370852503732,0.318250079621253
21.9366641013278,0.0631484328096327,-0.199994097955631,0.0724636110601812,-0.0605512928215627,0.0724636110601812,-0.0605512928215627,-0.558434736162235,0.31940679756574
22.0887981226306,0.0621485725436155,-0.198992565865279,0.0721197553116723,-0.0605684293312663,0.0721197553116723,-0.0605684293312663,-0.556485047783073,0.320555324345575
22.2419872159503,0.0611586826546456,-0.197990651768248,0.0717754859868682,-0.0605845444173928,0.0717754859868682,-0.0605845444173928,-0.554521841424688,0.321695471497187
22.396238698368,0.0601787195966866,-0.196988456747978,0.0714308046930072,-0.0605996278689302,0.0714308046930072,-0.0605996278689302,-0.552545174419794,0.322827050348437
22.5515599377096,0.0592086387617332,-0.195986080526341,0.0710857132981447,-0.0606136692992182,0.0710857132981447,-0.0606136692992182,-0.550555107400325,0.323949872082072
22.7079583528983,0.0582483945116631,-0.194983621458627,0.0707402139376217,-0.0606266581528887,0.0707402139376217,-0.0606266581528887,-0.548551704321071,0.325063747800263
22.8654414143084,0.0572979402098291,-0.193981176529212,0.0703943090203432,-0.0606385837130075,0.0703943090203432,-0.0606385837130075,-0.546535032481946,0.326168488590207
23.0240166441225,0.0563572282523815,-0.192978841347877,0.070048001234862,-0.0606494351084139,0.070048001234862,-0.060649435108414,-0.544505162548847,0.327263905590759
23.1836916166905,0.0554262100993069,-0.191976710146789,0.0697012935552597,-0.0606592013212539,0.0697012935552597,-0.0606592013212539,-0.54246216857306,0.328349810060072
23.3444739588916,0.0545048363051762,-0.190974875778107,0.0693541892468206,-0.0606678711946982,0.0693541892468206,-0.0606678711946982,-0.540406128009187,0.329426013444198
23.5063713504986,0.0535930565495875,-0.189973429712208,0.0690066918714916,-0.0606754334408433,0.0690066918714915,-0.0606754334408433,-0.538337121731534,0.330492327446634
23.6693915245447,0.052690819667299,-0.188972462036512,0.0686588052931228,-0.0606818766487869,0.0686588052931228,-0.0606818766487869,-0.536255234048934,0.331548564098762
23.8335422676926,0.0517980736780385,-0.187972061454899,0.0683105336824842,-0.0606871892928722,0.0683105336824842,-0.0606871892928722,-0.534160552717964,0.332594535831161
23.9988314206069,0.0509147658159843,-0.186972315287691,0.0679618815220499,-0.0606913597410954,0.0679618815220499,-0.0606913597410954,-0.532053168954513,0.333630055545736
24.1652668783283,0.0500408425589079,-0.185973309472193,0.0676128536105497,-0.0606943762636697,0.0676128536105497,-0.0606943762636697,-0.529933177443669,0.334654936688637
24.3328565906507,0.0491762496569716,-0.184975128563779,0.067263455067278,-0.0606962270417388,0.067263455067278,-0.0606962270417388,-0.527800676347893,0.335668993323922
24.5016085625011,0.0483209321611745,-0.183977855737489,0.0669136913361579,-0.0606969001762328,0.066913691336158,-0.0606969001762328,-0.525655767313433,0.336672040207919
24.6715308543219,0.0474748344514395,-0.182981572790155,0.0665635681895564,-0.060696383696861,0.0665635681895564,-0.060696383696861,-0.523498555474955,0.337663892864243
24.8426315824557,0.0466379002643374,-0.181986360143007,0.0662130917318432,-0.0606946655712326,0.0662130917318432,-0.0606946655712326,-0.521329149458359,0.338644367659424
25.0149189195333,0.0458100727204396,-0.180992296844766,0.0658622684026922,-0.0606917337140992,0.0658622684026922,-0.0606917337140992,-0.519147661381733,0.339613281879096
25.1884010948637,0.0449912943512987,-0.179999460575203,0.0655111049801197,-0.0606875759967113,0.0655111049801197,-0.0606875759967113,-0.516954206854444,0.340570453804696
25.3630863948277,0.0441815071260478,-0.179007927649141,0.0651596085832558,-0.0606821802562807,0.0651596085832558,-0.0606821802562807,-0.514748904974303,0.341515702790629
25.538983163273,0.0433806524776189,-0.178017773020906,0.0648077866748452,-0.060675534305542,0.0648077866748451,-0.060675534305542,-0.512531878322806,0.342448849341837
25.7160998019135,0.0425886713285736,-0.177029070289185,0.0644556470634752,-0.0606676259424047,0.0644556470634752,-0.0606676259424047,-0.51030325295841,0.343369715191731
25.89444477073,0.0418055041165446,-0.176041891702303,0.0641031979055259,-0.0606584429596877,0.0641031979055259,-0.0606584429596877,-0.50806315840782,0.344278123380418
26.0740265883745,0.0410310908192854,-0.175056308163887,0.0637504477068411,-0.0606479731549283,0.0637504477068411,-0.0606479731549283,-0.505811727655272,0.345173898333178
26.2548538325773,0.0402653709793232,-0.174072389238908,0.0633974053241159,-0.0606362043402578,0.0633974053241159,-0.0606362043402578,-0.503549097129787,0.346056865939131
26.4369351405564,0.0395082837282184,-0.173090203160098,0.0630440799660007,-0.0606231243523347,0.0630440799660007,-0.0606231243523347,-0.501275406690377,0.346926853630027
26.6202792094301,0.0387597678104225,-0.172109816834709,0.0626904811939166,-0.0606087210623273,0.0626904811939166,-0.0606087210623273,-0.498990799609182,0.347783690459119
26.8048947966327,0.0380197616067386,-0.171131295851611,0.0623366189225828,-0.060592982385937,0.0623366189225828,-0.060592982385937,-0.496695422552534,0.348627207180037
26.9907907203326,0.03728820315738,-0.170154704488726,0.0619825034202525,-0.0605758962934542,0.0619825034202525,-0.0605758962934542,-0.494389425559925,0.349457236325617
27.1779758598533,0.0365650301846289,-0.169180105720764,0.0616281453086571,-0.0605574508198366,0.0616281453086571,-0.0605574508198366,-0.492072962020862,0.350273612286619
27.3664591560979,0.0358501801150928,-0.168207561227265,0.0612735555626569,-0.0605376340748038,0.0612735555626569,-0.0605376340748038,-0.489746188649625,0.351076171390266
27.556249611976,0.0351435901015596,-0.167237131400923,0.0609187455095977,-0.0605164342529357,0.0609187455095977,-0.0605164342529357,-0.487409265457882,0.351864751978546
27.7473562928336,0.0344451970444528,-0.166268875356195,0.0605637268283731,-0.0604938396437687,0.0605637268283731,-0.0604938396437687,-0.485062355725199,0.352639194486215
27.9397883268864,0.0337549376128847,-0.165302850938163,0.060208511548191,-0.0604698386418803,0.060208511548191,-0.0604698386418804,-0.482705625967402,0.353399341518425
28.1335549056553,0.0330727482653107,-0.164339114731654,0.0598531120470462,-0.0604444197569512,0.0598531120470461,-0.0604444197569512,-0.480339245902817,0.354145037927927
28.3286652844062,0.0323985652697862,-0.1633777220706,0.059497541049897,-0.060417571623798,0.059497541049897,-0.060417571623798,-0.477963388416382,0.354876130891765
28.5251287825912,0.0317323247238244,-0.162418727047621,0.0591418116265492,-0.0603892830123668,0.0591418116265492,-0.0603892830123668,-0.475578229521631,0.355592469987417
28.7229547842946,0.0310739625738603,-0.161462182523837,0.0587859371892455,-0.0603595428376784,0.0587859371892455,-0.0603595428376784,-0.473183948320555,0.356293907268296
28.9221527386804,0.0304234146343204,-0.160508140138872,0.058429931489964,-0.0603283401697158,0.058429931489964,-0.0603283401697158,-0.470780726961354,0.35698029733855
29.1227321604441,0.0297806166063006,-0.159556650321068,0.058073808617425,-0.0602956642432459,0.058073808617425,-0.0602956642432459,-0.468368750594094,0.357651497427108
29.324702630267,0.0291455040958553,-0.158607762297879,0.05771758299381,-0.0602615044675661,0.05771758299381,-0.0602615044675661,-0.465948207324265,0.358307367460883
29.5280737952738,0.0285180126318988,-0.15766152410644,0.0573612693711931,-0.0602258504361656,0.0573612693711931,-0.0602258504361656,-0.463519288164272,0.358947770137085
29.7328553694936,0.0278980776837225,-0.156717982604303,0.0570048828276889,-0.0601886919362952,0.0570048828276889,-0.0601886919362952,-0.461082186982876,0.359572570994563
29.9390571343235,0.0272856346781311,-0.155777183480333,0.0566484387633175,-0.0601500189584336,0.0566484387633175,-0.0601500189584336,-0.458637100452585,0.360181638484116
30.1466889389963,0.0266806190161988,-0.154839171265745,0.0562919528955919,-0.0601098217056439,0.0562919528955919,-0.0601098217056439,-0.456184227995051,0.360774844037713
30.3557607010504,0.026082966089651,-0.153903989345286,0.055935441254829,-0.0600680906028102,0.055935441254829,-0.0600680906028102,-0.453723771724463,0.361352062136544
30.566282406804,0.0254926112968726,-0.152971679968538,0.0555789201791888,-0.0600248163057466,0.0555789201791888,-0.0600248163057466,-0.45125593638899,0.361913170377849
30.7782641118319,0.0249094900585477,-0.152042284261351,0.0552224063094457,-0.0599799897101693,0.0552224063094457,-0.0599799897101693,-0.448780929310287,0.362458049540448
30.9917159414457,0.0243335378329334,-0.15111584223738,0.0548659165834959,-0.0599336019605238,0.0548659165834959,-0.0599336019605238,-0.446298960321102,0.362986583648926
31.2066480911777,0.0237646901307712,-0.150192392809728,0.0545094682306038,-0.0598856444586596,0.0545094682306038,-0.0598856444586596,-0.443810241701026,0.363498660036391
31.4230708272674,0.0232028825298397,-0.149271973802688,0.0541530787653957,-0.0598361088723427,0.0541530787653957,-0.0598361088723427,-0.441314988110398,0.363994169405763
31.6409944871527,0.0226480506891532,-0.148354621963572,0.0537967659816011,-0.0597849871435998,0.0537967659816011,-0.0597849871435998,-0.438813416522442,0.36447300588951
31.8604294799627,0.0221001303628085,-0.147440372974618,0.0534405479455513,-0.0597322714968846,0.0534405479455513,-0.0597322714968846,-0.436305746153632,0.3649350671078
32.0813862870155,0.0215590574134852,-0.14652926146497,0.0530844429894372,-0.0596779544470603,0.0530844429894372,-0.0596779544470603,-0.433792198392374,0.365380254224982
32.3038754623189,0.0210247678256021,-0.145621321022733,0.0527284697043347,-0.059622028807189,0.0527284697043347,-0.059622028807189,-0.43127299672601,0.365808472004363
32.5279076330741,0.0204971977181359,-0.144716584207076,0.0523726469330016,-0.0595644876961229,0.0523726469330016,-0.0595644876961229,-0.428748366666224,0.366219628861206
32.7534935001834,0.0199762833571031,-0.143815082560393,0.0520169937624544,-0.0595053245458876,0.0520169937624544,-0.0595053245458876,-0.426218535672875,0.36661363691391
32.9806438387618,0.0194619611677127,-0.142916846620514,0.0516615295163297,-0.0594445331088534,0.0516615295163297,-0.0594445331088534,-0.423683733076324,0.366990412033313
33.2093694986511,0.0189541677461911,-0.142021905932951,0.0513062737470378,-0.0593821074646855,0.0513062737470378,-0.0593821074646855,-0.421144189998308,0.367349873890064
33.4396814049384,0.0184528398712851,-0.141130289063178,0.0509512462277153,-0.0593180420270684,0.0509512462277153,-0.0593180420270684,-0.418600139271402,0.367691946000019
33.6715905584778,0.0179579145154468,-0.140242023608944,0.0505964669439845,-0.0592523315501977,0.0505964669439845,-0.0592523315501977,-0.41605181535715,0.36801655576762
33.9051080364161,0.017469328855704,-0.139357136212608,0.0502419560855254,-0.0591849711350326,0.0502419560855255,-0.0591849711350326,-0.413499454262903,0.368323634527195
34.1402449927217,0.0169870202842216,-0.138475652573482,0.0498877340374704,-0.0591159562353052,0.0498877340374704,-0.0591159562353052,-0.410943293457433,0.368613117582149
34.3770126587175,0.0165109264185573,-0.137597597460203,0.0495338213716266,-0.0590452826632793,0.0495338213716266,-0.0590452826632793,-0.408383571785395,0.368884944242006
34.6154223436172,0.0160409851116167,-0.136722994723095,0.0491802388375364,-0.0589729465952548,0.0491802388375364,-0.0589729465952548,-0.405820529380685,0.369139057857251
34.8554854350656,0.0155771344613113,-0.135851867306546,0.0488270073533826,-0.0588989445768118,0.0488270073533826,-0.0588989445768118,-0.403254407578768,0.369375405851948
35.0972133996824,0.0151193128199249,-0.134984237261375,0.0484741479967476,-0.0588232735277913,0.0484741479967476,-0.0588232735277913,-0.400685448828042,0.369593939754084
35.3406177836102,0.014667458803191,-0.13412012575719,0.0481216819952343,-0.0587459307470062,0.0481216819952343,-0.0587459307470062,-0.398113896600317,0.369794615223628
35.5857102130658,0.0142215112990877,-0.133259553094747,0.0477696307169582,-0.0586669139166803,0.0477696307169582,-0.0586669139166803,-0.39553999530045,0.369977392078251
35.8325023948954,0.0137814094763524,-0.132402538718276,0.0474180156609181,-0.0585862211066109,0.0474180156609181,-0.0585862211066109,-0.392963990175242,0.370142234316702
36.081006117134,0.0133470927927224,-0.1315491012278,0.0470668584472561,-0.0585038507780509,0.0470668584472561,-0.0585038507780509,-0.390386127221646,0.370289110139791
36.3312332495683,0.0129185010029033,-0.130699258391425,0.0467161808074147,-0.0584198017873089,0.0467161808074147,-0.0584198017873089,-0.387806653094364,0.37041799196898
36.5831957443038,0.0124955741662732,-0.129853027157603,0.0463660045741997,-0.058334073389063,0.0463660045741997,-0.058334073389063,-0.385225815012908,0.370528856462545
36.8369056363357,0.0120782526543222,-0.129010423667363,0.0460163516717597,-0.0582466652393866,0.0460163516717597,-0.0582466652393866,-0.382643860668204,0.370621684529301
37.0923750441235,0.0116664771578362,-0.128171463266509,0.0456672441054897,-0.0581575773984837,0.0456672441054897,-0.0581575773984837,-0.380061038128802,0.370696461339866
37.3496161701702,0.0112601886938256,-0.127336160517778,0.0453187039518689,-0.0580668103331324,0.0453187039518689,-0.0580668103331324,-0.37747759574678,0.370753176335463
37.6086413016048,0.0108593286122049,-0.12650452921296,0.0449707533482428,-0.0579743649188345,0.0449707533482428,-0.0579743649188345,-0.374893782063413,0.370791823234239
37.8694628107695,0.0104638386022266,-0.125676582384968,0.044623414482557,-0.05788024244167,0.044623414482557,-0.05788024244167,-0.37230984571468,0.370812400035103
38.1320931558105,0.0100736606986749,-0.124852332319867,0.0442767095830541,-0.0577844445998565,0.0442767095830541,-0.0577844445998565,-0.369726035336691,0.370814909019076
38.3965448812729,0.00968873728782037,-0.124031790568845,0.0439306609079421,-0.057686973505012,0.0439306609079421,-0.057686973505012,-0.367142599471109,0.370799356748143
38.6628306187004,0.00930901111314337,-0.123214967960141,0.0435852907350443,-0.057587831683121,0.0435852907350443,-0.057587831683121,-0.364559786470641,0.370765754061626
38.9309630872381,0.00893442528082707,-0.122401874610906,0.0432406213514385,-0.0574870220752054,0.0432406213514385,-0.0574870220752054,-0.361977844404681,0.370714116070065
39.2009550942403,0.00856492326502601,-0.121592519939016,0.0428966750430979,-0.0573845480376981,0.0428966750430979,-0.0573845480376981,-0.359397020965173,0.370644462146618
39.4728195358824,0.00820044891291322,-0.120786912674815,0.0425534740845399,-0.0572804133425232,0.0425534740845399,-0.0572804133425232,-0.356817563372775,0.370556815915999
39.7465693977764,0.00784094644951013,-0.119985060872805,0.0422110407284938,-0.0571746221768806,0.0422110407284938,-0.0571746221768806,-0.354239718283404,0.37045120524095
40.0222177555915,0.0074863604823032,-0.119186971923263,0.0418693971955965,-0.0570671791427398,0.0418693971955965,-0.0570671791427397,-0.351663731695226,0.370327662206271
40.2997777756789,0.0071366360056507,-0.118392652563791,0.0415285656641247,-0.0569580892560413,0.0415285656641247,-0.0569580892560413,-0.349089848856176,0.370186223100429
40.5792627157,0.00679171840498407,-0.117602108890802,0.0411885682597733,-0.056847357945611,0.0411885682597733,-0.056847357945611,-0.346518314172075,0.370026928394752
40.8606859252603,0.00645155346080707,-0.11681534637093,0.0408494270454886,-0.0567349910517869,0.0408494270454886,-0.0567349910517869,-0.343949371115424,0.369849822720245
41.1440608465467,0.00611608735249654,-0.11603236985237,0.0405111640113648,-0.0566209948247629,0.0405111640113648,-0.0566209948247629,-0.341383262134935,0.369654954842042
41.4294010149697,0.00578526666190884,-0.115253183576138,0.040173801064614,-0.0565053759226518,0.040173801064614,-0.0565053759226518,-0.338820228565888,0.369442377631527
41.7167200598098,0.00545903837679482,-0.11447779118726,0.0398373600196159,-0.0563881414092704,0.0398373600196159,-0.0563881414092704,-0.336260510541364,0.369212148036153
42.0060317048688,0.0051373498940279,-0.113706195745879,0.0395018625880577,-0.0562692987516518,0.0395018625880577,-0.0562692987516517,-0.333704346904442,0.368964327046985
42.2973497691249,0.00482014902264782,-0.112938399738284,0.0391673303691716,-0.0561488558172864,0.0391673303691716,-0.0561488558172864,-0.331151975121408,0.368698979664018
42.5906881673929,0.00450738398672433,-0.112174405087857,0.038833784840078,-0.056026820871098,0.038833784840078,-0.056026820871098,-0.328603631196059,0.36841617485928
42.8860609109892,0.00419900342804392,-0.111414213165937,0.0385012473462425,-0.0559032025721576,0.0385012473462425,-0.0559032025721576,-0.326059549585161,0.368115985537785
43.1834821084004,0.00389495640862297,-0.1106578248026,0.0381697390920543,-0.0557780099701403,0.0381697390920543,-0.0557780099701403,-0.323519963115112,0.367798488496363
43.4829659659579,0.00359519241305097,-0.109905240297352,0.0378392811315339,-0.0556512525015308,0.0378392811315339,-0.0556512525015308,-0.320985102899897,0.367463764380409
43.7845267885158,0.00329966135066698,-0.109156459429741,0.0375098943591769,-0.0555229399855811,0.0375098943591769,-0.0555229399855811,-0.318455198260366,0.367111897638607
44.0881789801347,0.0030083135575727,-0.108411481469875,0.0371815995009412,-0.0553930826200267,0.0371815995009412,-0.0553930826200267,-0.315930476644915,0.366742976475663
44.3939370447695,0.00272109979848521,-0.10767030518885,0.0368544171053855,-0.0552616909765673,0.0368544171053855,-0.0552616909765673,-0.313411163551616,0.366357092803105
44.701815586962,0.00243797126843312,-0.106932928869099,0.0365283675349637,-0.0551287759961162,0.0365283675349637,-0.0551287759961162,-0.310897482451848,0.365954342188193
45.0118293125388,0.00215887959429871,-0.106199350314636,0.0362034709574839,-0.0549943489838263,0.0362034709574839,-0.0549943489838263,-0.308389654715489,0.365534823801004
45.3239930293136,0.00188377683620968,-0.105469566861218,0.0358797473377365,-0.0548584216038974,0.0358797473377365,-0.0548584216038975,-0.305887899537717,0.365098640359728
45.6383216477945,0.00161261548878336,-0.104743575386409,0.0355572164292987,-0.0547210058741719,0.0355572164292987,-0.0547210058741719,-0.303392433867457,0.364645898074243
45.954830181896,0.00134534848222661,-0.104021372319557,0.0352358977665197,-0.0545821141605248,0.0352358977665197,-0.0545821141605248,-0.300903472337542,0.364176706588028
46.2735337496566,0.0010819291832944,-0.103302953651666,0.0349158106566941,-0.0544417591710557,0.0349158106566941,-0.0544417591710557,-0.298421227196604,0.363691178918456
46.5944475739604,0.000822311396110085,-0.102588314945184,0.0345969741724255,-0.0542999539500886,0.0345969741724255,-0.0542999539500886,-0.295945908242768,0.363189431395547
46.9175869832646,0.000566449362850317,-0.10187745134369,0.0342794071441895,-0.0541567118719869,0.0342794071441895,-0.0541567118719869,-0.293477722759158,0.362671583599226
47.2429674123316,0.000314297764297564,-0.101170357581481,0.0339631281530963,-0.0540120466347911,0.0339631281530963,-0.0540120466347911,-0.291016875451271,0.362137758295153
47.5706044029659,6.5811720263236e-05,-0.100467027993072,0.0336481555238608,-0.0538659722536851,0.0336481555238608,-0.0538659722536851,-0.288563568386251,0.361588081369187
47.9005136047569,-0.00017905321011595,-0.0997674565225901,0.0333345073179823,-0.0537185030543004,0.0333345073179823,-0.0537185030543004,-0.286118000934088,0.361022681760556
48.2327107758263,-0.000420341028205247,-0.0990716367330721,0.0330222013271386,-0.0535696536658641,0.0330222013271386,-0.0535696536658641,-0.28368036971078,0.360441691393774
48.5672117835806,-0.000658095295820181,-0.0983795618156667,0.0327112550667972,-0.0534194390141981,0.0327112550667972,-0.0534194390141981,-0.281250868523482,0.3598452451094
48.904032605469,-0.000892359135293096,-0.097691224598735,0.0324016857700479,-0.0532678743145787,0.0324016857700479,-0.0532678743145787,-0.278829688317667,0.359233480593678
49.243189329747,-0.00112317522965508,-0.0970066175568527,0.0320935103816591,-0.0531149750644622,0.0320935103816591,-0.0531149750644622,-0.276417017126323,0.35860653830714
49.5846981562442,-0.00135058582293068,-0.0963257328197127,0.0317867455523602,-0.0529607570360855,0.0317867455523602,-0.0529607570360855,-0.274013040021208,0.357964561412235
49.9285753971387,-0.00157463272054267,-0.0956485621809274,0.0314814076333541,-0.0528052362689495,0.0314814076333541,-0.0528052362689495,-0.271617939066176,0.357307695700044
50.2748374777359,-0.00179535728982427,-0.0949750971067311,0.0311775126710595,-0.0526484290621917,0.0311775126710595,-0.0526484290621917,-0.269231893272596,0.356636089516154
50.6235009372529,-0.00201280046063616,-0.0943053287445818,0.0308750764020875,-0.0524903519668574,0.0308750764020875,-0.0524903519668574,-0.266855078556873,0.355949893685763
50.974582429609,-0.00222700272608566,-0.0936392479316626,0.0305741142484513,-0.0523310217780761,0.0305741142484513,-0.0523310217780761,-0.264487667700084,0.355249261438063
51.3280987242209,-0.0024380041433458,-0.0929768452032813,0.0302746413130136,-0.0521704555271517,0.0302746413130136,-0.0521704555271517,-0.262129830309738,0.354534348329995
51.6840667068035,-0.00264584433457121,-0.0923181108011705,0.0299766723751694,-0.0520086704735737,0.0299766723751694,-0.0520086704735737,-0.259781732783664,0.353805312169419
52.0425033801768,-0.00285056248790886,-0.0916630346816855,0.0296802218867671,-0.0518456840969571,0.0296802218867671,-0.0518456840969571,-0.257443538276035,0.353062312937782
52.4034258650778,-0.00305219735860105,-0.0910116065239018,0.0293853039682684,-0.0516815140889191,0.0293853039682684,-0.0516815140889191,-0.255115406665523,0.352305512712334
52.7668514009784,-0.00325078727017794,-0.0903638157376103,0.0290919324051452,-0.0515161783449,0.0290919324051452,-0.0515161783449,-0.252797494525596,0.35153507558798
53.1327973469088,-0.00344637011573762,-0.0897196514712129,0.0288001206445164,-0.0513496949559359,0.0288001206445164,-0.0513496949559359,-0.250489955096939,0.350751167598807
53.5012811822866,-0.00363898335931099,-0.0890791026195154,0.0285098817920221,-0.0511820822003908,0.0285098817920221,-0.0511820822003908,-0.248192938262012,0.349953956639372
53.8723205077517,-0.00382866403730939,-0.0884421578314207,0.028221228608935,-0.0510133585356553,0.028221228608935,-0.0510133585356553,-0.245906590521719,0.349143612385802
54.2459330460073,-0.00401544876005245,-0.0878088055175196,0.02793417350951,-0.0508435425898198,0.02793417350951,-0.0508435425898198,-0.243631054974195,0.348320306216776
54.6221366426659,-0.00419937371337387,-0.0871790338575821,0.0276487285585677,-0.0506726531533292,0.0276487285585677,-0.0506726531533292,-0.241366471295696,0.347484211134447
55.0009492671021,-0.00438047466030316,-0.0865528308079464,0.0273649054693142,-0.0505007091706255,0.0273649054693142,-0.0505007091706255,-0.239112975723567,0.346635501685368
55.3823890133107,-0.00455878694282062,-0.0859301841088091,0.0270827156013932,-0.0503277297317873,0.0270827156013932,-0.0503277297317873,-0.236870701041291,0.345774353881487
55.7664741007712,-0.00473434548368386,-0.0853110812914137,0.0268021699591689,-0.0501537340641713,0.0268021699591689,-0.0501537340641713,-0.234639776565593,0.344900945121253
56.1532228753178,-0.00490718478832324,-0.0846955096851393,0.0265232791902395,-0.0499787415240633,0.0265232791902395,-0.0499787415240633,-0.232420328135577,0.344015454110921
56.5426538100157,-0.00507733894680443,-0.0840834564244895,0.0262460535841773,-0.0498027715883458,0.0262460535841773,-0.0498027715883458,-0.230212478103884,0.34311806078608
56.9347855060436,-0.00524484163585574,-0.083474908455982,0.0259705030714938,-0.0496258438461883,0.0259705030714938,-0.0496258438461883,-0.228016345329841,0.342208946233492
57.3296366935823,-0.00540972612095827,-0.0828698525449386,0.0256966372228272,-0.0494479779907671,0.0256966372228272,-0.0494479779907671,-0.225832045174588,0.341288292613268
57.7272262327089,-0.00557202525849672,-0.0822682752821763,0.0254244652483503,-0.0492691938110205,0.0254244652483503,-0.0492691938110205,-0.223659689498137,0.340356283081458
58.1275731142982,-0.00573177149796888,-0.0816701630905995,0.0251539959973941,-0.0490895111834459,0.0251539959973941,-0.0490895111834459,-0.221499386658366,0.339413101713095
58.5306964609293,-0.00588899688425177,-0.0810755022316952,0.0248852379582862,-0.0489089500639446,0.0248852379582862,-0.0489089500639446,-0.219351241511891,0.338458933425747
58.9366155277994,-0.00604373305992251,-0.0804842788119289,0.0246181992583988,-0.0487275304797204,0.0246181992583988,-0.0487275304797204,-0.217215355416802,0.337493963903625
59.3453497036433,-0.00619601126763188,-0.0798964787890444,0.0243528876644046,-0.0485452725212373,0.0243528876644046,-0.0485452725212373,-0.21509182623723,0.336518379522298
59.7569185116595,-0.00634586235252879,-0.079312087978266,0.0240893105827358,-0.048362196334242,0.0240893105827358,-0.048362196334242,-0.212980748349708,0.335532367274066
60.1713416104428,-0.00649331676473351,-0.0787310920584047,0.023827475060243,-0.0481783221118567,0.023827475060243,-0.0481783221118567,-0.210882212651299,0.334536114694021
60.5886387949234,-0.00663840456185824,-0.0781534765778685,0.0235673877850502,-0.0479936700867473,0.0235673877850502,-0.0479936700867473,-0.20879630656945,0.333529809786857
61.0088299973121,-0.00678115541157268,-0.0775792269605775,0.0233090550876018,-0.0478082605233711,0.0233090550876018,-0.0478082605233711,-0.206723114073536,0.332513640954461
61.4319352880526,-0.00692159859421322,-0.0770083285117837,0.023052482941898,-0.0476221137103108,0.023052482941898,-0.0476221137103108,-0.204662715688069,0.331487796924331
61.8579748767801,-0.00705976300543378,-0.0764407664237973,0.0227976769669132,-0.0474352499526971,0.0227976769669132,-0.0474352499526971,-0.202615188507512,0.330452466678853
62.2869691132868,-0.00719567715889652,-0.0758765257816188,0.0225446424281945,-0.0472476895647261,0.0225446424281945,-0.0472476895647261,-0.200580606212689,0.329407839385485
62.7189384884933,-0.00732936918900095,-0.0753155915684787,0.0222933842396355,-0.0470594528622745,0.0222933842396355,-0.0470594528622745,-0.198559039088721,0.328354104327872
63.1539036354283,-0.00746086685364944,-0.0747579486712845,0.0220439069654201,-0.0468705601556181,0.0220439069654201,-0.0468705601556181,-0.196550554044469,0.327291450837937
63.5918853302131,-0.00759019753704774,-0.0742035818859757,0.0217962148221329,-0.0466810317422557,0.0217962148221329,-0.0466810317422557,-0.194555214633438,0.326220068228972
64.032904493055,-0.00771738825253882,-0.0736524759227886,0.0215503116810309,-0.0464908878998433,0.0215503116810309,-0.0464908878998433,-0.192573081076097,0.325140145729762
64.4769821892457,-0.00784246564546835,-0.0731046154114302,0.0213062010704719,-0.0463001488792421,0.0213062010704719,-0.0463001488792421,-0.190604210283572,0.324051872419782
64.9241396301678,-0.00796545599608044,-0.0725599849061623,0.0210638861784953,-0.046108834897683,0.0210638861784953,-0.046108834897683,-0.188648655882684,0.322955437165474
65.3743981743082,-0.00808638522244194,-0.0720185688907973,0.0208233698555493,-0.0459169661320509,0.0208233698555493,-0.0459169661320509,-0.186706468242263,0.321851028557646
65.827779328278,-0.00820527888339396,-0.0714803517836053,0.0205846546173614,-0.045724562712292,0.0205846546173614,-0.045724562712292,-0.184777694500724,0.320738834850016
66.2843047478397,-0.00832216218152904,-0.0709453179421343,0.0203477426479458,-0.0455316447149469,0.0203477426479458,-0.0455316447149469,-0.182862378594842,0.319619043898918
66.7439962389419,-0.00843705996619259,-0.0704134516679432,0.0201126358027434,-0.0453382321568115,0.0201126358027434,-0.0453382321568115,-0.180960561289686,0.318491843104192
67.2068757587607,-0.00854999673650721,-0.069884737211249,0.0198793356118899,-0.0451443449887283,0.0198793356118899,-0.0451443449887283,-0.179072280209678,0.317357419351281
67.6729654167483,-0.00866099664441854,-0.0693591587754898,0.0196478432836059,-0.044950003089511,0.0196478432836059,-0.044950003089511,-0.177197569870719,0.316215958954554
68.1422874756894,-0.00877008349776115,-0.0688367005218022,0.0194181597077054,-0.0447552262600035,0.0194181597077054,-0.0447552262600035,-0.175336461713349,0.315067647601866
68.6148643527643,-0.00887728076334351,-0.0683173465734161,0.0191902854592166,-0.044560034217275,0.0191902854592166,-0.044560034217275,-0.17348898413689,0.313912670300372
69.0907186206199,-0.00898261157005036,-0.0678010810199672,0.0189642208021107,-0.0443644465889543,0.0189642208021107,-0.0443644465889543,-0.171655162534538,0.31275121132361
69.5698730084476,-0.0090860987119615,-0.0672878879217262,0.0187399656931335,-0.0441684829077028,0.0187399656931335,-0.0441684829077028,-0.169835019329345,0.311583454159871
70.0523504030693,-0.00918776465148577,-0.0667777513137491,0.0185175197857353,-0.0439721626058294,0.0185175197857353,-0.0439721626058294,-0.16802857401106,0.310409581461843
70.5381738500302,-0.00928763152250895,-0.066270655209946,0.0182968824340931,-0.0437755050100467,0.0182968824340931,-0.0437755050100467,-0.166235843173788,0.309229774997577
71.0273665547,-0.00938572113355449,-0.0657665836070709,0.0180780526972215,-0.0435785293363711,0.0180780526972215,-0.0435785293363711,-0.164456840554404,0.308044215602737
71.5199518833807,-0.00948205497095597,-0.065265520488634,0.0178610293431671,-0.0433812546851665,0.0178610293431671,-0.0433812546851665,-0.162691577071711,0.306853083134182
72.0159533644237,-0.00957665420204023,-0.064767449828735,0.0176458108532804,-0.0431837000363326,0.0176458108532804,-0.0431837000363326,-0.160940060866262,0.305656556424853
72.5153946893524,-0.00966953967831997,-0.0642723555958216,0.0174323954265626,-0.0429858842446384,0.0174323954265626,-0.0429858842446384,-0.159202297340844,0.304454813239992
73.0182997139948,-0.00976073193869498,-0.063780221756371,0.0172207809840803,-0.0427878260352012,0.0172207809840803,-0.0427878260352012,-0.157478289201544,0.303248030234675
73.5246924596224,-0.009850251212661,-0.0632910322784972,0.0170109651734455,-0.0425895439991117,0.0170109651734455,-0.0425895439991117,-0.155768036499387,0.302036382912677
74.0345971140979,-0.00993811742352506,-0.0628047711354841,0.0168029453733542,-0.0423910565892037,0.0168029453733542,-0.0423910565892037,-0.154071536672485,0.300820045586658
74.5480380330304,-0.0100243501916266,-0.062321422309246,0.0165967186981811,-0.0421923821159711,0.0165967186981811,-0.0421923821159711,-0.15238878458867,0.299599191339672
75.0650397409388,-0.0101089688375634,-0.0618409697937155,0.0163922820026241,-0.041993538743629,0.0163922820026241,-0.041993538743629,-0.150719772588559,0.298373991987994
75.585626932423,-0.0101919923854214,-0.0613633975981605,0.0161896318863956,-0.0417945444863209,0.0161896318863956,-0.0417945444863209,-0.149064490529024,0.297144618045271
76.1098244733437,-0.0102734395660073,-0.0608886897504311,0.0159887646989549,-0.0415954172044698,0.0159887646989549,-0.0415954172044698,-0.147422925827023,0.295911238687977
76.6376574020103,-0.0103533288200844,-0.0604168303001366,0.015789676544279,-0.0413961746012743,0.015789676544279,-0.0413961746012743,-0.145795063503755,0.29467402172217
77.1691509303763,-0.0104316783016086,-0.0599478033217543,0.0155923632856657,-0.0411968342193471,0.0155923632856657,-0.0411968342193471,-0.144180886229095,0.293433133551562
77.7043304452438,-0.0105085058809661,-0.0594815929176708,0.0153968205505665,-0.0409974134374971,0.0153968205505665,-0.0409974134374971,-0.142580374366295,0.292188739146864
78.2432215094763,-0.0105838291482109,-0.0590181832211566,0.0152030437354442,-0.0407979294676519,0.0152030437354442,-0.0407979294676519,-0.140993506016883,0.290941002016422
78.7858498632195,-0.0106576654163017,-0.0585575583992742,0.015011028010652,-0.0405983993519222,0.015011028010652,-0.0405983993519222,-0.13942025706575,0.289690084178119
79.3322414251308,-0.010730031724337,-0.0580997026557228,0.0148207683253293,-0.0403988399598047,0.0148207683253293,-0.0403988399598047,-0.137860601226389,0.288436146132544
79.8824222936175,-0.0108009448407892,-0.0576446002336172,0.014632259412311,-0.0401992679855236,0.014632259412311,-0.0401992679855236,-0.136314510086235,0.287179346837405
80.436418748083,-0.0108704212667349,-0.0571922354182051,0.0144454957930469,-0.039999699945509,0.0144454957930469,-0.039999699945509,-0.134781953152094,0.285919843683186
80.9942572501823,-0.0109384772390833,-0.0567425925395209,0.0142604717825267,-0.0398001521760106,0.0142604717825267,-0.0398001521760106,-0.133262897895614,0.284657792470017
81.555964445086,-0.0110051287338002,-0.0562956559749791,0.0140771814942073,-0.0396006408308457,0.0140771814942073,-0.0396006408308457,-0.131757309798783,0.283393347385768
82.121567162753,-0.0110703914691275,-0.0558514101519062,0.0138956188449399,-0.0394011818792788,0.0138956188449399,-0.0394011818792788,-0.130265152399405,0.282126660985331
82.6910924192116,-0.0111342809087987,-0.0554098395500143,0.0137157775598919,-0.0392017911040331,0.0137157775598919,-0.0392017911040332,-0.12878638733654,0.280857884171083
83.2645674178507,-0.0111968122652491,-0.0549709287038141,0.0135376511774622,-0.0390024840994302,0.0135376511774622,-0.0390024840994302,-0.127320974395869,0.279587166174518
83.8420195507184,-0.0112580005028195,-0.0545346622049712,0.0133612330541845,-0.0388032762696566,0.0133612330541845,-0.0388032762696566,-0.12586887155497,0.278314654539025
84.423476399831,-0.0113178603409547,-0.0541010247046051,0.0131865163696183,-0.038604182827157,0.0131865163696183,-0.038604182827157,-0.124430035028462,0.2770404951038
85.0089657384898,-0.0113764062573955,-0.0536700009155312,0.0130134941312222,-0.0384052187911492,0.0130134941312222,-0.0384052187911492,-0.123004419312997,0.275764831988871
85.5985155326084,-0.0114336524913627,-0.0532415756144479,0.0128421591792076,-0.038206398986262,0.0128421591792076,-0.038206398986262,-0.121591977232087,0.274487807581224
86.1921539420481,-0.0114896130467359,-0.0528157336440687,0.0126725041913701,-0.0380077380412914,0.0126725041913701,-0.0380077380412914,-0.120192659980723,0.273209562522002
86.7899093219629,-0.0115443016952222,-0.0523924599152003,0.0125045216878964,-0.037809250388075,0.0125045216878964,-0.037809250388075,-0.118806417169773,0.27193023569477
87.3918102241541,-0.0115977319795195,-0.0519717394087675,0.0123382040361424,-0.0376109502604805,0.0123382040361424,-0.0376109502604805,-0.117433196870133,0.270649964214821
87.9978853984339,-0.0116499172164696,-0.0515535571777859,0.0121735434553823,-0.0374128516935086,0.0121735434553823,-0.0374128516935086,-0.116072945656619,0.269368883419496
88.6081637939989,-0.0117008705002042,-0.0511378983492829,0.0120105320215241,-0.0372149685225058,0.0120105320215241,-0.0372149685225058,-0.114725608651563,0.268087126859523
89.2226745608124,-0.0117506047052813,-0.0507247481261673,0.0118491616717913,-0.0370173143824861,0.0118491616717913,-0.0370173143824861,-0.113391129568101,0.266804826291319
89.8414470509972,-0.0117991324898132,-0.0503140917890493,0.0116894242093666,-0.0368199027075589,0.0116894242093666,-0.0368199027075589,-0.112069450753143,0.265522111670269
90.4645108202374,-0.0118464662985854,-0.0499059146980105,0.011531311307997,-0.0366227467304617,0.011531311307997,-0.0366227467304617,-0.110760513229991,0.264239111144944
91.0918956291901,-0.0118926183661652,-0.0495002022943254,0.0113748145165579,-0.0364258594821932,0.0113748145165579,-0.0364258594821932,-0.109464256740594,0.262955951052237
91.7236314449071,-0.0119376007200021,-0.0490969401021345,0.0112199252635735,-0.0362292537917475,0.0112199252635735,-0.0362292537917475,-0.108180619787427,0.261672755913401
92.3597484422661,-0.0119814251835174,-0.0486961137300704,0.0110666348616925,-0.036032942285944,0.0110666348616925,-0.036032942285944,-0.106909539674976,0.260389648430973
93.0002770054119,-0.0120241033791845,-0.048297708872836,0.010914934512118,-0.0358369373893528,0.010914934512118,-0.0358369373893528,-0.105650952550807,0.259106749486551
93.645247729208,-0.0120656467315989,-0.0479017113127378,0.0107648153089873,-0.035641251324312,0.0107648153089873,-0.035641251324312,-0.104404793446218,0.257824178139413
94.2946914206979,-0.0121060664705382,-0.0475081069211728,0.0106162682437039,-0.0354458961110357,0.0106162682437039,-0.0354458961110358,-0.103170996316451,0.256542051625951
94.9486391005764,-0.0121453736340118,-0.0471168816600703,0.0104692842092167,-0.035250883567809,0.0104692842092167,-0.035250883567809,-0.101949494080446,0.255260485359903
95.6071220046713,-0.0121835790713005,-0.0467280215832901,0.0103238540042468,-0.0350562253112679,0.0103238540042468,-0.0350562253112679,-0.100740218660144,0.253979592933363
96.2701715854358,-0.0122206934459852,-0.0463415128379756,0.0101799683374607,-0.0348619327567631,0.0101799683374607,-0.0348619327567631,-0.0995431010193107,0.252699486118539
96.9378195134503,-0.0122567272389655,-0.0459573416658647,0.0100376178315878,-0.0346680171188033,0.0100376178315878,-0.0346680171188033,-0.0983580712018713,0.251420274870249
97.6100976789355,-0.0122916907514677,-0.0455754944045573,0.00989679302748184,-0.034474489411577,0.00989679302748184,-0.034474489411577,-0.0971850583697591,0.250142067329131
98.2870381932754,-0.012325594108042,-0.0451959574887406,0.0097574843881243,-0.0342813604495499,0.0097574843881243,-0.0342813604495499,-0.096023990840255,0.248864969825537
98.9686733905512,-0.0123584472595492,-0.044818717451373,0.00961968230257004,-0.0340886408481355,0.00961968230257004,-0.0340886408481355,-0.0948747961228172,0.247589086884109
99.6550358290861,-0.0123902599861366,-0.0444437609248258,0.00948337708983316,-0.0338963410244369,0.00948337708983316,-0.0338963410244369,-0.0937374009553899,0.246314521228991
100.346158292999,-0.0124210419002033,-0.0440710746419849,0.00934855900271282,-0.0337044711980571,0.00934855900271282,-0.0337044711980571,-0.0926117313401864,0.245041373789687
101.042073793774,-0.012450802449355,-0.0437006454373119,0.00921521823155792,-0.0335130413919753,0.00921521823155792,-0.0335130413919753,-0.0914977125789366,0.243769743707511
101.742815571832,-0.0124795509193473,-0.0433324602478646,0.00908334490797042,-0.0333220614334882,0.00908334490797042,-0.0333220614334882,-0.0903952693075969,0.242499728342642
102.448417098122,-0.012507296437019,-0.0429665061142787,0.0089529291084462,-0.0331315409552116,0.0089529291084462,-0.0331315409552116,-0.0893043255305143,0.241231423281736
103.15891207572,-0.0125340479732144,-0.0426027701817095,0.00882396085795304,-0.0329414893961423,0.00882396085795304,-0.0329414893961423,-0.0882248046540402,0.23996492234609
103.874334441436,-0.0125598143456947,-0.0422412397007355,0.00869643013344551,-0.0327519160027774,0.00869643013344551,-0.0327519160027774,-0.0871566295195917,0.238700317600341
104.594718367439,-0.0125846042220388,-0.041881902028223,0.00857032686731588,-0.0325628298302876,0.00857032686731588,-0.0325628298302876,-0.0860997224361548,0.237437699361667
105.320098262886,-0.0126084261225332,-0.0415247446281522,0.00844564095078115,-0.0323742397437441,0.00844564095078115,-0.0323742397437441,-0.0850540052122263,0.236177156209484
106.050508775566,-0.0126312884230513,-0.0411697550724062,0.00832236223720551,-0.0321861544193959,0.00832236223720551,-0.0321861544193959,-0.0840193991871944,0.234918774995611
106.785984793556,-0.0126531993579221,-0.0408169210415222,0.00820048054535828,-0.0319985823459949,0.00820048054535828,-0.0319985823459949,-0.082995825262152,0.233662640854893
107.526561446888,-0.0126741670227877,-0.0404662303254043,0.00807998566260691,-0.0318115318261683,0.00807998566260691,-0.0318115318261683,-0.0819832039301446,0.23240883721625
108.272274109224,-0.0126941993774505,-0.0401176708240011,0.0079608673480452,-0.0316250109778343,0.0079608673480452,-0.0316250109778343,-0.08098145530585,0.231157445814151
109.023158399549,-0.0127133042487095,-0.039771230547945,0.00784311533555627,-0.0314390277356603,0.00784311533555627,-0.0314390277356603,-0.0799904991546892,0.22990854670048
109.779250183872,-0.012731489333186,-0.0394268976191552,0.00772671933681069,-0.0312535898525616,0.00772671933681069,-0.0312535898525616,-0.0790102549213687,0.228662218256789
110.540585576935,-0.0127487622001385,-0.0390846602714049,0.00761166904419941,-0.0310687049012371,0.00761166904419941,-0.0310687049012371,-0.0780406417578546,0.227418537206903
111.307200943943,-0.0127651302942669,-0.0387445068508513,0.00749795413370183,-0.0308843802757423,0.00749795413370183,-0.0308843802757423,-0.077081578550778,0.226177578629885
112.079132902301,-0.0127806009385057,-0.0384064258165307,0.00738556426768902,-0.0307006231930957,0.00738556426768902,-0.0307006231930957,-0.0761329839482747,0.224939415973318
112.856418323356,-0.0127951813368073,-0.0380704057408164,0.00727448909766227,-0.0305174406949177,0.00727448909766227,-0.0305174406949177,-0.0751947763862582,0.223704121066908
113.639094334169,-0.0128088785769136,-0.0377364353098422,0.00716471826692715,-0.0303348396491,0.00716471826692715,-0.0303348396491,-0.0742668741141301,0.222471764136379
114.427198319278,-0.0128216996331172,-0.0374045033238889,0.00705624141320341,-0.0301528267515035,0.0070562414132034,-0.0301528267515035,-0.0733491952199281,0.221242413817648
115.220767922492,-0.0128336513690117,-0.0370745986977364,0.0069490481711709,-0.0299714085276828,0.0069490481711709,-0.0299714085276828,-0.0724416576549155,0.22001613717127
116.019841048683,-0.0128447405402318,-0.0367467104609799,0.00684312817495199,-0.0297905913346357,0.00684312817495199,-0.0297905913346357,-0.071544179257614,0.21879299969713
116.824455865599,-0.012854973797181,-0.0364208277583102,0.00673847106053067,-0.0296103813625765,0.00673847106053067,-0.0296103813625765,-0.0706566777772835,0.217573065349365
117.634650805689,-0.0128643576877501,-0.03609693984976,0.00663506646810887,-0.0294307846367298,0.00663506646810887,-0.0294307846367298,-0.0697790708968516,0.216356396551515
118.450464567934,-0.0128728986600234,-0.0357750361109136,0.00653290404440039,-0.0292518070191452,0.00653290404440039,-0.0292518070191452,-0.0689112762552977,0.215143054211872
119.271936119701,-0.0128806030649743,-0.0354551060330822,0.00643197344486291,-0.0290734542105295,0.00643197344486291,-0.0290734542105295,-0.0680532114694938,0.213933097739028
120.099104698599,-0.0128874771591494,-0.0351371392234437,0.00633226433586857,-0.0288957317520965,0.00633226433586856,-0.0288957317520965,-0.0672047941555083,0.212726585057595
120.932009814357,-0.0128935271073419,-0.0348211254051474,0.00623376639681358,-0.0287186450274309,0.00623376639681358,-0.0287186450274309,-0.0663659419493747,0.211523572624093
121.77069125071,-0.012898758985253,-0.0345070544173836,0.00613646932216765,-0.0285421992643663,0.00613646932216765,-0.0285421992643663,-0.0655365725273329,0.21032411544299
122.615189067297,-0.0129031787821419,-0.0341949162154178,0.00604036282346345,-0.0283663995368755,0.00604036282346345,-0.0283663995368755,-0.0647166036255447,0.209128267082882
123.46554360158,-0.012906792403464,-0.0338847008705899,0.00594543663122708,-0.0281912507669713,0.00594543663122708,-0.0281912507669713,-0.0639059530592911,0.207936079692796
124.321795470765,-0.0129096056734976,-0.0335763985702782,0.00585168049684989,-0.0280167577266165,0.00585168049684989,-0.0280167577266165,-0.0631045387416556,0.206747604018612
125.183985573745,-0.0129116243379584,-0.0332699996178278,0.00575908419440248,-0.0278429250396419,0.00575908419440248,-0.0278429250396419,-0.0623122787016983,0.205562889419588
126.052155093052,-0.0129128540666018,-0.0329654944324441,0.00566763752239147,-0.0276697571836708,0.00566763752239147,-0.0276697571836708,-0.061529091102128,0.204381983884974
126.926345496825,-0.0129133004558123,-0.0326628735490504,0.00557733030545977,-0.0274972584920491,0.00557733030545977,-0.0274972584920491,-0.0607548942564766,0.203204934050707
127.806598540793,-0.0129129690311814,-0.032362127618111,0.00548815239603105,-0.0273254331557792,0.00548815239603105,-0.0273254331557792,-0.0599896066457822,0.202031785216181
128.692956270265,-0.0129118652500716,-0.0320632474054177,0.00540009367589908,-0.0271542852254565,0.00540009367589908,-0.0271542852254565,-0.0592331469347867,0.200862581361071
129.585461022141,-0.0129099945041678,-0.0317662237918414,0.00531314405776281,-0.0269838186132077,0.00531314405776281,-0.0269838186132078,-0.0584854339876552,0.199697365162206
130.484155426934,-0.0129073621220152,-0.0314710477730479,0.00522729348670785,-0.0268140370946299,0.00522729348670785,-0.0268140370946299,-0.0577463868832212,0.198536178010486
131.389082410804,-0.0129039733715433,-0.0311777104591779,0.00514253194163514,-0.0266449443107284,0.00514253194163514,-0.0266449443107284,-0.0570159249297663,0.197379060027828
132.300285197614,-0.0128998334625767,-0.0308862030744917,0.00505884943663766,-0.0264765437698529,0.00505884943663766,-0.0264765437698529,-0.0562939676793392,0.196226050084127
133.217807310988,-0.0128949475493304,-0.0305965169569769,0.00497623602232585,-0.0263088388496317,0.00497623602232585,-0.0263088388496317,-0.0555804349416217,0.195077185814238
134.141692576393,-0.0128893207328919,-0.0303086435579214,0.00489468178710273,-0.0261418327989008,0.00489468178710273,-0.0261418327989008,-0.054875246797347,0.193932503634955
135.071985123233,-0.012882958063687,-0.0300225744414495,0.00481417685838937,-0.025975528739629,0.00481417685838937,-0.025975528739629,-0.0541783236112787,0.192792038761985
136.008729386957,-0.0128758645439307,-0.0297383012840224,0.00473471140380164,-0.0258099296688373,0.00473471140380164,-0.0258099296688373,-0.0534895860447551,0.191655825226912
136.951970111177,-0.012868045130063,-0.0294558158739018,0.00465627563227909,-0.0256450384605114,0.00465627563227909,-0.0256450384605114,-0.0528089550678086,0.190523895894139
137.901752349813,-0.0128595047351675,-0.0291751101105783,0.0045788597951667,-0.0254808578675063,0.0045788597951667,-0.0254808578675063,-0.052136351970863,0.189396282477798
138.858121469236,-0.0128502482313738,-0.0288961760041622,0.00450245418725047,-0.0253173905234433,0.00450245418725047,-0.0253173905234433,-0.0514716983760197,0.18827301555863
139.821123150444,-0.0128402804522428,-0.0286190056747386,0.00442704914774765,-0.0251546389445972,0.00442704914774765,-0.0251546389445972,-0.0508149162479366,0.18715412460082
140.790803391236,-0.0128296061951349,-0.0283435913516861,0.00435263506125251,-0.0249926055317737,0.00435263506125251,-0.0249926055317737,-0.050165927904309,0.186039637968777
141.767208508414,-0.0128182302235588,-0.0280699253729586,0.0042792023586384,-0.0248312925721759,0.0042792023586384,-0.0248312925721759,-0.0495246560259564,0.184929582943872
142.750385139995,-0.0128061572695035,-0.0277980001843303,0.00420674151791719,-0.0246707022412594,0.00420674151791719,-0.0246707022412594,-0.0488910236665267,0.183823985741098
143.740380247435,-0.0127933920357499,-0.0275278083386049,0.00413524306505679,-0.0245108366045753,0.00413524306505679,-0.0245108366045753,-0.0482649542618197,0.182722871525671
144.737241117876,-0.0127799391981632,-0.0272593424947871,0.0040646975747576,-0.0243516976196002,0.0040646975747576,-0.0243516976196002,-0.0476463716387407,0.18162626442956
145.741015366405,-0.0127658034079648,-0.0269925954172183,0.00399509567118897,-0.0241932871375526,0.00399509567118897,-0.0241932871375526,-0.0470352000238891,0.180534187567928
146.751750938323,-0.0127509892939839,-0.0267275599746749,0.00392642802868634,-0.0240356069051957,0.00392642802868633,-0.0240356069051957,-0.0464313640517901,0.1794466630555
147.769496111443,-0.0127355014648871,-0.0264642291394305,0.00385868537240999,-0.0238786585666247,0.00385868537240999,-0.0238786585666247,-0.0458347887727752,0.178363712022831
148.794299498388,-0.0127193445113863,-0.0262025959862809,0.00379185847896645,-0.0237224436650397,0.00379185847896645,-0.0237224436650397,-0.0452453996605198,0.17728535463249
149.826210048919,-0.0127025230084236,-0.0259426536915329,0.00372593817699311,-0.0235669636445023,0.00372593817699311,-0.0235669636445023,-0.0446631226192436,0.176211610095137
150.865277052271,-0.0126850415173327,-0.0256843955319561,0.00366091534770729,-0.023412219851676,0.00366091534770729,-0.023412219851676,-0.0440878839905815,0.175142496685502
151.911550139505,-0.0126669045879769,-0.0254278148836989,0.00359678092542029,-0.0232582135375501,0.00359678092542029,-0.0232582135375501,-0.0435196105601311,0.174078031758256
152.965079285884,-0.0126481167608617,-0.0251729052211669,0.0035335258980176,-0.0231049458591463,0.0035335258980176,-0.0231049458591463,-0.0429582295636841,0.17301823176377
154.025914813254,-0.0126286825692218,-0.0249196601158663,0.00347114130740589,-0.0229524178812076,0.00347114130740589,-0.0229524178812076,-0.0424036686931483,0.171963112263762
155.094107392451,-0.0126086065410824,-0.02466807323521,0.00340961824992778,-0.0228006305778691,0.00340961824992778,-0.0228006305778691,-0.0418558561021661,0.170912687946819
156.169708045722,-0.0125878932012934,-0.0244181383412884,0.00334894787674527,-0.0226495848343111,0.00334894787674527,-0.0226495848343111,-0.0413147204114378,0.169866972643809
157.25276814916,-0.0125665470735353,-0.0241698492896038,0.00328912139419253,-0.0224992814483924,0.00328912139419253,-0.0224992814483924,-0.0407801907137539,0.168825979343156
158.34333943516,-0.0125445726822972,-0.0239232000277696,0.00323013006409912,-0.0223497211322657,0.00323013006409912,-0.0223497211322657,-0.0402521965787458,0.167789720205997
159.441473994887,-0.0125219745548254,-0.0236781845941733,0.00317196520408431,-0.0222009045139726,0.00317196520408431,-0.0222009045139726,-0.0397306680573583,0.166758206581202
160.547224280766,-0.0124987572230417,-0.0234347971166054,0.00311461818782337,-0.02205283213902,0.00311461818782337,-0.02205283213902,-0.0392155356860528,0.165731449020265
161.66064310899,-0.0124749252254307,-0.023193031810852,0.00305808044528679,-0.0219055044719358,0.0030580804452868,-0.0219055044719358,-0.0387067304907466,0.164709457292059
162.781783662036,-0.0124504831088957,-0.0229528829792536,0.00300234346295311,-0.0217589218978051,0.00300234346295311,-0.0217589218978051,-0.0382041839904937,0.163692240397451
163.910699491214,-0.0124254354305819,-0.0227143450092295,0.00294739878399618,-0.0216130847237856,0.00294739878399618,-0.0216130847237856,-0.0377078282009152,0.16267980658378
165.047444519217,-0.0123997867596657,-0.0224774123717678,0.00289323800844785,-0.0214679931806028,0.00289323800844785,-0.0214679931806028,-0.0372175956373837,0.16167216335919
166.192073042701,-0.0123735416791106,-0.022242079619882,0.00283985279333664,-0.0213236474240247,0.00283985279333664,-0.0213236474240247,-0.0367334193179684,0.160669317506825
167.344639734876,-0.012346704787387,-0.0220083413870344,0.0027872348528034,-0.021180047536315,0.0027872348528034,-0.021180047536315,-0.0362552327661477,0.15967127509887
168.505199648122,-0.0123192807001569,-0.0217761923855267,0.00273537595819459,-0.0210371935276665,0.0027353759581946,-0.0210371935276665,-0.0357829700132934,0.158678041510455
169.673808216612,-0.0122912740519212,-0.0215456274048583,0.00268426793813411,-0.0208950853376119,0.00268426793813411,-0.0208950853376119,-0.0353165656009345,0.157689621433401
170.850521258965,-0.0122626894976292,-0.0213166413100528,0.00263390267857428,-0.0207537228364151,0.00263390267857428,-0.0207537228364151,-0.0348559545828041,0.156706018889825
172.03539498091,-0.01223353171425,-0.021089229039953,0.00258427212282698,-0.0206131058264402,0.00258427212282698,-0.0206131058264402,-0.0344010725266776,0.155727237245589
173.228485977972,-0.0122038054023039,-0.0208633856054858,0.0025353682715754,-0.0204732340434994,0.0025353682715754,-0.0204732340434994,-0.0339518555160049,0.1547532792236
174.429851238172,-0.0121735152873537,-0.020639106087896,0.00248718318286738,-0.02033410715818,0.00248718318286738,-0.02033410715818,-0.033508240151345,0.153784146916954
175.639548144754,-0.012142666121455,-0.0204163856369519,0.00243970897209103,-0.0201957247771497,0.00243970897209103,-0.0201957247771497,-0.0330701635516065,0.152819841801932
176.857634478922,-0.0121112626845638,-0.0201952194691211,0.00239293781193324,-0.0200580864444408,0.00239293781193324,-0.0200580864444408,-0.0326375633551,0.151860364750835
178.084168422602,-0.0120793097859017,-0.0199756028657186,0.00234686193232195,-0.0199211916427129,0.00234686193232195,-0.0199211916427129,-0.0322103777204075,0.150905716044672
179.319208561219,-0.0120468122652772,-0.0197575311710274,0.00230147362035277,-0.0197850397944944,0.00230147362035277,-0.0197850397944944,-0.0317885453270749,0.149955895385686
180.562813886497,-0.0120137749943623,-0.0195409997903931,0.00225676522020071,-0.0196496302634032,0.00225676522020071,-0.0196496302634032,-0.0313720053761308,0.14901090190973
181.815043799277,-0.0119802028779237,-0.0193260041882919,0.00221272913301772,-0.0195149623553452,0.00221272913301772,-0.0195149623553452,-0.0309606975904388,0.148070734198483
183.075958112354,-0.0119461008550072,-0.019112539886374,0.00216935781681655,-0.019381035319693,0.00216935781681655,-0.019381035319693,-0.0305545622148867,0.147135390291511
184.345617053333,-0.0119114739000761,-0.0189006024614837,0.00212664378634186,-0.0192478483504425,0.00212664378634186,-0.0192478483504425,-0.0301535400164179,0.146204867698177
185.624081267505,-0.0118763270241004,-0.0186901875436551,0.00208457961292903,-0.0191154005873495,0.00208457961292903,-0.0191154005873495,-0.0297575722839103,0.145279163409384
186.911411820748,-0.011840665275598,-0.0184812908140866,0.0020431579243513,-0.0189836911170447,0.0020431579243513,-0.0189836911170447,-0.0293666008279063,0.144358273909177
188.207670202438,-0.0118044937416268,-0.0182739080030941,0.00200237140465606,-0.018852718974129,0.00200237140465606,-0.018852718974129,-0.0289805679802,0.143442195186172
189.512918328392,-0.0117678175487255,-0.0180680348880439,0.00196221279399062,-0.0187224831422472,0.00196221279399062,-0.0187224831422472,-0.0285994165932844,0.142530922744848
190.827218543819,-0.0117306418638043,-0.0178636672912665,0.00192267488841837,-0.0185929825551427,0.00192267488841837,-0.0185929825551427,-0.0282230900396644,0.141624451616664
192.150633626303,-0.011692971894984,-0.0176608010779525,0.00188375053972563,-0.0184642160976906,0.00188375053972563,-0.0184642160976906,-0.0278515322110394,0.14072277637104
193.483226788801,-0.0116548128923821,-0.0174594321540317,0.00184543265521999,-0.0183361826069122,0.00184543265521999,-0.0183361826069122,-0.0274846875173597,0.139825891126169
194.82506168266,-0.0116161701488466,-0.0172595564640368,0.00180771419752062,-0.0182088808729687,0.00180771419752062,-0.0182088808729687,-0.027122500885761,0.138933789559683
196.176202400658,-0.0115770490006357,-0.0170611699889519,0.00177058818434098,-0.0180823096401358,0.00177058818434098,-0.0180823096401358,-0.0267649177593812,0.138046464919162
197.536713480066,-0.0115374548280439,-0.0168642687440486,0.00173404768826478,-0.017956467607759,0.00173404768826478,-0.017956467607759,-0.0264118840960638,0.137163910032495
198.906659905733,-0.0114973930559725,-0.0166688487767094,0.00169808583651534,-0.0178313534311892,0.00169808583651534,-0.0178313534311892,-0.0260633463669503,0.136286117318079
200.286107113184,-0.0114568691544455,-0.016474906164241,0.00166269581071917,-0.0177069657227006,0.00166269581071917,-0.0177069657227006,-0.0257192515549684,0.135413078794881
201.675120991751,-0.0114158886390691,-0.0162824370116777,0.00162787084666408,-0.0175833030523885,0.00162787084666408,-0.0175833030523885,-0.0253795471532167,0.134544786092335
203.073767887718,-0.0113744570714357,-0.0160914374495774,0.00159360423405242,-0.0174603639490494,0.00159360423405242,-0.0174603639490494,-0.025044181163251,0.133681230460097
204.482114607491,-0.0113325800594703,-0.0159019036318105,0.00155988931624985,-0.0173381469010436,0.00155988931624985,-0.0173381469010436,-0.0247131020932768,0.132822402777652
205.900228420788,-0.0112902632577201,-0.0157138317333435,0.00152671949003008,-0.0172166503571387,0.00152671949003008,-0.0172166503571387,-0.024386258956249,0.131968293563769
207.32817706385,-0.011247512367587,-0.0155272179480196,0.00149408820531619,-0.0170958727273361,0.00149408820531619,-0.0170958727273361,-0.0240636012678854,0.131118892985811
208.766028742684,-0.0112043331375019,-0.0153420584863357,0.00146198896491874,-0.0169758123836806,0.00146198896491874,-0.0169758123836807,-0.0237450790445941,0.130274190868899
210.213852136311,-0.0111607313630409,-0.01515834957322,0.00143041532427122,-0.0168564676610526,0.00143041532427122,-0.0168564676610526,-0.0234306428013214,0.129434176704929
211.671716400053,-0.0111167128869835,-0.0149760874458091,0.00139936089116322,-0.0167378368579429,0.00139936089116322,-0.0167378368579429,-0.0231202435493203,0.12859883966145
213.139691168835,-0.0110722835993121,-0.0147952683512277,0.00136881932547176,-0.0166199182372129,0.00136881932547176,-0.0166199182372129,-0.0228138327938457,0.127768168590391
214.617846560511,-0.011027449437153,-0.0146158885443724,0.00133878433889098,-0.0165027100268367,0.00133878433889098,-0.0165027100268367,-0.022511362531777,0.126942152036656
216.10625317921,-0.0109822163846586,-0.0144379442857003,0.00130924969466082,-0.0163862104206289,0.00130924969466082,-0.0163862104206289,-0.0222127852491725,0.12612077824657
217.604982118714,-0.010936590472831,-0.0142614318390246,0.0012802092072948,-0.0162704175789561,0.0012802092072948,-0.0162704175789561,-0.0219180539187582,0.125304035176191
219.114104965849,-0.0108905777792868,-0.0140863474693188,0.00125165674230741,-0.0161553296294338,0.00125165674230741,-0.0161553296294338,-0.0216271219973538,0.124491910499481
220.633693803907,-0.0108441844279629,-0.0139126874405305,0.00122358621594125,-0.0160409446676082,0.00122358621594125,-0.0160409446676082,-0.0213399434232387,0.123684391616343
222.163821216089,-0.0107974165887644,-0.0137404480134079,0.00119599159489446,-0.0159272607576235,0.00119599159489446,-0.0159272607576235,-0.0210564726134609,0.122881465660516
223.704560288971,-0.0107502804771532,-0.0135696254433384,0.00116886689604851,-0.0158142759328754,0.00116886689604851,-0.0158142759328754,-0.0207766644610917,0.122083119507344
225.255984615994,-0.0107027823536796,-0.0134002159782028,0.00114220618619677,-0.0157019881966507,0.00114220618619676,-0.0157019881966507,-0.0205004743324276,0.121289339781408
226.818168300982,-0.0106549285234543,-0.0132322158562463,0.00111600358177407,-0.0155903955227531,0.00111600358177407,-0.0155903955227531,-0.0202278580641443,0.12050011286402
228.391185961678,-0.0106067253355646,-0.0130656213039667,0.00109025324858755,-0.0154794958561165,0.00109025324858755,-0.0154794958561165,-0.0199587719604024,0.119715424900602
229.975112733314,-0.0105581791824321,-0.0129004285340236,0.00106494940154893,-0.0153692871134051,0.00106494940154893,-0.0153692871134051,-0.0196931727899094,0.118935261807916
231.570024272191,-0.0105092964991137,-0.0127366337431681,0.0010400863044086,-0.0152597671836012,0.0010400863044086,-0.0152597671836012,-0.0194310177829401,0.118159609281186
233.175996759301,-0.0104600837625471,-0.0125742331101964,0.00101565826949153,-0.0151509339285812,0.00101565826949153,-0.0151509339285812,-0.0191722646283159,0.117388452801075
234.793106903962,-0.0104105474907395,-0.0124132227939276,0.0009916596574354,-0.0150427851836797,0.0009916596574354,-0.0150427851836797,-0.0189168714703482,0.116621777640555
236.421431947482,-0.010360694241902,-0.012253598931208,0.000968084876931009,-0.0149353187582421,0.000968084876931008,-0.0149353187582421,-0.0186647969057447,0.115859568871637
238.061049666849,-0.0103105306135284,-0.012095357634943,0.000944928384465157,-0.0148285324361664,0.000944928384465157,-0.0148285324361664,-0.0184159999804845,0.115101811371989
239.712038378445,-0.0102600632414214,-0.0119384949921595,0.000922184684066191,-0.0147224239764345,0.000922184684066191,-0.0147224239764345,-0.0181704401866599,0.11434848983143
241.374476941791,-0.010209298798665,-0.0117830070620981,0.000899848327052331,-0.0146169911136328,0.000899848327052331,-0.0146169911136328,-0.0179280774592909,0.113599588758304
243.048444763306,-0.0101582439945445,-0.0116288898743389,0.000877913911782916,-0.0145122315584632,0.000877913911782916,-0.0145122315584632,-0.0176888721731114,0.112855092485738
244.734021800108,-0.0101069055734156,-0.0114761394269615,0.000856376083412697,-0.014408142998244,0.000856376083412697,-0.014408142998244,-0.0174527851393304,0.112114985177779
246.431288563827,-0.0100552903135231,-0.0113247516847397,0.000835229533649267,-0.0143047230974024,0.000835229533649267,-0.0143047230974024,-0.0172197776023699,0.111379250835422
248.140326124455,-0.0100034050257695,-0.0111747225773749,0.000814469000513755,-0.0142019694979573,0.000814469000513755,-0.0142019694979573,-0.0169898112365811,0.110647873302517
249.861216114214,-0.00995125655243583,-0.0110260479977672,0.000794089268104817,-0.0140998798199933,0.000794089268104816,-0.0140998798199933,-0.0167628481429407,0.109920836271569
251.594040731461,-0.00989885176585502,-0.0108787238003268,0.000774085166366046,-0.0139984516621277,0.000774085166366046,-0.0139984516621277,-0.0165388508457286,0.109198123289428
253.338882744608,-0.0098461975670387,-0.0107327457993268,0.000754451570856832,-0.0138976826019679,0.000754451570856831,-0.0138976826019679,-0.0163177822891901,0.108479717762861
255.09582549608,-0.0097933008842594,-0.0105881097672997,0.00073518340252672,-0.0137975701965627,0.00073518340252672,-0.0137975701965627,-0.0160996058341819,0.107765602964026
256.864952906292,-0.00974016867158889,-0.010444811433477,0.000716275627493309,-0.013698111982845,0.000716275627493309,-0.013698111982845,-0.0158842852548053,0.107055762035833
258.646349477661,-0.00968680790739396,-0.0103028464822752,0.000697723256823725,-0.0135993054780689,0.000697723256823725,-0.0135993054780689,-0.0156717847350279,0.106350177997201
260.440100298641,-0.00963322559279113,-0.0101622105518283,0.000679521346319652,-0.0135011481802388,0.000679521346319652,-0.0135011481802388,-0.015462068865294,0.105648833748213
262.246291047787,-0.0095794287500616,-0.0100228992325681,0.000661664996305967,-0.0134036375685329,0.000661664996305968,-0.0134036375685329,-0.0152551026391265,0.104951712075165
264.065007997846,-0.00952542442102793,-0.0098849080658545,0.000644149351422946,-0.0133067711037208,0.000644149351422946,-0.0133067711037208,-0.0150508514497213,0.104258795655517
265.896338019882,-0.00947121966539374,-0.00974823254265506,0.000626969600422018,-0.0132105462285745,0.000626969600422018,-0.0132105462285745,-0.014849281086535,0.103570067062744
267.740368587419,-0.00941682155904822,-0.00961286810227697,0.000610120975965069,-0.0131149603682752,0.000610120975965069,-0.0131149603682752,-0.0146503577318676,0.102885508771084
269.597187780627,-0.00936223719233678,-0.00947881013115094,0.000593598754427235,-0.0130200109308134,0.000593598754427235,-0.0130200109308134,-0.0144540479574421,0.102205103160198
271.466884290521,-0.00930747366829948,-0.00934605396166874,0.000577398255703153,-0.0129256953073855,0.000577398255703153,-0.0129256953073855,-0.0142603187209801,0.101528832519725
273.349547423206,-0.00925253810087894,-0.00921459487107513,0.000561514843016613,-0.012832010872785,0.000561514843016613,-0.012832010872785,-0.014069137362778,0.100856679053749
275.245267104134,-0.00919743761309934,-0.00908442808041504,0.000545943922733551,-0.0127389549857891,0.000545943922733551,-0.0127389549857891,-0.0138804716022808,0.10018862488517
277.154133882404,-0.00914217933521816,-0.00895554875353689,0.000530680944178304,-0.0126465249895421,0.000530680944178304,-0.0126465249895421,-0.0136942895346586,0.0995246520599858
279.07623893509,-0.00908677040285244,-0.00882795199615282,0.000515721399453075,-0.0125547182119339,0.000515721399453074,-0.0125547182119339,-0.0135105596273836,0.0988647425514819
281.011674071587,-0.00903121795508139,-0.0087016328549565,0.000501060823260486,-0.0124635319659758,0.000501060823260486,-0.0124635319659758,-0.0133292507168112,0.0982088782643335
282.960531738006,-0.00897552913252684,-0.00857658631679917,0.000486694792729162,-0.0123729635501719,0.000486694792729162,-0.0123729635501719,-0.0131503320047637,0.0975570410386196
284.922905021585,-0.00891971107541371,-0.00845280730792451,0.000472618927242227,-0.0122830102488883,0.000472618927242227,-0.0122830102488883,-0.01297377305512,0.0969092126537516
286.898887655133,-0.00886377092161201,-0.00833029069326302,0.00045882888826861,-0.0121936693327187,0.00045882888826861,-0.0121936693327187,-0.0127995437904107,0.0962653748323157
288.888574021513,-0.0088077158046624,-0.00820903127578607,0.000445320379197063,-0.0121049380588471,0.000445320379197064,-0.0121049380588471,-0.0126276144884194,0.0956255092438338
290.892059158146,-0.00875155285178707,-0.00808902379592037,0.000432089145172753,-0.012016813671409,0.000432089145172753,-0.012016813671409,-0.0124579557787923,0.0949895975084402
292.909438761552,-0.00869528918188779,-0.00797026293102301,0.000419130972936329,-0.0119292934018489,0.000419130972936329,-0.0119292934018489,-0.0122905386396558,0.0943576212004791
294.940809191919,-0.00863893190353319,-0.0078527432949173,0.000406441690665317,-0.0118423744692764,0.000406441690665317,-0.0118423744692764,-0.0121253343942428,0.0937295618520206
296.986267477709,-0.00858248811293685,-0.00773645943748986,0.000394017167817733,-0.0117560540808199,0.000394017167817733,-0.0117560540808199,-0.0119623147075302,0.0931054009563
299.045911320291,-0.0085259648919284,-0.00762140584434891,0.000381853314977761,-0.011670329431979,0.000381853314977761,-0.011670329431979,-0.0118014515828851,0.0924851199710792
301.119839098607,-0.00846936930591938,-0.00750757693654387,0.000369946083703364,-0.0115851977069746,0.000369946083703364,-0.0115851977069746,-0.0116427173587247,0.0918687003219315
303.208149873869,-0.00841270840186572,-0.00739496707034641,0.00035829146637569,-0.0115006560790977,0.00035829146637569,-0.0115006560790977,-0.011486084705186,0.0912561234054532
305.310943394298,-0.00835598920622888,-0.00728357053709278,0.000346885496050122,-0.0114167017110566,0.000346885496050122,-0.0114167017110566,-0.0113315266208099,0.0906473705924006
307.428320099879,-0.00829921872293744,-0.00717338156308742,0.000335724246308833,-0.0113333317553235,0.000335724246308833,-0.0113333317553235,-0.0111790164292376,0.0900424232307548
309.560381127168,-0.00824240393135103,-0.00706439430956752,0.000324803831114674,-0.0112505433544789,0.000324803831114674,-0.0112505433544788,-0.0110285277759216,0.0894412626487163
311.707228314113,-0.00818555178422853,-0.00695660287272851,0.000314120404666281,-0.0111683336415555,0.000314120404666281,-0.0111683336415555,-0.0108800346248509,0.0888438701576284
313.868964204927,-0.00812866920570241,-0.00685000128381001,0.000303670161254208,-0.0110866997403814,0.000303670161254208,-0.0110866997403814,-0.0107335112552909,0.0882502270548331
316.045692054981,-0.00807176308926105,-0.00674458350924189,0.000293449335117962,-0.011005638765922,0.000293449335117963,-0.011005638765922,-0.01058893225854,0.0876603146264589
318.237515835737,-0.00801484029574077,-0.00664034345085014,0.000283454200303764,-0.0109251478246211,0.000283454200303764,-0.0109251478246211,-0.010446272534701,0.0870741141501417
320.444540239715,-0.00795790765132962,-0.00653727494612187,0.000273681070522893,-0.0108452240147417,0.000273681070522892,-0.0108452240147417,-0.0103055072894701,0.0864916068976816
322.666870685493,-0.00790097194558454,-0.00643537176852908,0.000264126299010456,-0.0107658644267055,0.000264126299010456,-0.0107658644267055,-0.0101666120309424,0.0859127741376343
324.904613322743,-0.00784403992946374,-0.00633462762791041,0.000254786278384423,-0.0106870661434328,0.000254786278384423,-0.0106870661434328,-0.0100295625664354,0.0853375971378405
327.1578750373,-0.00778711831337601,-0.00623503617091038,0.000245657440504776,-0.0106088262406808,0.000245657440504776,-0.0106088262406808,-0.00989433499932976,0.0847660571678925
329.426763456268,-0.00773021376524873,-0.00613659098147516,0.000236736256332619,-0.0105311417873822,0.000236736256332618,-0.0105311417873822,-0.00976090572592891,0.0841981355015402
331.711386953162,-0.00767333290861627,-0.00603928558140439,0.000228019235789092,-0.0104540098459829,0.000228019235789092,-0.0104540098459829,-0.00962925143233734,0.0836338134190379
334.011854653082,-0.00761648232073036,-0.00594311343095787,0.000219502927613951,-0.0103774274727796,0.000219502927613951,-0.0103774274727796,-0.00949934909135774,0.0830730722094313
336.328276437929,-0.00755966853069412,-0.00584806792951648,0.000211183919223639,-0.0103013917182564,0.000211183919223639,-0.0103013917182564,-0.00937117595940768,0.0825158931727878
338.660762951648,-0.00750289801762139,-0.00575414241629626,0.000203058836568733,-0.0102258996274219,0.000203058836568733,-0.0102258996274219,-0.00924470957345607,0.0819622576223695
341.009425605519,-0.00744617720882279,-0.00566133017111472,0.000195124343990595,-0.010150948240145,0.000195124343990595,-0.010150948240145,-0.00911992774797964,0.0814121468867504
343.374376583475,-0.00738951247802002,-0.00556962441520816,0.000187377144077106,-0.0100765345914911,0.000187377144077106,-0.0100765345914911,-0.00899680857193972,0.0808655423118802
345.75572884746,-0.00733291014359007,-0.00547901831209922,0.000179813977517324,-0.0100026557120568,0.000179813977517324,-0.0100026557120568,-0.00887533040577974,0.0803224252630929
348.153596142828,-0.00727637646684048,-0.00538950496851317,0.000172431622954954,-0.00992930862830561,0.000172431622954954,-0.00992930862830561,-0.00875547187844353,0.0797827771270635
350.568093003772,-0.00721991765031717,-0.00530107743534195,0.00016522689684047,-0.00985649036290195,0.00016522689684047,-0.00985649036290195,-0.00863721188441479,0.0792465793137136
352.999334758797,-0.00716353983614625,-0.00521372870865472,0.000158196653281789,-0.00978419793504521,0.00015819665328179,-0.00978419793504521,-0.00852052958077784,0.0787138132580648
355.44743753623,-0.00710724910441091,-0.00512745173075361,0.000151337783893346,-0.00971242836080322,0.000151337783893346,-0.00971242836080322,-0.00840540438430002,0.0781844604220439
357.912518269762,-0.00705105147156473,-0.00504223939127331,0.000144647217643472,-0.00964117865344514,0.000144647217643471,-0.00964117865344514,-0.00829181596853579,0.0776585022962383
360.39469470404,-0.00699495288888263,-0.00495808452832331,0.000138121920699937,-0.00957044582377368,0.000138121920699937,-0.00957044582377368,-0.00817974426095276,0.0771359204016035
362.894085400285,-0.00693895924095045,-0.00487497992967123,0.000131758896273574,-0.00950022688045664,0.000131758896273575,-0.00950022688045664,-0.00806916944007986,0.0766166962911245
365.410809741959,-0.00688307634419437,-0.00479291833396602,0.000125555184459839,-0.00943051883035781,0.000125555184459839,-0.00943051883035781,-0.0079600719326778,0.0761008115514297
367.944987940466,-0.00682730994545115,-0.00471189243199935,0.00011950786207824,-0.00936131867886689,0.00011950786207824,-0.00936131867886689,-0.00785243241093182,0.0755882478043609
370.496741040893,-0.0067716657205801,-0.00463189486800403,0.000113614042509522,-0.00929262343022873,0.000113614042509522,-0.00929262343022872,-0.00774623178966714,0.0750789867084978
373.066190927794,-0.00671614927311779,-0.00455291824098769,0.000107870875530508,-0.00922443008787148,0.000107870875530508,-0.00922443008787148,-0.00764145122358693,0.0745730099606404
375.653460331008,-0.00666076613297628,-0.00447495510610032,0.000102275547146525,-0.0091567356547338,0.000102275547146525,-0.0091567356547338,-0.00753807210453311,0.0740702992972467
378.258672831527,-0.0066055217551857,-0.00439799797603428,9.68252794213219e-05,-0.0090895371335909,9.68252794213218e-05,-0.0090895371335909,-0.00743607605876999,0.073570836495831
380.881952867393,-0.00655042151868192,-0.00432203932245489,9.15173303044028e-05,-0.00902283152737946,9.15173303044028e-05,-0.00902283152737946,-0.00733544494429083,0.0730746033763195
383.523425739646,-0.00649547072513996,-0.00424707157746034,8.63489934557131e-05,-0.00895661583952122,8.63489934557131e-05,-0.00895661583952122,-0.00723616084814746,0.0725815818023661
386.183217618305,-0.0064406745978539,-0.00417308713506933,8.13175980676e-05,-0.00889088707424522,8.13175980676001e-05,-0.00889088707424522,-0.00713820608380291,0.0720917536826295
388.861455548399,-0.00638603828066358,-0.00410007835273446,7.64205086839964e-05,-0.00882564223690854,7.64205086839966e-05,-0.00882564223690854,-0.00704156318850719,0.0716051009720103
391.558267456034,-0.00633156683692893,-0.0040280375528804,7.16551250167724e-05,-0.00876087833431559,7.16551250167725e-05,-0.00876087833431559,-0.00694621492069625,0.0711216056728521
394.273782154498,-0.0062772652485522,-0.00395695702446466,6.70188817592022e-05,-0.00869659237503561,6.70188817592023e-05,-0.00869659237503561,-0.00685214425741416,0.0706412498361044
397.008129350424,-0.00622313841504844,-0.00388682902455969,6.25092483965021e-05,-0.00863278136971849,6.2509248396502e-05,-0.00863278136971849,-0.00675933439175844,0.0701640155624489
399.761439649975,-0.00616919115266475,-0.00381764577995452,5.81237290134075e-05,-0.00856944233140871,5.81237290134074e-05,-0.00856944233140871,-0.00666776873034868,0.0696898850033916
402.533844565089,-0.00611542819354837,-0.00374939948877446,5.38598620987514e-05,-0.00850657227585733,5.38598620987513e-05,-0.00850657227585733,-0.00657743089081839,0.0692188403623187
405.325476519761,-0.00606185418496403,-0.00368208232211717,4.97152203470212e-05,-0.00844416822183189,4.97152203470213e-05,-0.00844416822183189,-0.00648830469933008,0.0687508638955189
408.136468856361,-0.00600847368856057,-0.00361568642570348,4.56874104568727e-05,-0.00838222719142417,4.56874104568725e-05,-0.00838222719142417,-0.0064003741881136,0.0682859379131729
410.966955842014,-0.00595529117968708,-0.00355020392154141,4.17740729265788e-05,-0.00832074621035567,4.17740729265786e-05,-0.00832074621035567,-0.00631362359302761,0.067824044780309
413.817072675003,-0.00590231104675846,-0.00348562690960177,3.79728818464164e-05,-0.00825972230828066,3.79728818464164e-05,-0.00825972230828066,-0.00622803735114436,0.0673651669177281
416.686955491232,-0.00584953759067059,-0.00342194746950382,3.42815446879764e-05,-0.00819915251908682,3.42815446879763e-05,-0.00819915251908682,-0.00614360009835746,0.0669092868028958
419.576741370729,-0.00579697502426489,-0.00335915766220925,3.06978020904002e-05,-0.00813903388119321,3.06978020904e-05,-0.00813903388119321,-0.00606029666701293,0.0664563869708051
422.486568344193,-0.00574462747184229,-0.00329724953172316,2.7219427643551e-05,-0.00807936343784564,2.72194276435509e-05,-0.00807936343784564,-0.00597811208356317,0.0660064500148086
425.416575399583,-0.0056924989687264,-0.00323621510680035,2.38442276681302e-05,-0.0080201382374091,2.38442276681302e-05,-0.0080201382374091,-0.00589703156624399,0.0655594585874209
428.366902488763,-0.00564059346087568,-0.00317604640265539,2.05700409927544e-05,-0.00796135533365741,2.05700409927542e-05,-0.00796135533365741,-0.00581704052277464,0.0651153954010934
431.337690534184,-0.00558891480454439,-0.00311673542267508,1.73947387280162e-05,-0.00790301178605981,1.7394738728016e-05,-0.00790301178605981,-0.00573812454808061,0.0646742432289592
434.329081435613,-0.00553746676599198,-0.0030582741601317,1.43162240375554e-05,-0.00784510466006442,1.43162240375553e-05,-0.00784510466006442,-0.00566026942203936,0.0642359849055524
437.341218076915,-0.0054862530212406,-0.00300065459989571,1.13324319061694e-05,-0.00778763102737852,1.13324319061694e-05,-0.00778763102737852,-0.00558346110724869,0.0638006033274991
440.374244332875,-0.00543527715588038,-0.00294386872014633,8.44132890500098e-06,-0.00773058796624553,8.44132890500098e-06,-0.00773058796624553,-0.00550768574681779,0.0633680814541825
443.428305076071,-0.00538454266492191,-0.00288790849407875,5.64091295384469e-06,-0.00767397256171853,5.64091295384491e-06,-0.00767397256171853,-0.0054329296621809,0.0629384023083826
446.503546183793,-0.00533405295269562,-0.00283276589160641,2.92921308061385e-06,-0.00761778190593035,2.92921308061385e-06,-0.00761778190593035,-0.00535917935093335,0.0625115489768899
449.600114545014,-0.00528381133279738,-0.00277843288105722,3.04289178017919e-07,-0.00756201309835999,3.04289178017919e-07,-0.00756201309835999,-0.00528642148469002,0.0620875046110954
452.718158067401,-0.00523382102807993,-0.00272490143086217,-2.23576824249312e-06,-0.00750666324609548,-2.2357682424929e-06,-0.00750666324609548,-0.00521464290696613,0.0616662524275556
455.857825684385,-0.00518408517068932,-0.0026721635112352,-4.69283829946461e-06,-0.00745172946409281,-4.69283829946461e-06,-0.00745172946409281,-0.00514383063108004,0.0612477757085349
459.01926736227,-0.00513460680214601,-0.00262021109584301,-7.06876999279071e-06,-0.00739720887543113,-7.06876999279093e-06,-0.00739720887543113,-0.00507397183807828,0.0608320578025241
462.202634107401,-0.00508538887346964,-0.00256903616346357,-9.36538245762048e-06,-0.00734309861156399,-9.36538245762059e-06,-0.00734309861156399,-0.00500505387468237,0.0604190821247372
465.408077973374,-0.00503643424534711,-0.00251863069963219,-1.15844652207479e-05,-0.00728939581256649,-1.15844652207479e-05,-0.00728939581256649,-0.00493706425125757,0.0600088321575854
468.635752068297,-0.0049877456883429,-0.00246898669827395,-1.37277784594181e-05,-0.00723609762737844,-1.37277784594181e-05,-0.00723609762737844,-0.00486999063980326,0.0596012914511304
471.885810562108,-0.00493932588315116,-0.00242009616332136,-1.57970532624684e-05,-0.00718320121404327,-1.57970532624684e-05,-0.00718320121404327,-0.00480382087196495,0.0591964436235163
475.158408693936,-0.00489117742088855,-0.0023719511103162,-1.77939918937353e-05,-0.0071307037399428,-1.77939918937354e-05,-0.0071307037399428,-0.00473854293706767,0.058794272361381
478.453702779515,-0.00484330280342718,-0.00232454356799447,-1.97202680576403e-05,-0.00707860238202756,-1.97202680576403e-05,-0.00707860238202756,-0.00467414498017072,0.0583947614202477
481.771850218653,-0.00479570444376667,-0.00227786557985347,-2.15775271668734e-05,-0.00702689432704291,-2.15775271668735e-05,-0.00702689432704291,-0.00461061530014364,0.0579978946248968
485.113009502749,-0.00474838466644456,-0.00223190920569994,-2.33673866120923e-05,-0.0069755767717506,-2.33673866120922e-05,-0.0069755767717506,-0.00454794234776309,0.0576036558697185
488.477340222363,-0.00470134570798412,-0.00218666652317845,-2.50914360335428e-05,-0.00692464692314593,-2.50914360335427e-05,-0.00692464692314593,-0.00448611472383083,0.0572120291190475
491.865003074839,-0.00465458971737866,-0.0021421296292791,-2.67512375945181e-05,-0.00687410199867034,-2.67512375945181e-05,-0.00687410199867034,-0.00442512117731225,0.056822998407478
495.276159871982,-0.00460811875661147,-0.00209829064182359,-2.83483262565611e-05,-0.00682393922641937,-2.83483262565611e-05,-0.00682393922641937,-0.00436495060349572,0.0564365478401628
498.710973547785,-0.00456193480121029,-0.00205514170092893,-2.98842100563158e-05,-0.00677415584534611,-2.98842100563158e-05,-0.00677415584534611,-0.00430559204217225,0.0560526615930932
502.169608166212,-0.00451603974083555,-0.00201267497044805,-3.13603703839321e-05,-0.00672474910545985,-3.13603703839321e-05,-0.00672474910545985,-0.00424703467583559,0.0556713239133637
505.652228929035,-0.00447043537990123,-0.00197088263938643,-3.27782622629358e-05,-0.00667571626802003,-3.27782622629358e-05,-0.00667571626802003,-0.0041892678279024,0.0552925191194185
509.159002183727,-0.00442512343822742,-0.00192975692329416,-3.41393146314501e-05,-0.00662705460572556,-3.41393146314502e-05,-0.00662705460572556,-0.00413228096095257,0.0549162316012833
512.690095431402,-0.0043801055517236,-0.0018892900656327,-3.54449306246869e-05,-0.0065787614028992,-3.54449306246869e-05,-0.0065787614028992,-0.00407606367498931,0.0545424458207802
516.245677334823,-0.00433538327310155,-0.00184947433911582,-3.66964878585935e-05,-0.00653083395566722,-3.66964878585936e-05,-0.00653083395566722,-0.00402060570571896,0.0541711463117281
519.825917726449,-0.00429095807261703,-0.001810302047024,-3.78953387145669e-05,-0.00648326957213425,-3.7895338714567e-05,-0.00648326957213424,-0.00396589692285042,0.0538023176801278
523.430987616559,-0.00424683133883893,-0.00177176552449185,-3.90428106251224e-05,-0.00643606557255315,-3.90428106251225e-05,-0.00643606557255315,-0.00391192732841393,0.0534359446043321
527.061059201407,-0.00420300437944518,-0.00173385713976795,-4.01402063604245e-05,-0.00638921928949021,-4.01402063604245e-05,-0.00638921928949021,-0.00385868705509909,0.0530720118352024
530.716305871459,-0.00415947842204416,-0.00169656929544678,-4.1188804315571e-05,-0.00634272806798524,-4.11888043155711e-05,-0.00634272806798524,-0.00380616636461202,0.0527105041962509
534.396902219665,-0.0041162546150206,-0.00165989442967216,-4.21898587985345e-05,-0.00629658926570698,-4.21898587985346e-05,-0.00629658926570698,-0.00375435564605134,0.0523514065837692
538.103024049808,-0.00407333402840508,-0.0016238250173119,-4.31446003186526e-05,-0.00625080025310343,-4.31446003186525e-05,-0.00625080025310343,-0.00370324541430302,0.0519947039669441
541.834848384891,-0.00403071765476589,-0.00158835357110325,-4.40542358755697e-05,-0.00620535841354739,-4.40542358755698e-05,-0.00620535841354738,-0.00365282630845376,0.0516403813879599
545.592553475602,-0.00398840641012236,-0.00155347264276886,-4.49199492485265e-05,-0.00616026114347706,-4.49199492485266e-05,-0.00616026114347706,-0.00360308909022278,0.051288423962089
549.376318808822,-0.00394640113487856,-0.00151917482410304,-4.57429012858945e-05,-0.00611550585253177,-4.57429012858945e-05,-0.00611550585253177,-0.00355402464241201,0.0509388168777694
553.1863251162,-0.00390470259477635,-0.00148545274802785,-4.65242301948581e-05,-0.00607108996368276,-4.65242301948582e-05,-0.00607108996368276,-0.00350562396737425,0.0505915453966709
557.022754382788,-0.00386331148186677,-0.00145229908961905,-4.72650518311406e-05,-0.00602701091335915,-4.72650518311406e-05,-0.00602701091335915,-0.00345787818549929,0.0502465948537494
560.885789855729,-0.00382222841549876,-0.00141970656710162,-4.79664599886755e-05,-0.00598326615156899,-4.79664599886756e-05,-0.00598326615156899,-0.00341077853371794,0.0499039506572899
564.775616053012,-0.00378145394332414,-0.00138766794281464,-4.86295266891262e-05,-0.0059398531420155,-4.86295266891262e-05,-0.0059398531420155,-0.00336431636402347,0.0495635982889384
568.692418772287,-0.0037409885423179,-0.0013561760241456,-4.92553024711529e-05,-0.00589676936220847,-4.92553024711529e-05,-0.00589676936220847,-0.0033184831420107,0.0492255233037238
572.636385099737,-0.00370083261981285,-0.00132522366443381,-4.98448166793345e-05,-0.00585401230357083,-4.98448166793344e-05,-0.00585401230357083,-0.00327327044543223,0.0488897113300679
576.607703419018,-0.00366098651454751,-0.00129480376384312,-5.03990777526452e-05,-0.00581157947154049,-5.03990777526452e-05,-0.00581157947154049,-0.00322866996277187,0.0485561480697868
580.606563420252,-0.0036214504977264,-0.00126490927020371,-5.09190735123969e-05,-0.00576946838566739,-5.09190735123969e-05,-0.00576946838566739,-0.00318467349183497,0.0482248192980812
584.633156109091,-0.00358222477409172,-0.00123553317982305,-5.14057714495498e-05,-0.00572767657970587,-5.14057714495497e-05,-0.00572767657970587,-0.00314127293835561,0.0478957108635181
588.687673815838,-0.00354330948300543,-0.00120666853826618,-5.18601190113024e-05,-0.0056862016017023,-5.18601190113025e-05,-0.00568620160170229,-0.00309846031462033,0.047568808688002
592.77031020464,-0.00350470469954092,-0.00117830844110506,-5.22830438868727e-05,-0.00564504101407812,-5.22830438868727e-05,-0.00564504101407812,-0.00305622773810841,0.0472440987667378
596.881260282727,-0.00346641043558316,-0.00115044603463749,-5.26754542923779e-05,-0.00560419239370825,-5.2675454292378e-05,-0.00560419239370825,-0.00301456743014839,0.0469215671681848
601.020720409738,-0.00342842664093664,-0.00112307451657535,-5.30382392547309e-05,-0.00556365333199495,-5.30382392547309e-05,-0.00556365333199495,-0.00297347171459072,0.0466012000340016
605.188888307094,-0.00339075320444001,-0.00109618713670254,-5.33722688944658e-05,-0.0055234214349371,-5.33722688944659e-05,-0.00552342143493711,-0.00293293301649646,0.0462829835789827
609.385963067442,-0.00335338995508676,-0.00106977719750272,-5.36783947074121e-05,-0.00548349432319512,-5.36783947074122e-05,-0.00548349432319512,-0.00289294386084167,0.0459669040909876
613.612145164168,-0.00331633666315081,-0.00104383805475692,-5.39574498451328e-05,-0.00544386963215133,-5.39574498451329e-05,-0.00544386963215133,-0.00285349687123754,0.045652947930861
617.867636460969,-0.00327959304131648,-0.0010183631181115,-5.42102493940528e-05,-0.00540454501196606,-5.42102493940529e-05,-0.00540454501196606,-0.002814584768666,0.0453411015323459
622.152640221499,-0.00324315874581175,-0.000993345851616401,-5.44375906531955e-05,-0.00536551812762934,-5.44375906531956e-05,-0.00536551812762934,-0.0027762003702306,0.045031351401989
626.467361119072,-0.00320703337754421,-0.000968779774234152,-5.4640253410455e-05,-0.00532678665900841,-5.4640253410455e-05,-0.00532678665900841,-0.00273833658792259,0.0447236841190389
630.812005246445,-0.00317121648323875,-0.000944658460319785,-5.48190002173322e-05,-0.00528834830089091,-5.48190002173324e-05,-0.00528834830089091,-0.00270098642740204,0.0444180863353374
635.186780125658,-0.00313570755657638,-0.000920975540072026,-5.49745766620601e-05,-0.00525020076302404,-5.49745766620602e-05,-0.00525020076302404,-0.00266414298679375,0.0441145447752033
639.591894717946,-0.00310050603933325,-0.000897724699956033,-5.51077116410536e-05,-0.00521234177014953,-5.51077116410536e-05,-0.00521234177014953,-0.00262779945549787,0.0438130462353101
644.027559433723,-0.00306561132251937,-0.000874899683098027,-5.52191176286149e-05,-0.00517476906203462,-5.5219117628615e-05,-0.00517476906203462,-0.00259194911301508,0.0435135775845571
648.493986142629,-0.0030310227475161,-0.000852494289652149,-5.53094909448324e-05,-0.00513748039349909,-5.53094909448325e-05,-0.00513748039349909,-0.00255658532778611,0.0432161257639344
652.991388183652,-0.00299673960721188,-0.000830502377139908,-5.53795120216063e-05,-0.0051004735344383,-5.53795120216064e-05,-0.0051004735344383,-0.00252170155604551,0.0429206777863811
657.519980375318,-0.00296276114713542,-0.000808917860762599,-5.54298456667471e-05,-0.0050637462698425,-5.54298456667471e-05,-0.0050637462698425,-0.00248729134068948,0.0426272207366381
662.07997902595,-0.00292908656658583,-0.000787734713687071,-5.54611413260858e-05,-0.00502729639981227,-5.54611413260858e-05,-0.00502729639981227,-0.00245334831015758,0.0423357417710957
666.671601944003,-0.0028957150197589,-0.000766946967305254,-5.54740333435402e-05,-0.00499112173957031,-5.54740333435402e-05,-0.00499112173957031,-0.00241986617732829,0.0420462281176342
671.295068448464,-0.00286264561686907,-0.000746548711467838,-5.54691412190845e-05,-0.00495522011946955,-5.54691412190845e-05,-0.00495522011946955,-0.00238683873842808,0.0417586670754603
675.950599379332,-0.00282987742526642,-0.000726534094692558,-5.54470698645734e-05,-0.00491958938499772,-5.54470698645734e-05,-0.00491958938499772,-0.00235425987195401,0.0414730460149382
680.638417108163,-0.00279740947054816,-0.000706897324347494,-5.54084098573684e-05,-0.00488422739677838,-5.54084098573684e-05,-0.00488422739677838,-0.00232212353760961,0.0411893523774146
685.358745548692,-0.002765240737664,-0.000687632666809834,-5.53537376917233e-05,-0.00484913203056857,-5.53537376917233e-05,-0.00484913203056857,-0.00229042377525394,0.0409075736750402
690.11181016753,-0.00273337017201493,-0.000668734447600558,-5.52836160278818e-05,-0.00481430117725303,-5.52836160278818e-05,-0.00481430117725303,-0.00225915470386367,0.0406276974905851
694.897837994932,-0.002701796680545,-0.000650197051495497,-5.51985939388473e-05,-0.00477973274283516,-5.51985939388473e-05,-0.00477973274283516,-0.002228310520508,0.0403497114772508
699.717057635642,-0.00267051913282534,-0.000632014922613238,-5.50992071547846e-05,-0.00474542464842482,-5.50992071547846e-05,-0.00474542464842482,-0.00219788549933632,0.0400736033584768
704.569699279812,-0.00263953636213026,-0.000614182564480337,-5.49859783050143e-05,-0.00471137483022284,-5.49859783050144e-05,-0.00471137483022284,-0.0021678739905785,0.0397993609277432
709.455994713995,-0.00260884716650479,-0.000596694540074336,-5.48594171575685e-05,-0.00467758123950261,-5.48594171575685e-05,-0.00467758123950261,-0.00213827041955754,0.0395269720483695
714.376177332221,-0.0025784503098233,-0.000579545471845047,-5.47200208562688e-05,-0.00464404184258856,-5.47200208562689e-05,-0.00464404184258856,-0.00210906928571455,0.0392564246533088
719.33048214714,-0.00254834452283879,-0.000562730041714614,-5.45682741553015e-05,-0.00461075462083177,-5.45682741553014e-05,-0.00461075462083177,-0.00208026516164593,0.0389877067449382
724.31914580125,-0.00251852850422247,-0.000546242991056818,-5.44046496512562e-05,-0.00457771757058266,-5.44046496512562e-05,-0.00457771757058266,-0.0020518526921525,0.0387208063948457
729.342406578201,-0.00248900092159319,-0.000530079120656145,-5.42296080126046e-05,-0.00454492870316098,-5.42296080126047e-05,-0.00454492870316098,-0.00202382659330057,0.0384557117436135
734.400504414174,-0.00245976041253652,-0.000514233290647094,-5.40435982065918e-05,-0.004512386044823,-5.40435982065917e-05,-0.004512386044823,-0.00199618165149469,0.0381924110005973
739.493680909344,-0.00243080558561299,-0.000498700420434233,-5.3847057723518e-05,-0.00448008763672612,-5.3847057723518e-05,-0.00448008763672612,-0.00196891272256207,0.0379308924437023
744.622179339418,-0.00240213502135524,-0.000483475488593508,-5.36404127983916e-05,-0.00444803153489086,-5.36404127983916e-05,-0.00444803153489086,-0.00194201473084842,0.0376711444191568
749.786244667259,-0.00237374727325384,-0.000468553532755283,-5.34240786299329e-05,-0.00441621581016044,-5.34240786299329e-05,-0.00441621581016044,-0.00191548266832521,0.0374131553412812
754.98612355458,-0.00234564086873142,-0.000453929649469642,-5.31984595969108e-05,-0.00438463854815784,-5.31984595969108e-05,-0.00438463854815784,-0.00188931159370803,0.0371569136922552
760.222064373731,-0.00231781431010486,-0.000439598994054431,-5.29639494718008e-05,-0.00435329784924053,-5.29639494718009e-05,-0.00435329784924052,-0.0018634966315861,0.0369024080218815
765.494317219563,-0.00229026607553536,-0.000425556780426541,-5.27209316317463e-05,-0.00432219182845296,-5.27209316317464e-05,-0.00432219182845296,-0.00183803297156274,0.0366496269473465
770.803133921369,-0.00226299461996609,-0.000411798280916943,-5.24697792668164e-05,-0.00429131861547684,-5.24697792668164e-05,-0.00429131861547684,-0.0018129158674066,0.0363985591529787
776.148768054917,-0.00223599837604727,-0.000398318826069958,-5.22108555855478e-05,-0.00426067635457918,-5.22108555855479e-05,-0.00426067635457918,-0.00178814063621362,0.0361491933900043
781.531474954562,-0.00220927575504844,-0.000385113804427254,-5.1944514017763e-05,-0.00423026320455837,-5.1944514017763e-05,-0.00423026320455837,-0.00176370265757956,0.0359015184763006
786.951511725437,-0.00218282514775774,-0.000372178662297077,-5.16710984146599e-05,-0.00420007733868821,-5.16710984146599e-05,-0.00420007733868821,-0.00173959737278297,0.035655523296146
792.40913725574,-0.00215664492536814,-0.000359508903509179,-5.13909432461681e-05,-0.00417011694466,-5.13909432461681e-05,-0.00417011694466,-0.00171582028397844,0.0354111967999689
797.904612229097,-0.00213073344035025,-0.00034710008915595,-5.11043737955661e-05,-0.00414038022452276,-5.11043737955661e-05,-0.00414038022452276,-0.00169236695340014,0.035168528004094
803.438199137013,-0.00210508902731187,-0.000334947837320224,-5.08117063513633e-05,-0.00411086539462166,-5.08117063513633e-05,-0.00411086539462166,-0.00166923300257529,0.0349275059904856
809.01016229141,-0.0020797100038439,-0.000323047822790226,-5.05132483964413e-05,-0.00408157068553473,-5.05132483964413e-05,-0.00408157068553473,-0.00164641411154774,0.0346881199064903
814.620767837254,-0.00205459467135268,-0.000311395776762155,-5.020929879446e-05,-0.00405249434200783,-5.02092987944601e-05,-0.00405249434200783,-0.00162390601811131,0.0344503589645767
820.270283765263,-0.00202974131587853,-0.000299987486530841,-4.99001479735301e-05,-0.00402363462288812,-4.99001479735301e-05,-0.00402363462288812,-0.00160170451705281,0.0342142124420736
825.958979924714,-0.00200514820890056,-0.00028881879516896,-4.95860781071553e-05,-0.0039949898010559,-4.95860781071552e-05,-0.0039949898010559,-0.00157980545940476,0.0339796696809062
831.687128036326,-0.00198081360812757,-0.000277885601195251,-4.92673632924534e-05,-0.00396655816335498,-4.92673632924533e-05,-0.00396655816335498,-0.00155820475170751,0.0337467200873313
837.455001705243,-0.00195673575827503,-0.000267183858232191,-4.89442697256589e-05,-0.00393833801052169,-4.89442697256589e-05,-0.00393833801052169,-0.00153689835528082,0.0335153531316696
843.262876434102,-0.00193291289182807,-0.000256709574653568,-4.86170558749193e-05,-0.00391032765711247,-4.86170558749193e-05,-0.00391032765711247,-0.00151588228550461,0.0332855583480379
849.111029636188,-0.00190934322979052,-0.000246458813222388,-4.82859726503915e-05,-0.00388252543143021,-4.82859726503915e-05,-0.00388252543143021,-0.00149515261110892,0.0330573253340787
854.999740648693,-0.00188602498241991,-0.00023642769071956,-4.79512635716516e-05,-0.00385492967544928,-4.79512635716516e-05,-0.00385492967544928,-0.00147470545347291,0.032830643750689
860.92929074605,-0.00186295634994845,-0.000226612377563772,-4.76131649324285e-05,-0.00382753874473949,-4.76131649324286e-05,-0.00382753874473949,-0.00145453698593277,0.0326055033217477
866.899963153375,-0.00184013552328998,-0.000217009097422978,-4.72719059626744e-05,-0.0038003510083888,-4.72719059626744e-05,-0.0038003510083888,-0.00143464343309845,0.0323818938338414
872.91204305999,-0.00181756068473292,-0.000207614126817914,-4.69277089879858e-05,-0.00377336484892509,-4.69277089879858e-05,-0.00377336484892509,-0.00141502107017912,0.0321598051359897
878.965817633049,-0.00179523000861926,-0.000198423794718045,-4.65807895863914e-05,-0.00374657866223678,-4.65807895863915e-05,-0.00374657866223678,-0.00139566622231727,0.0319392271393685
885.061576031251,-0.00177314166200956,-0.000189434482130337,-4.6231356742521e-05,-0.00371999085749263,-4.6231356742521e-05,-0.00371999085749263,-0.00137657526393123,0.0317201498170331
891.199609418655,-0.00175129380533404,-0.000180642621681248,-4.58796129991729e-05,-0.00369359985706055,-4.58796129991729e-05,-0.00369359985706055,-0.00135774461806618,0.0315025632036398
897.380210978585,-0.00172968459302989,-0.000172044697192323,-4.55257546062985e-05,-0.00366740409642556,-4.55257546062985e-05,-0.00366740409642556,-0.00133917075575345,0.0312864573951668
903.603675927636,-0.0017083121741646,-0.000163637243249761,-4.51699716674205e-05,-0.00364140202410696,-4.51699716674205e-05,-0.00364140202410696,-0.00132085019537794,0.0310718225486338
909.870301529772,-0.00168717469304577,-0.000155416844768329,-4.48124482835059e-05,-0.0036155921015748,-4.48124482835059e-05,-0.0036155921015748,-0.00130277950205376,0.0308586488818218
916.18038711053,-0.00166627028981708,-0.000147380136549987,-4.44533626943132e-05,-0.00358997280316553,-4.44533626943131e-05,-0.00358997280316553,-0.00128495528700775,0.0306469266729907
922.534234071309,-0.00164559710104075,-0.000139523802837557,-4.40928874172341e-05,-0.0035645426159971,-4.40928874172341e-05,-0.0035645426159971,-0.00126737420697103,0.0304366462605979
928.932145903777,-0.0016251532602665,-0.000131844576863812,-4.37311893836522e-05,-0.00353930003988339,-4.37311893836522e-05,-0.00353930003988339,-0.00125003296357822,0.0302277980430147
935.374428204358,-0.00160493689858711,-0.000124339240396296,-4.33684300728391e-05,-0.00351424358724813,-4.33684300728391e-05,-0.00351424358724813,-0.00123292830277448,0.0300203724782429
941.861388688833,-0.00158494614518063,-0.00011700462327821,-4.30047656434129e-05,-0.00348937178303822,-4.30047656434129e-05,-0.00348937178303822,-0.00121605701423013,0.0298143600836311
948.39333720704,-0.00156517912783946,-0.000109837602965704,-4.26403470623798e-05,-0.00346468316463665,-4.26403470623798e-05,-0.00346468316463665,-0.00119941593076276,0.02960975143559
954.970585757668,-0.00154563397348629,-0.000102835104061861,-4.22753202317856e-05,-0.00344017628177495,-4.22753202317856e-05,-0.00344017628177495,-0.00118300192776682,0.0294065371693074
961.593448503166,-0.00152630880867711,-9.59940978477038e-05,-4.19098261129975e-05,-0.00341584969644525,-4.19098261129975e-05,-0.00341584969644525,-0.00116681192265052,0.0292047079784631
968.262241784745,-0.00150720176009132,-8.93116018105063e-05,-4.15440008486447e-05,-0.00339170198281199,-4.15440008486447e-05,-0.00339170198281199,-0.00115084287428001,0.0290042546149428
974.977284137491,-0.00148831095500918,-8.27846791697096e-05,-4.11779758822409e-05,-0.00336773172712334,-4.11779758822409e-05,-0.00336773172712334,-0.00113509178243063,0.028805167888553
981.738896305574,-0.00146963452177662,-7.64104384007242e-05,-4.08118780755144e-05,-0.00334393752762229,-4.08118780755145e-05,-0.00334393752762229,-0.0011195556872454,0.028607438666734
988.547401257578,-0.00145117059025765,-7.01860327568895e-05,-4.04458298234726e-05,-0.00332031799445756,-4.04458298234726e-05,-0.00332031799445756,-0.0011042316687003,0.0284110578742741
995.403124201917,-0.00143291729227438,-6.41086597898654e-05,-4.00799491672258e-05,-0.00329687174959429,-4.00799491672258e-05,-0.00329687174959429,-0.00108911684607656,0.0282160164930225
1002.30639260238,-0.00141487276203494,-5.81755608687099e-05,-3.97143499045988e-05,-0.00327359742672455,-3.97143499045989e-05,-0.00327359742672455,-0.0010742083774398,0.0280223055616037
1009.25753619375,-0.0013970351365493,-5.2384020697901e-05,-3.93491416985551e-05,-0.00325049367117773,-3.93491416985551e-05,-0.00325049367117773,-0.00105950345912575,0.0278299161751295
1016.2568869976,-0.00137940255603329,-4.67313668345389e-05,-3.89844301834618e-05,-0.00322755913983081,-3.89844301834618e-05,-0.00322755913983081,-0.00104499932523275,0.0276388394849133
1023.30477933808,-0.00136197316430085,-4.12149692049878e-05,-3.86203170692232e-05,-0.00320479250101863,-3.86203170692232e-05,-0.00320479250101863,-0.00103069324712078,0.0274490666981831
1030.40154985798,-0.00134474510914469,-3.58322396211493e-05,-3.8256900243309e-05,-0.00318219243444405,-3.8256900243309e-05,-0.00318219243444405,-0.00101658253291691,0.0272605890777943
1037.5475375347,-0.00132771654270557,-3.05806312966423e-05,-3.78942738707062e-05,-0.00315975763108813,-3.78942738707062e-05,-0.00315975763108813,-0.00100266452702725,0.0270733979419441
1044.74308369654,-0.00131088562183031,-2.54576383630513e-05,-3.75325284918213e-05,-0.00313748679312034,-3.75325284918213e-05,-0.00313748679312034,-0.000988936609655108,0.0268874846638839
1051.98853203895,-0.00129425050841872,-2.0460795386502e-05,-3.71717511183627e-05,-0.00311537863380884,-3.71717511183627e-05,-0.00311537863380884,-0.000975396196325492,0.026702840671634
1059.28422864097,-0.00127780936975957,-1.55876768847214e-05,-3.6812025327228e-05,-0.00309343187743078,-3.68120253272279e-05,-0.00309343187743078,-0.000962040737415709,0.0265194574476966
1066.63052198171,-0.00126156037885582,-1.08358968448212e-05,-3.64534313524287e-05,-0.00307164525918283,-3.64534313524287e-05,-0.00307164525918283,-0.000948867717692097,0.0263373265287706
1074.02776295709,-0.00124550171473921,-6.20310824194826e-06,-3.60960461750764e-05,-0.00305001752509164,-3.60960461750764e-05,-0.00305001752509164,-0.000935874655852716,0.0261564395054651
1081.4763048965,-0.00122963156277449,-1.68700255902932e-06,-3.57399436114612e-05,-0.0030285474319247,-3.57399436114612e-05,-0.0030285474319247,-0.000923059104076039,0.025976788022015
1088.97650357974,-0.00121394811495327,2.71469069225975e-06,-3.53851943992493e-05,-0.00300723374710118,-3.53851943992494e-05,-0.00300723374710118,-0.000910418647575442,0.025798363775995
1096.52871725401,-0.00119844957017791,7.00420444908832e-06,-3.503186628183e-05,-0.0029860752486031,-3.503186628183e-05,-0.0029860752486031,-0.000897950904159538,0.0256211585180352
1104.13330665098,-0.00118313413453533,1.11837345735079e-05,-3.46800240908354e-05,-0.00296507072488663,-3.46800240908355e-05,-0.00296507072488663,-0.000885653523798182,0.025445164051537
1111.79063500406,-0.00116800002156122,1.52554403267359e-05,-3.43297298268691e-05,-0.00294421897479377,-3.43297298268691e-05,-0.00294421897479377,-0.000873524188194162,0.0252703722323885
1119.50106806575,-0.0011530454524945,1.92214448415756e-05,-3.39810427384622e-05,-0.00292351880746413,-3.39810427384622e-05,-0.00292351880746413,-0.000861560610360423,0.0250967749686815
1127.26497412507,-0.00113826865652249,2.30838355927899e-05,-3.36340193992935e-05,-0.00290296904224716,-3.36340193992935e-05,-0.00290296904224716,-0.000849760534202839,0.024924364220428
1135.0827240252,-0.00112366787101677,2.68446648653281e-05,-3.32887137836954e-05,-0.00288256850861455,-3.32887137836954e-05,-0.00288256850861455,-0.000838121734108375,0.0247531319992777
1142.95469118117,-0.00110924134175998,3.05059502202399e-05,-3.29451773404776e-05,-0.00286231604607309,-3.29451773404777e-05,-0.00286231604607309,-0.000826642014538661,0.024583070368236
1150.8812515977,-0.00109498732316369,3.406967495818e-05,-3.2603459065093e-05,-0.00284221050407773,-3.2603459065093e-05,-0.00284221050407773,-0.000815319209628824,0.0244141714413819
1158.86278388715,-0.00108090407847758,3.75377885803558e-05,-3.22636055701757e-05,-0.00282225074194515,-3.22636055701757e-05,-0.00282225074194515,-0.000804151182791595,0.0242464273835876
1166.89966928762,-0.00106698987998998,4.09122072468299e-05,-3.19256611544776e-05,-0.00280243562876756,-3.19256611544776e-05,-0.00280243562876756,-0.000793135826326535,0.0240798304102372
1174.99229168114,-0.0010532430092201,4.4194814232039e-05,-3.15896678702309e-05,-0.00278276404332701,-3.15896678702309e-05,-0.00278276404332701,-0.000782271061034416,0.0239143727869476
1183.14103761204,-0.00103966175710191,4.73874603774537e-05,-3.12556655889628e-05,-0.00276323487401003,-3.12556655889628e-05,-0.00276323487401003,-0.000771554835836591,0.0237500468292885
1191.34629630538,-0.00102624442416009,5.04919645412516e-05,-3.09236920657919e-05,-0.00274384701872276,-3.09236920657919e-05,-0.00274384701872276,-0.00076098512739938,0.0235868449025043
1199.60845968555,-0.00101298932067797,5.35101140449367e-05,-3.05937830022282e-05,-0.00272459938480641,-3.05937830022282e-05,-0.00272459938480641,-0.000750559939763328,0.0234247594212353
1207.92792239501,-0.000999894766857808,5.64436651167872e-05,-3.02659721075098e-05,-0.00270549088895329,-3.02659721075098e-05,-0.00270549088895329,-0.000740277303977356,0.0232637828492413
1216.3050818131,-0.000986959092973442,5.92943433320763e-05,-2.99402911584955e-05,-0.00268652045712319,-2.99402911584956e-05,-0.00268652045712319,-0.000730135277737653,0.0231039076991242
1224.74033807505,-0.000974180639515592,6.20638440499571e-05,-2.96167700581456e-05,-0.00266768702446032,-2.96167700581456e-05,-0.00266768702446032,-0.000720131945031344,0.0229451265320527
1233.23409409112,-0.000961557757329858,6.47538328469621e-05,-2.92954368926115e-05,-0.00264898953521064,-2.92954368926115e-05,-0.00264898953521064,-0.000710265415784779,0.0227874319574862
1241.78675556577,-0.000949088807747698,6.73659459470227e-05,-2.89763179869639e-05,-0.0026304269426398,-2.89763179869639e-05,-0.0026304269426398,-0.000700533825516476,0.0226308166329012
1250.39873101711,-0.000936772162710416,6.99017906479641e-05,-2.86594379595822e-05,-0.00261199820895141,-2.86594379595822e-05,-0.00261199820895141,-0.000690935334994572,0.022475273263517
1259.07043179635,-0.000924606204886442,7.23629457443895e-05,-2.83448197752319e-05,-0.00259370230520605,-2.83448197752319e-05,-0.00259370230520605,-0.000681468129898807,0.0223207946020232
1267.80227210752,-0.000912589327781944,7.47509619469206e-05,-2.80324847968531e-05,-0.00257553821124054,-2.80324847968532e-05,-0.00257553821124054,-0.000672130420486908,0.0221673734483073
1276.5946690272,-0.000900719935845028,7.70673622977153e-05,-2.77224528360864e-05,-0.00255750491558795,-2.77224528360864e-05,-0.00255750491558795,-0.000662920441265374,0.0220150026491831
1285.44804252445,-0.000888996444563617,7.93136425822274e-05,-2.74147422025599e-05,-0.00253960141539806,-2.74147422025599e-05,-0.00253960141539806,-0.000653836450664586,0.021863675098121
1294.36281548089,-0.000877417280557162,8.14912717371593e-05,-2.710936975196e-05,-0.0025218267163583,-2.710936975196e-05,-0.0025218267163583,-0.00064487673071817,0.0217133837349775
1303.33941371088,-0.000865980881662384,8.36016922545549e-05,-2.68063509329133e-05,-0.00250417983261539,-2.68063509329133e-05,-0.00250417983261539,-0.000636039586746594,0.0215641215457268
1312.37826598188,-0.000854685697013114,8.56463205820088e-05,-2.65056998326976e-05,-0.00248665978669737,-2.65056998326976e-05,-0.00248665978669737,-0.000627323347044902,0.0214158815621929
1321.47980403488,-0.000843530187114475,8.76265475189359e-05,-2.62074292218115e-05,-0.00246926560943633,-2.62074292218115e-05,-0.00246926560943633,-0.00061872636257459,0.0212686568617822
1330.6444626051,-0.000832512823911449,8.95437386088889e-05,-2.59115505974195e-05,-0.00245199633989157,-2.59115505974195e-05,-0.00245199633989157,-0.000610247006659495,0.0211224405672176
1339.87267944269,-0.000821632090852064,9.13992345278737e-05,-2.56180742257007e-05,-0.00243485102527349,-2.56180742257007e-05,-0.00243485102527349,-0.000601883674685737,0.0209772258462732
1349.16489533366,-0.000810886482945253,9.31943514686546e-05,-2.53270091831183e-05,-0.0024178287208679,-2.53270091831184e-05,-0.0024178287208679,-0.000593634783805559,0.0208330059115097
1358.52155412096,-0.000800274506813618,9.49303815210084e-05,-2.50383633966361e-05,-0.00240092848996102,-2.50383633966361e-05,-0.00240092848996101,-0.000585498772645128,0.0206897740200113
1367.94310272563,-0.00078979468074113,9.66085930479224e-05,-2.47521436829008e-05,-0.00238414940376498,-2.47521436829008e-05,-0.00238414940376498,-0.000577474101016132,0.0205475234731229
1377.42999116818,-0.000779445534716015,9.82302310577029e-05,-2.44683557864138e-05,-0.00236749054134401,-2.44683557864138e-05,-0.00236749054134401,-0.00056955924963123,0.0204062476161887
1386.98267259009,-0.000769225610468836,9.9796517571994e-05,-2.41870044167113e-05,-0.00235095098954108,-2.41870044167113e-05,-0.00235095098954108,-0.000561752719823213,0.0202659398382915
1396.60160327544,-0.000759133461506024,0.000101308651989679,-2.39080932845762e-05,-0.00233452984290527,-2.39080932845762e-05,-0.00233452984290527,-0.000554053033267913,0.0201265935719933
1406.2872426727,-0.000749167653138869,0.00010276781144667,-2.36316251372984e-05,-0.00231822620361963,-2.36316251372985e-05,-0.00231822620361963,-0.000546458731710734,0.0199882022930761
1416.04005341668,-0.000739326762508211,0.000104175151171559,-2.33576017930098e-05,-0.00230203918142972,-2.33576017930098e-05,-0.00230203918142972,-0.000538968376696825,0.019850759520285
1425.86050135065,-0.00072960937860484,0.00010553180483715,-2.30860241741057e-05,-0.00228596789357265,-2.30860241741057e-05,-0.00228596789357265,-0.000531580549304791,0.0197142588150707
1435.74905554856,-0.000720014102285852,0.00010683888490784,-2.28168923397813e-05,-0.00227001146470684,-2.28168923397813e-05,-0.00227001146470684,-0.00052429384988396,0.0195786937813346
1445.70618833745,-0.000710539546286944,0.000108097482982873,-2.2550205517694e-05,-0.00225416902684225,-2.2550205517694e-05,-0.00225416902684225,-0.000517106897795081,0.0194440580651732
1455.73237532004,-0.000701184335230906,0.000109308670135454,-2.22859621347774e-05,-0.00223843971927132,-2.22859621347773e-05,-0.00223843971927132,-0.000510018331154496,0.0193103453546256
1465.8280953974,-0.0006919471056323,0.000110473497247735,-2.20241598472209e-05,-0.00222282268850044,-2.20241598472209e-05,-0.00222282268850044,-0.000503026806581663,0.0191775493794196
1475.99383079187,-0.000682826505898551,0.000111592995341662,-2.17647955696367e-05,-0.00220731708818206,-2.17647955696367e-05,-0.00220731708818206,-0.000496130998950048,0.0190456639107213
1486.23006707006,-0.000673821196327453,0.00011266817590572,-2.1507865503429e-05,-0.00219192207904738,-2.1507865503429e-05,-0.00219192207904738,-0.000489329601141295,0.0189146827608834
1496.53729316606,-0.000664929849101314,0.000113700031217544,-2.12533651643867e-05,-0.00217663682883967,-2.12533651643867e-05,-0.00217663682883967,-0.000482621323802675,0.0187845997831965
1506.9160014048,-0.000656151148277737,0.000114689534662453,-2.10012894095135e-05,-0.00216146051224813,-2.10012894095135e-05,-0.00216146051224813,-0.000476004895107725,0.0186554088716404
1517.36668752555,-0.000647483789777243,0.000115637641047872,-2.07516324631159e-05,-0.00214639231084244,-2.07516324631159e-05,-0.00214639231084244,-0.000469479060520092,0.0185271039606364
1527.88985070559,-0.000638926481367749,0.0001165452869137,-2.05043879421636e-05,-0.00213143141300779,-2.05043879421636e-05,-0.00213143141300779,-0.000463042582560474,0.0183996790248013
1538.4859935841,-0.00063047794264609,0.000117413390838601,-2.02595488809402e-05,-0.00211657701388064,-2.02595488809402e-05,-0.00211657701388064,-0.000456694240576691,0.0182731280787019
1549.15562228612,-0.000622136905016599,0.000118242853742263,-2.00171077549994e-05,-0.00210182831528499,-2.00171077549994e-05,-0.00210182831528499,-0.000450432830516772,0.0181474451766105
1559.89924644673,-0.000613902111666929,0.000119034559183626,-1.97770565044441e-05,-0.00208718452566923,-1.97770565044441e-05,-0.00208718452566923,-0.000444257164705087,0.0180226244122626
1570.71737923542,-0.000605772317541126,0.000119789373655111,-1.95393865565429e-05,-0.00207264486004368,-1.95393865565429e-05,-0.00207264486004368,-0.000438166071621426,0.0178986599186138
1581.61053738059,-0.000597746289310132,0.000120508146872855,-1.93040888477003e-05,-0.0020582085399186,-1.93040888477003e-05,-0.0020582085399186,-0.000432158395683043,0.0177755458675995
1592.57924119422,-0.000589822805339731,0.000121191712062992,-1.90711538447951e-05,-0.0020438747932429,-1.90711538447951e-05,-0.0020438747932429,-0.000426232997029562,0.0176532764698946
1603.62401459674,-0.0005820006556561,0.000121840886243987,-1.88405715659019e-05,-0.00202964285434333,-1.8840571565902e-05,-0.00202964285434333,-0.000420388751310778,0.0175318459746749
1614.74538514202,-0.000574278641908985,0.000122456470505059,-1.86123316004116e-05,-0.00201551196386435,-1.86123316004116e-05,-0.00201551196386435,-0.000414624549477256,0.0174112486693793
1625.94388404263,-0.00056665557733266,0.00012303925028071,-1.83864231285627e-05,-0.00200148136870853,-1.83864231285627e-05,-0.00200148136870853,-0.000408939297573732,0.0172914788794731
1637.22004619516,-0.000559130286704672,0.000123589995621388,-1.81628349404004e-05,-0.00198755032197751,-1.81628349404004e-05,-0.00198755032197751,-0.000403331916535251,0.0171725309682126
1648.57441020578,-0.000551701606302544,0.000124109461460315,-1.79415554541748e-05,-0.0019737180829136,-1.79415554541748e-05,-0.0019737180829136,-0.000397801341986036,0.0170543993364105
1660.00751841599,-0.000544368383858427,0.000124598387876506,-1.77225727341932e-05,-0.00195998391684192,-1.77225727341932e-05,-0.00195998391684192,-0.000392346524041016,0.0169370784222029
1671.51991692849,-0.000537129478511863,0.000125057500353996,-1.7505874508139e-05,-0.00194634709511305,-1.7505874508139e-05,-0.00194634709511305,-0.000386966427110024,0.0168205627008166
1683.11215563331,-0.000529983760760662,0.000125487510037328,-1.72914481838711e-05,-0.00193280689504637,-1.72914481838711e-05,-0.00193280689504637,-0.000381660029704572,0.0167048466843383
1694.78478823403,-0.000522930112410035,0.000125889113983312,-1.70792808657152e-05,-0.00191936259987386,-1.70792808657152e-05,-0.00191936259987386,-0.000376426324247242,0.0165899249214847
1706.53837227424,-0.000515967426519993,0.000126262995409087,-1.68693593702605e-05,-0.00190601349868451,-1.68693593702605e-05,-0.00190601349868451,-0.00037126431688358,0.0164757919973731
1718.37346916419,-0.000509094607351149,0.000126609823936533,-1.66616702416743e-05,-0.00189275888636928,-1.66616702416743e-05,-0.00189275888636928,-0.000366173027296534,0.0163624425332944
1730.2906442076,-0.000502310570308923,0.000126930255833049,-1.64561997665446e-05,-0.00187959806356656,-1.64561997665446e-05,-0.00187959806356656,-0.000361151488523338,0.0162498711864857
1742.29046662864,-0.000495614241886292,0.000127224934248731,-1.62529339882654e-05,-0.00186653033660831,-1.62529339882654e-05,-0.00186653033660831,-0.000356198746774871,0.0161380726499052
1754.37350959913,-0.000489004559605086,0.000127494489449994,-1.60518587209734e-05,-0.00185355501746658,-1.60518587209734e-05,-0.00185355501746658,-0.000351313861257402,0.0160270416520076
1766.54035026596,-0.000482480471955935,0.000127739539049662,-1.58529595630488e-05,-0.00184067142370069,-1.58529595630488e-05,-0.00184067142370069,-0.000346495903996729,0.0159167729565208
1778.79156977856,-0.00047604093833693,0.000127960688233557,-1.56562219101916e-05,-0.00182787887840492,-1.56562219101916e-05,-0.00182787887840492,-0.000341743959664676,0.0158072613622239
1791.12775331676,-0.000469684928991023,0.00012815852998363,-1.54616309680829e-05,-0.00181517671015671,-1.54616309680829e-05,-0.00181517671015671,-0.000337057125407887,0.0156985017027258
1803.54949011869,-0.000463411424942285,0.00012833364529767,-1.52691717646423e-05,-0.00180256425296541,-1.52691717646423e-05,-0.00180256425296541,-0.000332434510678934,0.0155904888462455
1816.05737350894,-0.000457219417931016,0.000128486603405607,-1.50788291618928e-05,-0.00179004084622154,-1.50788291618928e-05,-0.00179004084622154,-0.000327875237069664,0.0154832176953933
1828.65200092687,-0.000451107910347832,0.000128617961982471,-1.48905878674417e-05,-0.00177760583464661,-1.48905878674417e-05,-0.00177760583464661,-0.000323378438146791,0.0153766831869527
1841.33397395519,-0.00044507591516671,0.000128728267358024,-1.47044324455881e-05,-0.0017652585682434,-1.47044324455881e-05,-0.0017652585682434,-0.000318943259289672,0.0152708802916644
1854.10389834867,-0.000439122455877127,0.000128818054723099,-1.45203473280672e-05,-0.00175299840224681,-1.45203473280672e-05,-0.00175299840224681,-0.000314568857530276,0.0151658040140103
1866.9623840631,-0.000433246566415264,0.000128887848332704,-1.43383168244402e-05,-0.00174082469707518,-1.43383168244402e-05,-0.00174082469707518,-0.000310254401395274,0.0150614493919994
1879.91004528435,-0.000427447291094406,0.000128938161705893,-1.41583251321392e-05,-0.00172873681828213,-1.41583251321392e-05,-0.00172873681828213,-0.000305999070750264,0.0149578114969545
1892.94750045783,-0.000421723684534507,0.000128969497822476,-1.39803563461762e-05,-0.0017167341365089,-1.39803563461762e-05,-0.0017167341365089,-0.00030180205664606,0.0148548854333003
1906.0753723179,-0.000416074811591052,0.000128982349316574,-1.38043944685258e-05,-0.00170481602743721,-1.38043944685258e-05,-0.00170481602743721,-0.000297662561167072,0.0147526663383518
1919.29428791772,-0.000410499747283186,0.000128977198667074,-1.36304234171887e-05,-0.00169298187174253,-1.36304234171887e-05,-0.00169298187174253,-0.000293579797281686,0.0146511493821052
1932.60487865912,-0.00040499757672122,0.000128954518385013,-1.34584270349459e-05,-0.00168123105504796,-1.34584270349459e-05,-0.00168123105504796,-0.000289552988694676,0.0145503297670285
1946.00778032282,-0.000399567395033509,0.000128914771197935,-1.32883890978116e-05,-0.0016695629678785,-1.32883890978116e-05,-0.0016695629678785,-0.000285581369701578,0.0144502027278542
1959.50363309877,-0.000394208307292783,0.000128858410231238,-1.31202933231926e-05,-0.00165797700561583,-1.31202933231926e-05,-0.00165797700561583,-0.000281664185045033,0.0143507635313724
1973.09308161673,-0.000388919428441946,0.000128785879186577,-1.29541233777613e-05,-0.00164647256845356,-1.29541233777613e-05,-0.00164647256845356,-0.000277800689773041,0.0142520074762259
1986.77677497706,-0.000383699883219407,0.000128697612517331,-1.27898628850531e-05,-0.00163504906135295,-1.27898628850531e-05,-0.00163504906135295,-0.000273990149099139,0.0141539298927054
2000.55536678172,-0.000378548806083954,0.000128594035601193,-1.26274954327912e-05,-0.00162370589399913,-1.26274954327912e-05,-0.00162370589399913,-0.000270231838264431,0.0140565261425463
2014.42951516552,-0.000373465341139255,0.000128475564909899,-1.24670045799506e-05,-0.00161244248075771,-1.24670045799506e-05,-0.00161244248075771,-0.000266525042401497,0.0139597916187269
2028.39988282751,-0.000368448642057957,0.000128342608176152,-1.23083738635651e-05,-0.00160125824063189,-1.23083738635651e-05,-0.00160125824063189,-0.000262869056400111,0.0138637217452671
2042.46713706267,-0.0003634978720055,0.000128195564557765,-1.2151586805287e-05,-0.00159015259722006,-1.21515868052871e-05,-0.00159015259722006,-0.000259263184774773,0.0137683119770287
2056.63194979376,-0.000358612203563602,0.000128034824799056,-1.19966269177046e-05,-0.00157912497867376,-1.19966269177046e-05,-0.00157912497867376,-0.000255706741534018,0.0136735577995164
2070.89499760343,-0.000353790818653514,0.000127860771389547,-1.18434777104244e-05,-0.00156817481765616,-1.18434777104244e-05,-0.00156817481765616,-0.000252199050051486,0.0135794547286802
2085.25696176653,-0.000349032908459033,0.000127673778719986,-1.16921226959261e-05,-0.00155730155130093,-1.16921226959262e-05,-0.00155730155130093,-0.00024873944293872,0.0134859983107187
2099.71852828265,-0.000344337673349333,0.000127474213235738,-1.15425453951948e-05,-0.00154650462117157,-1.15425453951948e-05,-0.00154650462117157,-0.000245327261919681,0.0133931841218837
2114.2803879089,-0.000339704322801627,0.000127262433587571,-1.13947293431377e-05,-0.00153578347322117,-1.13947293431377e-05,-0.00153578347322117,-0.000241961857706946,0.0133010077682856
2128.94323619287,-0.000335132075323705,0.000127038790779891,-1.12486580937917e-05,-0.00152513755775259,-1.12486580937917e-05,-0.00152513755775259,-0.00023864258987958,0.0132094648857002
2143.7077735059,-0.000330620158376364,0.000126803628316434,-1.11043152253271e-05,-0.00151456632937906,-1.11043152253271e-05,-0.00151456632937905,-0.000235368826762638,0.0131185511393763
2158.57470507649,-0.000326167808295769,0.000126557282343473,-1.09616843448534e-05,-0.00150406924698517,-1.09616843448534e-05,-0.00150406924698517,-0.00023213994530831,0.0130282622238449
2173.54474102402,-0.000321774270215761,0.00012630008179057,-1.08207490930334e-05,-0.00149364577368836,-1.08207490930334e-05,-0.00149364577368836,-0.000228955330978642,0.0129385938627283
2188.61859639264,-0.000317438797990153,0.000126032348508893,-1.06814931485108e-05,-0.00148329537680071,-1.06814931485108e-05,-0.00148329537680071,-0.000225814377629862,0.0128495418085521
2203.79699118545,-0.000313160654115022,0.000125754397407149,-1.05439002321562e-05,-0.00147301752779118,-1.05439002321562e-05,-0.00147301752779118,-0.000222716487398243,0.0127611018425563
2219.08065039887,-0.000308939109651042,0.00012546653658517,-1.04079541111376e-05,-0.00146281170224829,-1.04079541111376e-05,-0.00146281170224829,-0.000219661070587521,0.0126732697745094
2234.47030405729,-0.000304773444145855,0.000125169067465159,-1.02736386028203e-05,-0.00145267737984312,-1.02736386028203e-05,-0.00145267737984312,-0.000216647545557814,0.0125860414425215
2249.9666872479,-0.000300662945556534,0.000124862284920665,-1.01409375785009e-05,-0.00144261404429278,-1.01409375785008e-05,-0.00144261404429278,-0.00021367533861606,0.0124994127128604
2265.57054015586,-0.000296606910172134,0.000124546477403296,-1.00098349669803e-05,-0.00143262118332417,-1.00098349669803e-05,-0.00143262118332417,-0.000210743883907908,0.0124133794797678
2281.28260809959,-0.000292604642536368,0.000124221927067206,-9.88031475798141e-06,-0.00142269828863822,-9.88031475798142e-06,-0.00142269828863822,-0.00020785262331109,0.0123279376652763
2297.10364156645,-0.000288655455370418,0.000123888909891405,-9.75236100541465e-06,-0.00141284485587445,-9.75236100541465e-06,-0.00141284485587445,-0.000205001006330211,0.0122430832190281
2313.0343962485,-0.000284758669495914,0.000123547695799898,-9.62595783049708e-06,-0.00140306038457594,-9.62595783049708e-06,-0.00140306038457594,-0.00020218848999298,0.0121588121180946
2329.07563307866,-0.000280913613758081,0.000123198548779716,-9.50108942472886e-06,-0.0013933443781546,-9.50108942472886e-06,-0.0013933443781546,-0.000199414538747821,0.0120751203667966
2345.22811826701,-0.000277119624949099,0.000122841726996839,-9.37774005273191e-06,-0.00138369634385692,-9.37774005273191e-06,-0.00138369634385692,-0.000196678624362881,0.0119920039965264
2361.49262333744,-0.000273376047731656,0.000122477482910071,-9.25589405495423e-06,-0.00137411579272996,-9.25589405495424e-06,-0.00137411579272996,-0.000193980225826394,0.0119094590655699
2377.86992516445,-0.000269682234562758,0.000122106063382881,-9.13553585024483e-06,-0.00136460223958782,-9.13553585024482e-06,-0.00136460223958782,-0.000191318829248396,0.0118274816589305
2394.36080601029,-0.000266037545617765,0.000121727709793241,-9.01664993830234e-06,-0.00135515520297831,-9.01664993830234e-06,-0.00135515520297831,-0.000188693927763759,0.011746067888154
2410.96605356231,-0.000262441348714707,0.000121342658141508,-8.89922090200215e-06,-0.00134577420515015,-8.89922090200215e-06,-0.00134577420515015,-0.000186105021436549,0.0116652138911539
2427.6864609706,-0.000258893019238869,0.00012095113915636,-8.7832334096049e-06,-0.00133645877202037,-8.7832334096049e-06,-0.00133645877202037,-0.000183551617165659,0.0115849158320387
2444.52282688584,-0.000255391940067674,0.000120553378398826,-8.66867221685087e-06,-0.00132720843314212,-8.66867221685088e-06,-0.00132720843314212,-0.000181033228591737,0.011505169900939
2461.4759554975,-0.00025193750149587,0.000120149596364446,-8.55552216894325e-06,-0.0013180227216728,-8.55552216894326e-06,-0.0013180227216728,-0.000178549376005351,0.0114259723138372
2478.54665657221,-0.00024852910116104,0.000119740008583575,-8.4437682024239e-06,-0.00130890117434254,-8.4437682024239e-06,-0.00130890117434254,-0.000176099586256413,0.0113473193123965
2495.73574549243,-0.000245166143969446,0.000119324825719875,-8.33339534694549e-06,-0.00129984333142299,-8.3333953469455e-06,-0.00129984333142299,-0.000173683392664824,0.0112692071637921
2513.04404329547,-0.00024184804202221,0.000118904253667011,-8.2243887269425e-06,-0.00129084873669644,-8.2243887269425e-06,-0.00129084873669644,-0.000171300334932319,0.0111916321605434
2530.47237671259,-0.000238574214541862,0.000118478493643596,-8.11673356320506e-06,-0.00128191693742527,-8.11673356320506e-06,-0.00128191693742527,-0.000168949959055515,0.011114590620346
2548.02157820863,-0.000235344087799247,0.000118047742286392,-8.01041517435821e-06,-0.00127304748432172,-8.01041517435821e-06,-0.00127304748432172,-0.000166631817240128,0.0110380788859065
2565.69248602162,-0.000232157095040819,0.000117612191741817,-7.90541897825032e-06,-0.00126423993151797,-7.90541897825032e-06,-0.00126423993151797,-0.000164345467816361,0.0109620933247767
2583.48594420295,-0.000229012676416311,0.000117172029755763,-7.80173049325256e-06,-0.00125549383653653,-7.80173049325255e-06,-0.00125549383653653,-0.00016209047515542,0.0108866303291897
2601.4028026576,-0.000225910278906816,0.000116727439761777,-7.69933533947372e-06,-0.00124680876026094,-7.69933533947372e-06,-0.00124680876026094,-0.000159866409587185,0.0108116863158968
2619.4439171848,-0.00022284935625326,0.000116278600967605,-7.59821923989179e-06,-0.00123818426690678,-7.5982192398918e-06,-0.00123818426690678,-0.000157672847318968,0.0107372577260051
2637.61014951883,-0.000219829368885307,0.000115825688440153,-7.4983680214062e-06,-0.00122961992399296,-7.4983680214062e-06,-0.00122961992399296,-0.000155509370355395,0.0106633410248168
2655.90236737027,-0.000216849783850671,0.000115368873188867,-7.39976761581255e-06,-0.00122111530231334,-7.39976761581254e-06,-0.00122111530231334,-0.000153375566419356,0.0105899327016681
2674.32144446737,-0.000213910074744874,0.000114908322247573,-7.30240406070301e-06,-0.00121266997590861,-7.30240406070301e-06,-0.00121266997590861,-0.000151271028874042,0.0105170292697711
2692.86826059784,-0.000211009721641427,0.000114444198754798,-7.20626350029447e-06,-0.00120428352203849,-7.20626350029447e-06,-0.00120428352203849,-0.000149195356646019,0.0104446272660546
2711.54370165082,-0.000208148211022474,0.000113976662032597,-7.11133218618737e-06,-0.00119595552115419,-7.11133218618738e-06,-0.00119595552115419,-0.000147148154149364,0.0103727232510073
2730.34865965925,-0.000205325035709871,0.00011350586766391,-7.01759647805695e-06,-0.00118768555687117,-7.01759647805695e-06,-0.00118768555687117,-0.000145129031210815,0.0103013138085211
2749.28403284242,-0.000202539694796736,0.000113031967568476,-6.92504284427999e-06,-0.0011794732159422,-6.92504284427999e-06,-0.0011794732159422,-0.000143137602995947,0.0102303955457362
2768.35072564895,-0.000199791693579454,0.000112555110077327,-6.83365786249865e-06,-0.00117131808823061,-6.83365786249865e-06,-0.00117131808823061,-0.000141173489936336,0.0101599650928863
2787.54964879989,-0.000197080543490159,0.000112075440005888,-6.7434282201241e-06,-0.00116321976668395,-6.7434282201241e-06,-0.00116321976668395,-0.000139236317657722,0.0100900191031452
2806.88171933232,-0.000194405762029682,0.000111593098725698,-6.65434071478166e-06,-0.00115517784730778,-6.65434071478165e-06,-0.00115517784730778,-0.000137325716909141,0.0100205542524741
2826.34786064308,-0.000191766872700986,0.000111108224234789,-6.56638225469989e-06,-0.00114719192913985,-6.56638225469989e-06,-0.00114719192913985,-0.000135441323493022,0.00995156723947052
2845.94900253294,-0.000189163404943077,0.000110620951226735,-6.4795398590453e-06,-0.00113926161422444,-6.4795398590453e-06,-0.00113926161422444,-0.000133582778196226,0.00988305478521707
2865.68608125093,-0.000186594894065412,0.000110131411158403,-6.39380065820509e-06,-0.00113138650758704,-6.39380065820509e-06,-0.00113138650758704,-0.000131749726722028,0.00981501363313205
2885.56003953913,-0.000184060881182787,0.000109639732316411,-6.30915189401913e-06,-0.00112356621720923,-6.30915189401913e-06,-0.00112356621720923,-0.000129941819623016,0.00974744054882049
2905.57182667768,-0.000181560913150729,0.000109146039882342,-6.22558091996391e-06,-0.00111580035400387,-6.22558091996391e-06,-0.00111580035400387,-0.000128158712234904,0.0096803323199264
2925.72239853012,-0.000179094542501379,0.000108650455996708,-6.14307520128939e-06,-0.00110808853179045,-6.1430752012894e-06,-0.00110808853179045,-0.000126400064611245,0.00961368575598569
2946.01271758903,-0.000176661327379886,0.000108153099821707,-6.0616223151113e-06,-0.00110043036727084,-6.06162231511129e-06,-0.00110043036727084,-0.000124665541459028,0.00954749768828024
2966.44375302203,-0.000174260831481288,0.00010765408760278,-5.98120995045968e-06,-0.0010928254800051,-5.98120995045968e-06,-0.0010928254800051,-0.000122954812075146,0.00948176496969264
2987.01648071805,-0.000171892623987919,0.000107153532728995,-5.90182590828643e-06,-0.00108527349238769,-5.90182590828643e-06,-0.00108527349238769,-0.000121267550283735,0.00941648447456211
3007.73188333398,-0.000169556279507303,0.000106651545792277,-5.82345810143221e-06,-0.00107777402962382,-5.82345810143221e-06,-0.00107777402962382,-0.000119603434374359,0.009351653098541
3028.59095034155,-0.00016725137801058,0.000106148234645509,-5.74609455455544e-06,-0.00107032671970611,-5.74609455455544e-06,-0.00107032671970611,-0.000117962147041035,0.00928726775845254
3049.59467807464,-0.000164977504771419,0.000105643704459513,-5.66972340402387e-06,-0.0010629311933914,-5.66972340402387e-06,-0.0010629311933914,-0.000116343375322084,0.00922332539214914
3070.74406977686,-0.000162734250305469,0.000105138057778941,-5.59433289777113e-06,-0.00105558708417788,-5.59433289777113e-06,-0.00105558708417788,-0.00011474681054081,0.00915982295837188
3092.04013564946,-0.000160521210310301,0.00010463139457709,-5.51991139511871e-06,-0.00104829402828238,-5.51991139511871e-06,-0.00104829402828238,-0.000113172148246967,0.00909675743661062
3113.48389289956,-0.000158337985605884,0.000104123812309664,-5.44644736656577e-06,-0.00104105166461791,-5.44644736656577e-06,-0.00104105166461791,-0.000111619088159042,0.00903412582696524
3135.07636578881,-0.000156184182075562,0.000103615405967497,-5.37392939354705e-06,-0.00103385963477144,-5.37392939354705e-06,-0.00103385963477144,-0.000110087334107306,0.00897192515000749
3156.8185856822,-0.000154059410607561,0.000103106268128253,-5.30234616816127e-06,-0.00102671758298189,-5.30234616816127e-06,-0.00102671758298189,-0.000108576593977648,0.008910152446644
3178.71159109747,-0.000151963287036995,0.000102596489007138,-5.23168649287022e-06,-0.00101962515611831,-5.23168649287022e-06,-0.00101962515611831,-0.000107086579656171,0.00884880477797985
3200.75642775457,-0.000149895432088411,0.000102086156506618,-5.16193928017072e-06,-0.0010125820036583,-5.16193928017072e-06,-0.0010125820036583,-0.00010561700697454,0.00878787922518333
3222.9541486257,-0.000147855471318827,0.000101575356265176,-5.09309355223973e-06,-0.00100558777766665,-5.09309355223973e-06,-0.00100558777766665,-0.000104167595656074,0.00872737288935121
3245.30581398558,-0.000145843035061312,0.000101064171705124,-5.0251384405547e-06,-0.000998642132774206,-5.02513844055471e-06,-0.000998642132774206,-0.000102738069262571,0.00866728289137519
3267.81249146208,-0.000143857758369053,0.000100552684079481,-4.95806318548933e-06,-0.000991744726156843,-4.95806318548933e-06,-0.000991744726156843,-0.000101328155141859,0.00860760637180893
3290.47525608724,-0.000141899280959971,0.000100040972517942,-4.89185713588658e-06,-0.000984895217514792,-4.89185713588658e-06,-0.000984895217514792,-9.99375843760577e-05,0.00854834049073616
3313.29519034861,-0.000139967247161819,9.95291140719429e-05,-4.82650974860948e-06,-0.000978093269052053,-4.82650974860949e-06,-0.000978093269052053,-9.85660917305406e-05,0.00848948242763937
3336.27338424092,-0.000138061305857824,9.90171837588508e-05,-4.76201058807114e-06,-0.000971338545456067,-4.76201058807115e-06,-0.000971338545456067,-9.72134156036024e-05,0.00843102938126963
3359.41093531822,-0.000136181110432815,9.8505254605287e-05,-4.69834932574445e-06,-0.000964630713877558,-4.69834932574445e-06,-0.000964630713877558,-9.58792979767997e-05,0.00837297856951695
3382.70894874623,-0.000134326318719891,9.7993397689602e-05,-4.63551573965304e-06,-0.000957969443910589,-4.63551573965304e-06,-0.000957969443910589,-9.45634843659761e-05,0.00831532722928174
3406.16853735517,-0.000132496592947574,9.74816821835144e-05,-4.57349971384379e-06,-0.000951354407572794,-4.57349971384379e-06,-0.000951354407572794,-9.32657237729479e-05,0.00825807261634683
3429.7908216929,-0.000130691599687492,9.69701753929347e-05,-4.51229123784241e-06,-0.000944785279285823,-4.51229123784241e-06,-0.000944785279285823,-9.19857686378534e-05,0.00820121200525054
3453.57693007845,-0.000128911009802556,9.64589427979831e-05,-4.45188040609227e-06,-0.000938261735855946,-4.45188040609227e-06,-0.000938261735855946,-9.07233747921447e-05,0.00814474268916039
3477.5279986559,-0.000127154498395654,9.59480480922198e-05,-4.39225741737795e-06,-0.000931783456454866,-4.39225741737795e-06,-0.000931783456454866,-8.94783014122246e-05,0.00808866197974772
3501.64517144866,-0.000125421744758844,9.54375532211021e-05,-4.33341257423404e-06,-0.000925350122600721,-4.33341257423403e-06,-0.000925350122600721,-8.82503109737138e-05,0.00803296720706311
3525.92960041413,-0.00012371243232305,9.49275184196785e-05,-4.27533628233973e-06,-0.000918961418139232,-4.27533628233974e-06,-0.000918961418139232,-8.70391692063381e-05,0.00797765571941249
3550.38244549867,-0.000122026248608268,9.44180022495413e-05,-4.2180190499006e-06,-0.000912617029225082,-4.2180190499006e-06,-0.000912617029225082,-8.58446450494349e-05,0.00792272488323427
3575.00487469309,-0.000120362885174252,9.39090616350429e-05,-4.16145148701749e-06,-0.000906316644303421,-4.16145148701749e-06,-0.000906316644303421,-8.46665106080604e-05,0.00786817208297695
3599.79806408833,-0.000118722037571722,9.3400751898797e-05,-4.10562430504408e-06,-0.000900059954091594,-4.10562430504408e-06,-0.000900059954091594,-8.35045411097008e-05,0.00781399472097787
3624.76319793175,-0.000117103405294048,9.28931267964716e-05,-4.05052831593302e-06,-0.000893846651561,-4.05052831593303e-06,-0.000893846651561,-8.23585148615666e-05,0.0077601902173424
3649.9014686836,-0.000115506691729434,9.23862385508933e-05,-3.99615443157198e-06,-0.000887676431919159,-3.99615443157198e-06,-0.000887676431919159,-8.12282132084763e-05,0.00770675600982421
3675.21407707406,-0.000113931604113593,9.18801378854691e-05,-3.94249366310958e-06,-0.000881548992591916,-3.94249366310958e-06,-0.000881548992591916,-8.01134204913062e-05,0.00765368955370607
3700.7022321605,-0.000112377853482906,9.1374874056944e-05,-3.88953712027266e-06,-0.000875464033205846,-3.88953712027266e-06,-0.000875464033205845,-7.90139240060141e-05,0.00760098832168163
3726.36715138533,-0.00011084515462807,9.08704948875036e-05,-3.83727601067452e-06,-0.000869421255570788,-3.83727601067452e-06,-0.000869421255570788,-7.79295139632145e-05,0.00754864980373773
3752.21006063407,-0.000109333226048231,9.03670467962356e-05,-3.78570163911561e-06,-0.00086342036366258,-3.78570163911561e-06,-0.00086342036366258,-7.68599834483118e-05,0.00749667150703778
3778.23219429398,-0.000107841789905587,8.98645748299598e-05,-3.73480540687654e-06,-0.00085746106360592,-3.73480540687654e-06,-0.00085746106360592,-7.58051283821699e-05,0.00744505095580553
3804.43479531291,-0.000106370571980481,8.93631226934432e-05,-3.68457881100446e-06,-0.000851543063657421,-3.68457881100446e-06,-0.00085154306365742,-7.47647474823248e-05,0.00739378569120998
3830.81911525882,-0.000104919301626959,8.88627327790057e-05,-3.63501344359295e-06,-0.000845666074188788,-3.63501344359295e-06,-0.000845666074188788,-7.37386422247202e-05,0.00734287327125066
3857.3864143794,-0.000103487711728809,8.83634461955331e-05,-3.5861009910562e-06,-0.000839829807670193,-3.5861009910562e-06,-0.000839829807670193,-7.27266168059702e-05,0.007292311270644
3884.13796166242,-0.000102075538656054,8.78653027969051e-05,-3.53783323339777e-06,-0.000834033978653756,-3.53783323339777e-06,-0.000834033978653756,-7.17284781061315e-05,0.00724209728071015
3911.07503489621,-0.000100682522221935,8.7368341209852e-05,-3.4902020434746e-06,-0.000828278303757229,-3.49020204347461e-06,-0.000828278303757229,-7.07440356519885e-05,0.00719222890926079
3938.19892073078,-9.93084056403268e-05,8.68725988612482e-05,-3.44319938625646e-06,-0.000822562501647784,-3.44319938625646e-06,-0.000822562501647784,-6.9773101580834e-05,0.00714270378048741
3965.51091473924,-9.7952935483644e-05,8.63781120048561e-05,-3.3968173180816e-06,-0.000816886293025993,-3.3968173180816e-06,-0.000816886293025993,-6.88154906047495e-05,0.0070935195348506
3993.0123214797,-9.66158616411792e-05,8.58849157475278e-05,-3.35104798590869e-06,-0.000811249400609914,-3.35104798590869e-06,-0.000811249400609914,-6.78710199753669e-05,0.00704467382896978
4020.70445455755,-9.52969372779123e-05,8.53930440748782e-05,-3.3058836265658e-06,-0.000805651549119359,-3.3058836265658e-06,-0.000805651549119359,-6.6939509449117e-05,0.00699616433551393
4048.58863668828,-9.39959187937588e-05,8.49025298764359e-05,-3.26131656599641e-06,-0.000800092465260281,-3.26131656599641e-06,-0.000800092465260281,-6.60207812529465e-05,0.00694798874309275
4076.66619976054,-9.27125657832749e-05,8.4413404970286e-05,-3.21733921850332e-06,-0.000794571877709318,-3.21733921850332e-06,-0.000794571877709318,-6.5114660050508e-05,0.00690014475614883
4104.93848489989,-9.14466409957983e-05,8.39257001272101e-05,-3.17394408599029e-06,-0.000789089517098467,-3.17394408599029e-06,-0.000789089517098467,-6.42209729088065e-05,0.00685263009485019
4133.40684253274,-9.01979102960375e-05,8.34394450943371e-05,-3.13112375720223e-06,-0.00078364511599991,-3.13112375720223e-06,-0.00078364511599991,-6.33395492653059e-05,0.00680544249498392
4162.07263245095,-8.89661426250928e-05,8.29546686183111e-05,-3.08887090696396e-06,-0.000778238408910959,-3.08887090696396e-06,-0.000778238408910959,-6.247022089548e-05,0.00675857970785008
4190.93722387671,-8.77511099619168e-05,8.24713984679886e-05,-3.04717829541808e-06,-0.000772869132239163,-3.04717829541809e-06,-0.000772869132239163,-6.16128218808104e-05,0.00671203950015672
4220.00199552799,-8.65525872852009e-05,8.19896614566699e-05,-3.006038767262e-06,-0.000767537024287519,-3.006038767262e-06,-0.000767537024287519,-6.07671885772176e-05,0.00666581965391523
4249.26833568435,-8.53703525356951e-05,8.15094834638791e-05,-2.96544525098481e-06,-0.000762241825239843,-2.96544525098481e-06,-0.000762241825239843,-5.99331595839269e-05,0.00661991796633665
4278.73764225332,-8.42041865789463e-05,8.1030889456696e-05,-2.92539075810388e-06,-0.000756983277146256,-2.92539075810388e-06,-0.000756983277146256,-5.9110575712755e-05,0.00657433224972847
4308.41132283705,-8.30538731684639e-05,8.05539035106528e-05,-2.8858683824018e-06,-0.000751761123908808,-2.8858683824018e-06,-0.000751761123908808,-5.8299279957821e-05,0.00652906033139224
4338.2907947997,-8.1919198909296e-05,8.00785488302009e-05,-2.84687129916362e-06,-0.000746575111267223,-2.84687129916362e-06,-0.000746575111267223,-5.74991174656656e-05,0.00648410005352175
4368.37748533501,-8.07999532220271e-05,7.96048477687585e-05,-2.80839276441498e-06,-0.000741424986784783,-2.80839276441498e-06,-0.000741424986784783,-5.67099355057838e-05,0.00643944927310201
4398.67283153455,-7.96959283071795e-05,7.9132821848345e-05,-2.77042611416107e-06,-0.000736310499834322,-2.77042611416107e-06,-0.000736310499834322,-5.59315834415547e-05,0.0063951058618087
4429.17828045629,-7.86069191100286e-05,7.86624917788128e-05,-2.73296476362686e-06,-0.000731231401584365,-2.73296476362686e-06,-0.000731231401584365,-5.51639127015734e-05,0.00635106770590855
4459.89528919383,-7.75327232858155e-05,7.81938774766806e-05,-2.69600220649872e-06,-0.000726187444985362,-2.69600220649872e-06,-0.000726187444985362,-5.44067767513698e-05,0.00630733270616006
4490.82532494586,-7.64731411653665e-05,7.77269980835805e-05,-2.65953201416774e-06,-0.000721178384756076,-2.65953201416774e-06,-0.000721178384756076,-5.3660031065518e-05,0.0062638987777152
4521.96986508636,-7.54279757211035e-05,7.72618719843217e-05,-2.62354783497478e-06,-0.000716203977370061,-2.62354783497478e-06,-0.000716203977370061,-5.29235331001229e-05,0.00622076385002147
4553.33039723509,-7.4397032533453e-05,7.67985168245833e-05,-2.58804339345776e-06,-0.000711263981042283,-2.58804339345776e-06,-0.000711263981042283,-5.21971422656859e-05,0.00617792586672487
4584.90841932869,-7.33801197576407e-05,7.63369495282376e-05,-2.55301248960096e-06,-0.000706358155715841,-2.55301248960096e-06,-0.000706358155715841,-5.14807199003387e-05,0.00613538278557325
4616.7054396922,-7.23770480908766e-05,7.58771863143173e-05,-2.51844899808702e-06,-0.000701486263048818,-2.51844899808702e-06,-0.000701486263048818,-5.07741292434449e-05,0.00609313257832054
4648.72297711114,-7.13876307399189e-05,7.5419242713628e-05,-2.4843468675512e-06,-0.000696648066401233,-2.4843468675512e-06,-0.000696648066401233,-5.00772354095603e-05,0.00605117323063143
4680.96256090399,-7.04116833890221e-05,7.4963133585018e-05,-2.4507001198388e-06,-0.000691843330822125,-2.4507001198388e-06,-0.000691843330822125,-4.93899053627515e-05,0.00600950274198682
4713.42573099534,-6.94490241682566e-05,7.45088731313062e-05,-2.41750284926511e-06,-0.000687071823036727,-2.41750284926511e-06,-0.000687071823036727,-4.87120078912627e-05,0.00596811912558978
4746.11403798933,-6.84994736222047e-05,7.40564749148823e-05,-2.38474922187877e-06,-0.000682333311433777,-2.38474922187877e-06,-0.000682333311433777,-4.80434135825314e-05,0.00592702040827223
4779.02904324382,-6.75628546790225e-05,7.36059518729779e-05,-2.35243347472809e-06,-0.000677627566052911,-2.35243347472809e-06,-0.000677627566052911,-4.73839947985427e-05,0.00588620463040216
4812.17231894485,-6.66389926198711e-05,7.31573163326212e-05,-2.32054991513094e-06,-0.000672954358572194,-2.32054991513094e-06,-0.000672954358572194,-4.67336256515239e-05,0.00584566984579155
4845.54544818188,-6.57277150487054e-05,7.27105800252777e-05,-2.28909291994799e-06,-0.000668313462295733,-2.289092919948e-06,-0.000668313462295733,-4.60921819799677e-05,0.0058054141216048
4879.1500250233,-6.4828851862426e-05,7.22657541011848e-05,-2.25805693485961e-06,-0.000663704652141413,-2.25805693485961e-06,-0.000663704652141413,-4.54595413249858e-05,0.00576543553826786
4912.98765459257,-6.39422352213846e-05,7.18228491433865e-05,-2.22743647364654e-06,-0.000659127704628737,-2.22743647364654e-06,-0.000659127704628737,-4.48355829069853e-05,0.00572573218937795
4947.05995314498,-6.30676995202395e-05,7.13818751814723e-05,-2.19722611747432e-06,-0.00065458239786676,-2.19722611747432e-06,-0.00065458239786676,-4.42201876026624e-05,0.00568630218161378
4981.36854814472,-6.22050813591638e-05,7.0942841705029e-05,-2.16742051418179e-06,-0.00065006851154214,-2.16742051418179e-06,-0.00065006851154214,-4.36132379223129e-05,0.00564714363464655
5015.91507834275,-6.13542195153937e-05,7.05057576768078e-05,-2.13801437757353e-06,-0.000645585826907276,-2.13801437757353e-06,-0.000645585826907276,-4.30146179874507e-05,0.00560825468105132
5050.70119385496,-6.0514954915123e-05,7.00706315456158e-05,-2.10900248671656e-06,-0.000641134126768567,-2.10900248671656e-06,-0.000641134126768567,-4.24242135087349e-05,0.00556963346621923
5085.72855624109,-5.96871306057317e-05,6.96374712589337e-05,-2.08037968524116e-06,-0.000636713195474746,-2.08037968524116e-06,-0.000636713195474746,-4.18419117641955e-05,0.00553127814827003
5120.998838584,-5.88705917283533e-05,6.92062842752696e-05,-2.05214088064616e-06,-0.000632322818905341,-2.05214088064616e-06,-0.000632322818905341,-4.12676015777605e-05,0.00549318689796542
5156.51372556965,-5.806518549077e-05,6.8777077576248e-05,-2.02428104360846e-06,-0.000627962784459206,-2.02428104360846e-06,-0.000627962784459206,-4.07011732980732e-05,0.00545535789862283
5192.27491356752,-5.72707611406397e-05,6.83498576784472e-05,-1.99679520729728e-06,-0.000623632881043173,-1.99679520729728e-06,-0.000623632881043173,-4.0142518777602e-05,0.00541778934602986
5228.28411071172,-5.64871699390434e-05,6.79246306449811e-05,-1.96967846669264e-06,-0.00061933289906078,-1.96967846669264e-06,-0.00061933289906078,-3.95915313520337e-05,0.00538047944835917
5264.54303698245,-5.57142651343594e-05,6.75014020968399e-05,-1.94292597790879e-06,-0.000615062630401112,-1.94292597790879e-06,-0.000615062630401112,-3.90481058199509e-05,0.00534342642608418
5301.0534242883,-5.49519019364502e-05,6.70801772239851e-05,-1.91653295752209e-06,-0.000610821868427719,-1.91653295752209e-06,-0.000610821868427719,-3.85121384227847e-05,0.00530662851189498
5337.81701654885,-5.41999374911688e-05,6.66609607962127e-05,-1.89049468190376e-06,-0.000606610407967643,-1.89049468190376e-06,-0.000606610407967643,-3.79835268250445e-05,0.00527008395061515
5374.83556977805,-5.34582308551733e-05,6.62437571737812e-05,-1.86480648655731e-06,-0.000602428045300519,-1.86480648655732e-06,-0.000602428045300519,-3.74621700948155e-05,0.00523379099911892
5412.11085216805,-5.27266429710527e-05,6.58285703178159e-05,-1.839463765461e-06,-0.000598274578147789,-1.839463765461e-06,-0.000598274578147788,-3.69479686845258e-05,0.00519774792624895
5449.64464417369,-5.20050366427547e-05,6.54154038004881e-05,-1.81446197041492e-06,-0.000594149805661979,-1.81446197041492e-06,-0.000594149805661979,-3.64408244119735e-05,0.00516195301273466
5487.43873859751,-5.12932765113186e-05,6.50042608149791e-05,-1.78979661039333e-06,-0.000590053528416097,-1.78979661039333e-06,-0.000590053528416097,-3.59406404416166e-05,0.00512640455111114
5525.49494067543,-5.05912290309042e-05,6.45951441852287e-05,-1.7654632509017e-06,-0.000585985548393089,-1.7654632509017e-06,-0.000585985548393089,-3.54473212661162e-05,0.00509110084563851
5563.81506816292,-4.98987624451184e-05,6.41880563754757e-05,-1.74145751333891e-06,-0.000581945668975403,-1.74145751333891e-06,-0.000581945668975402,-3.49607726881343e-05,0.00505604021222192
5602.40095142188,-4.92157467636315e-05,6.37829994995927e-05,-1.71777507436441e-06,-0.000577933694934626,-1.71777507436441e-06,-0.000577933694934626,-3.44809018023785e-05,0.00502122097833204
5641.254433508,-4.85420537390867e-05,6.33799753302212e-05,-1.69441166527058e-06,-0.000573949432421224,-1.69441166527058e-06,-0.000573949432421224,-3.40076169778951e-05,0.0049866414829261
5680.37737025889,-4.78775568442905e-05,6.29789853077082e-05,-1.67136307136001e-06,-0.000569992688954341,-1.67136307136001e-06,-0.000569992688954341,-3.3540827840602e-05,0.0049523000763694
5719.77163038263,-4.72221312496915e-05,6.25800305488517e-05,-1.64862513132808e-06,-0.000566063273411708,-1.64862513132808e-06,-0.000566063273411708,-3.30804452560622e-05,0.00491819512035747
5759.43909554709,-4.65756538011344e-05,6.2183111855456e-05,-1.62619373665055e-06,-0.000562160996019617,-1.62619373665056e-06,-0.000562160996019617,-3.26263813124922e-05,0.0048843249878386
5799.38166046975,-4.59380029978944e-05,6.17882297227027e-05,-1.60406483097643e-06,-0.000558285668342988,-1.60406483097643e-06,-0.000558285668342988,-3.21785493040039e-05,0.00485068806293705
5839.60123300829,-4.53090589709824e-05,6.13953843473395e-05,-1.58223440952588e-06,-0.000554437103275505,-1.58223440952589e-06,-0.000554437103275505,-3.17368637140743e-05,0.00481728274087662
5880.09973425162,-4.46887034617246e-05,6.10045756356927e-05,-1.5606985184935e-06,-0.000550615115029854,-1.5606985184935e-06,-0.000550615115029854,-3.13012401992436e-05,0.00478410742790487
5920.87909861173,-4.40768198006051e-05,6.06158032115036e-05,-1.5394532544566e-06,-0.000546819519128012,-1.5394532544566e-06,-0.000546819519128012,-3.08715955730341e-05,0.00475116054121773
5961.94127391598,-4.34732928863787e-05,6.02290664235962e-05,-1.5184947637889e-06,-0.000543050132391644,-1.5184947637889e-06,-0.000543050132391644,-3.04478477900916e-05,0.00471844050888474
6003.28822150028,-4.28780091654405e-05,5.98443643533766e-05,-1.49781924207927e-06,-0.00053930677293255,-1.49781924207927e-06,-0.00053930677293255,-3.00299159305414e-05,0.00468594576977467
6044.92191630263,-4.22908566114587e-05,5.94616958221692e-05,-1.47742293355581e-06,-0.000535589260143221,-1.47742293355582e-06,-0.000535589260143221,-2.9617720184561e-05,0.00465367477348174
6086.84434695757,-4.17117247052599e-05,5.9081059398392e-05,-1.45730213051509e-06,-0.000531897414687435,-1.45730213051508e-06,-0.000531897414687435,-2.92111818371613e-05,0.00462162598025226
6129.05751589107,-4.11405044149706e-05,5.87024534045762e-05,-1.43745317275662e-06,-0.000528231058490968,-1.43745317275662e-06,-0.000528231058490968,-2.88102232531793e-05,0.00458979786091184
6171.56343941625,-4.05770881764061e-05,5.83258759242291e-05,-1.41787244702258e-06,-0.000524590014732343,-1.41787244702258e-06,-0.000524590014732343,-2.8414767862473e-05,0.00455818889679302
6214.36414782964,-4.002136987371e-05,5.79513248085496e-05,-1.39855638644276e-06,-0.000520974107833685,-1.39855638644276e-06,-0.000520974107833685,-2.80247401453217e-05,0.00452679757966345
6257.46168550822,-3.94732448202345e-05,5.75787976829929e-05,-1.37950146998464e-06,-0.000517383163451622,-1.37950146998464e-06,-0.000517383163451623,-2.7640065618024e-05,0.00449562241165446
6300.85811100697,-3.89326097396668e-05,5.72082919536931e-05,-1.36070422190879e-06,-0.000513817008468289,-1.36070422190879e-06,-0.000513817008468289,-2.72606708186953e-05,0.00446466190519024
6344.55549715731,-3.83993627473907e-05,5.68398048137414e-05,-1.34216121122937e-06,-0.000510275470982369,-1.34216121122937e-06,-0.000510275470982369,-2.68864832932574e-05,0.00443391458291741
6388.55593116599,-3.78734033320878e-05,5.64733332493284e-05,-1.3238690511799e-06,-0.000506758380300242,-1.3238690511799e-06,-0.000506758380300242,-2.65174315816217e-05,0.00440337897763507
6432.86151471492,-3.7354632337569e-05,5.61088740457476e-05,-1.30582439868411e-06,-0.000503265566927173,-1.30582439868411e-06,-0.000503265566927173,-2.61534452040606e-05,0.00437305363222536
6477.47436406142,-3.68429519448405e-05,5.57464237932678e-05,-1.28802395383207e-06,-0.000499796862558596,-1.28802395383207e-06,-0.000499796862558596,-2.57944546477668e-05,0.00434293709958447
6522.39661013943,-3.63382656543948e-05,5.53859788928732e-05,-1.27046445936133e-06,-0.000496352100071446,-1.27046445936134e-06,-0.000496352100071446,-2.54403913535943e-05,0.00431302794255406
6567.63039866118,-3.58404782687295e-05,5.50275355618779e-05,-1.25314270014334e-06,-0.000492931113515578,-1.25314270014334e-06,-0.000492931113515577,-2.5091187702984e-05,0.00428332473385331
6613.17789021977,-3.53494958750877e-05,5.46710898394127e-05,-1.23605550267483e-06,-0.000489533738105239,-1.23605550267483e-06,-0.000489533738105239,-2.47467770050655e-05,0.00425382605601117
6659.0412603923,-3.48652258284202e-05,5.43166375917914e-05,-1.21919973457443e-06,-0.000486159810210623,-1.21919973457443e-06,-0.000486159810210623,-2.44070934839383e-05,0.00422453050129936
6705.22269984387,-3.43875767345629e-05,5.39641745177555e-05,-1.20257230408428e-06,-0.000482809167349475,-1.20257230408428e-06,-0.000482809167349475,-2.40720722661242e-05,0.00419543667166555
6751.7244144321,-3.39164584336334e-05,5.36136961536025e-05,-1.18617015957672e-06,-0.000479481648178778,-1.18617015957672e-06,-0.000479481648178778,-2.37416493681946e-05,0.00416654317866722
6798.54862531261,-3.34517819836358e-05,5.32651978781981e-05,-1.16999028906599e-06,-0.000476177092486496,-1.16999028906599e-06,-0.000476177092486496,-2.3415761684565e-05,0.00413784864340579
6845.69756904508,-3.29934596442789e-05,5.29186749178755e-05,-1.15402971972501e-06,-0.000472895341183382,-1.15402971972501e-06,-0.000472895341183382,-2.30943469754575e-05,0.00410935169646131
6893.17349769999,-3.25414048610013e-05,5.25741223512258e-05,-1.13828551740708e-06,-0.000469636236294859,-1.13828551740708e-06,-0.000469636236294859,-2.27773438550287e-05,0.00408105097782756
6940.97867896634,-3.20955322492005e-05,5.22315351137776e-05,-1.12275478617259e-06,-0.000466399620952951,-1.12275478617259e-06,-0.000466399620952951,-2.24646917796593e-05,0.00405294513684755
6989.11539625983,-3.16557575786669e-05,5.18909080025732e-05,-1.10743466782061e-06,-0.000463185339388294,-1.10743466782061e-06,-0.000463185339388294,-2.21563310364048e-05,0.00402503283214954
7037.58594883204,-3.12219977582158e-05,5.1552235680639e-05,-1.09232234142548e-06,-0.000459993236922192,-1.09232234142548e-06,-0.000459993236922191,-2.1852202731604e-05,0.00399731273158336
7086.39265188015,-3.07941708205198e-05,5.12155126813561e-05,-1.07741502287823e-06,-0.000456823159958749,-1.07741502287823e-06,-0.000456823159958749,-2.15522487796439e-05,0.00396978351215736
7135.53783665763,-3.03721959071343e-05,5.08807334127293e-05,-1.06270996443284e-06,-0.000453674955977056,-1.06270996443284e-06,-0.000453674955977056,-2.12564118918781e-05,0.00394244385997555
7185.02385058548,-2.9955993253719e-05,5.05478921615607e-05,-1.04820445425742e-06,-0.000450548473523441,-1.04820445425742e-06,-0.000450548473523441,-2.09646355656976e-05,0.00391529247017538
7234.85305736446,-2.95454841754476e-05,5.02169830975267e-05,-1.03389581599008e-06,-0.000447443562203773,-1.03389581599008e-06,-0.000447443562203773,-2.06768640737507e-05,0.0038883280468658
7285.02783708791,-2.91405910526084e-05,4.98880002771617e-05,-1.01978140829967e-06,-0.000444360072675843,-1.01978140829967e-06,-0.000444360072675843,-2.03930424533112e-05,0.0038615493030658
7335.55058635552,-2.87412373163897e-05,4.95609376477505e-05,-1.00585862445119e-06,-0.000441297856641777,-1.00585862445119e-06,-0.000441297856641777,-2.01131164957918e-05,0.00383495496064336
7386.42371838768,-2.83473474348503e-05,4.92357890511313e-05,-9.92124891875987e-07,-0.00043825676684054,-9.92124891875988e-07,-0.00043825676684054,-1.98370327364014e-05,0.00380854375025483
7437.64966314091,-2.79588468990713e-05,4.891254822741e-05,-9.78577671746537e-07,-0.000435236657040466,-9.78577671746537e-07,-0.000435236657040466,-1.95647384439439e-05,0.00378231441128464
7489.23086742376,-2.75756622094879e-05,4.85912088185906e-05,-9.65214458555992e-07,-0.000432237382031874,-9.65214458555992e-07,-0.000432237382031874,-1.92961816107577e-05,0.00375626569178555
7541.16979501382,-2.71977208623983e-05,4.82717643721189e-05,-9.52032779702244e-07,-0.000429258797619718,-9.52032779702244e-07,-0.000429258797619718,-1.90313109427911e-05,0.00373039634841918
7593.46892677528,-2.68249513366488e-05,4.79542083443461e-05,-9.39030195076645e-07,-0.000426300760616312,-9.39030195076645e-07,-0.000426300760616312,-1.87700758498163e-05,0.00370470514639706
7646.13076077758,-2.64572830804905e-05,4.76385341039105e-05,-9.26204296657233e-07,-0.000423363128834095,-9.26204296657234e-07,-0.000423363128834095,-1.85124264357749e-05,0.00367919085942193
7699.15781241454,-2.60946464986091e-05,4.73247349350409e-05,-9.13552708106525e-07,-0.00042044576107847,-9.13552708106525e-07,-0.00042044576107847,-1.82583134892579e-05,0.00365385226962965
7752.55261452471,-2.57369729393218e-05,4.70128040407823e-05,-9.01073084373743e-07,-0.000417548517140677,-9.01073084373743e-07,-0.000417548517140677,-1.80076884741145e-05,0.00362868816753124
7806.31771751215,-2.53841946819423e-05,4.67027345461463e-05,-8.88763111301548e-07,-0.000414671257790738,-8.88763111301549e-07,-0.000414671257790738,-1.77605035201906e-05,0.00360369735195561
7860.45568946846,-2.50362449243098e-05,4.63945195011873e-05,-8.76620505237152e-07,-0.000411813844770447,-8.76620505237152e-07,-0.000411813844770447,-1.75167114141941e-05,0.00357887862999237
7914.96911629522,-2.46930577704821e-05,4.60881518840061e-05,-8.64643012647842e-07,-0.000408976140786418,-8.64643012647842e-07,-0.000408976140786418,-1.72762655906848e-05,0.00355423081693532
7969.86060182773,-2.43545682185875e-05,4.57836246036826e-05,-8.52828409740823e-07,-0.000406158009503179,-8.52828409740824e-07,-0.000406158009503179,-1.70391201231885e-05,0.0035297527362261
8025.13276795918,-2.40207121488378e-05,4.54809305031393e-05,-8.41174502087434e-07,-0.000403359315536333,-8.41174502087434e-07,-0.000403359315536333,-1.68052297154326e-05,0.00350544321939835
8080.78825476607,-2.36914263116958e-05,4.51800623619363e-05,-8.2967912425157e-07,-0.000400579924445751,-8.2967912425157e-07,-0.000400579924445751,-1.65745496927015e-05,0.0034813011060222
8136.82972063413,-2.33666483162001e-05,4.4881012899e-05,-8.18340139422414e-07,-0.00039781970272884,-8.18340139422414e-07,-0.00039781970272884,-1.63470359933114e-05,0.00345732524364916
8193.25984238548,-2.30463166184409e-05,4.45837747752865e-05,-8.07155439051342e-07,-0.000395078517813839,-8.07155439051342e-07,-0.000395078517813839,-1.61226451602004e-05,0.00343351448775734
8250.08131540631,-2.27303705101879e-05,4.42883405963815e-05,-7.96122942493027e-07,-0.000392356238053184,-7.96122942493027e-07,-0.000392356238053185,-1.59013343326361e-05,0.00340986770169714
8307.29685377578,-2.24187501076672e-05,4.39947029150372e-05,-7.85240596650655e-07,-0.000389652732716916,-7.85240596650655e-07,-0.000389652732716916,-1.56830612380342e-05,0.00338638375663718
8364.90919039556,-2.21113963404853e-05,4.3702854233649e-05,-7.74506375625286e-07,-0.000386967871986135,-7.74506375625286e-07,-0.000386967871986135,-1.54677841838919e-05,0.0033630615315107
8422.92107712043,-2.18082509406991e-05,4.3412787006671e-05,-7.63918280369227e-07,-0.000384301526946514,-7.63918280369227e-07,-0.000384301526946514,-1.52554620498296e-05,0.00333989991296227
8481.33528488963,-2.15092564320289e-05,4.31244936429747e-05,-7.53474338343507e-07,-0.000381653569581851,-7.53474338343507e-07,-0.000381653569581851,-1.50460542797434e-05,0.00331689779529492
8540.15460385936,-2.12143561192137e-05,4.28379665081482e-05,-7.43172603179284e-07,-0.000379023872767677,-7.43172603179283e-07,-0.000379023872767677,-1.48395208740642e-05,0.00329405408041752
8599.38184353586,-2.0923494077507e-05,4.25531979267419e-05,-7.33011154343255e-07,-0.000376412310264912,-7.33011154343255e-07,-0.000376412310264912,-1.46358223821231e-05,0.00327136767779267
8659.01983290984,-2.06366151423093e-05,4.22701801844569e-05,-7.22988096806974e-07,-0.000373818756713563,-7.22988096806974e-07,-0.000373818756713563,-1.44349198946216e-05,0.00324883750438481
8719.07142059136,-2.03536648989399e-05,4.19889055302815e-05,-7.13101560720073e-07,-0.000371243087626477,-7.13101560720074e-07,-0.000371243087626477,-1.42367750362053e-05,0.00322646248460876
8779.53947494611,-2.00745896725405e-05,4.17093661785735e-05,-7.0334970108731e-07,-0.000368685179383133,-7.03349701087311e-07,-0.000368685179383133,-1.40413499581385e-05,0.00320424155027859
8840.42688423224,-1.97993365181146e-05,4.14315543110928e-05,-6.93730697449472e-07,-0.000366144909223489,-6.93730697449471e-07,-0.000366144909223489,-1.38486073310805e-05,0.00318217364055683
8901.73655673848,-1.95278532106963e-05,4.11554620789821e-05,-6.84242753568022e-07,-0.00036362215524187,-6.84242753568023e-07,-0.00036362215524187,-1.36585103379595e-05,0.00316025770190403
8963.47142092288,-1.92600882356509e-05,4.08810816046993e-05,-6.74884097113533e-07,-0.000361116796380902,-6.74884097113533e-07,-0.000361116796380902,-1.34710226669456e-05,0.00313849268802867
9025.63442555289,-1.89959907791018e-05,4.0608404983901e-05,-6.65652979357786e-07,-0.000358628712425493,-6.65652979357786e-07,-0.000358628712425493,-1.32861085045191e-05,0.00311687755983743
9088.228539846,-1.87355107184853e-05,4.03374242872797e-05,-6.56547674869593e-07,-0.000356157783996859,-6.56547674869593e-07,-0.000356157783996859,-1.31037325286346e-05,0.00309541128538575
9151.25675361174,-1.84785986132296e-05,4.00681315623538e-05,-6.47566481214208e-07,-0.000353703892546593,-6.47566481214208e-07,-0.000353703892546593,-1.29238599019778e-05,0.00307409283982876
9214.72207739435,-1.82252056955579e-05,3.98005188352132e-05,-6.38707718656398e-07,-0.000351266920350781,-6.38707718656397e-07,-0.000351266920350781,-1.27464562653161e-05,0.00305292120537254
9278.6275426167,-1.79752838614121e-05,3.95345781122201e-05,-6.29969729867024e-07,-0.000348846750504159,-6.29969729867024e-07,-0.000348846750504159,-1.25714877309393e-05,0.00303189537122574
9342.97620172496,-1.77287856614981e-05,3.92703013816673e-05,-6.21350879633212e-07,-0.000346443266914315,-6.21350879633212e-07,-0.000346443266914315,-1.23989208761907e-05,0.00301101433355146
9407.77112833456,-1.74856642924487e-05,3.90076806153934e-05,-6.12849554571968e-07,-0.000344056354295933,-6.12849554571968e-07,-0.000344056354295933,-1.22287227370869e-05,0.00299027709541951
9473.0154173768,-1.72458735881046e-05,3.87467077703571e-05,-6.04464162847313e-07,-0.000341685898165087,-6.04464162847313e-07,-0.000341685898165087,-1.20608608020247e-05,0.00296968266675902
9538.71218524687,-1.70093680109103e-05,3.84873747901706e-05,-5.96193133890785e-07,-0.000339331784833561,-5.96193133890785e-07,-0.000339331784833561,-1.1895303005575e-05,0.0029492300643113
9604.86456995261,-1.67761026434249e-05,3.82296736065938e-05,-5.88034918125393e-07,-0.000336993901403229,-5.88034918125394e-07,-0.000336993901403229,-1.17320177223611e-05,0.00292891831158307
9671.47573126437,-1.6546033179945e-05,3.79735961409897e-05,-5.79987986692895e-07,-0.000334672135760469,-5.79987986692895e-07,-0.000334672135760469,-1.15709737610212e-05,0.00290874643880002
9738.54885086602,-1.63191159182394e-05,3.77191343057411e-05,-5.72050831184397e-07,-0.000332366376570612,-5.72050831184397e-07,-0.000332366376570612,-1.14121403582541e-05,0.00288871348286066
9806.08713250685,-1.60953077513936e-05,3.74662800056316e-05,-5.64221963374278e-07,-0.00033007651327245,-5.64221963374278e-07,-0.00033007651327245,-1.12554871729456e-05,0.00286881848729047
9874.09380215466,-1.58745661597624e-05,3.72150251391885e-05,-5.56499914957323e-07,-0.00032780243607276,-5.56499914957323e-07,-0.00032780243607276,-1.11009842803765e-05,0.00284906050219641
9942.57210814976,-1.56568492030303e-05,3.69653615999924e-05,-5.48883237289123e-07,-0.000325544035940892,-5.48883237289123e-07,-0.000325544035940892,-1.09486021665093e-05,0.00282943858422171
10011.5253213603,-1.54421155123767e-05,3.67172812779494e-05,-5.41370501129628e-07,-0.000323301204603381,-5.41370501129628e-07,-0.000323301204603381,-1.07983117223534e-05,0.00280995179650097
10080.9567353381,-1.52303242827462e-05,3.64707760605322e-05,-5.33960296389885e-07,-0.000321073834538608,-5.33960296389886e-07,-0.000321073834538608,-1.06500842384081e-05,0.0027905992086156
10150.8696664767,-1.50214352652212e-05,3.62258378339855e-05,-5.26651231881867e-07,-0.000318861818971495,-5.26651231881867e-07,-0.000318861818971495,-1.05038913991807e-05,0.00277137989654949
10221.267454169,-1.48154087594972e-05,3.59824584845006e-05,-5.19441935071419e-07,-0.000316665051868242,-5.1944193507142e-07,-0.000316665051868242,-1.0359705277781e-05,0.00275229294264505
10292.1534609671,-1.46122056064569e-05,3.5740629899357e-05,-5.12331051834234e-07,-0.000314483427931097,-5.12331051834234e-07,-0.000314483427931097,-1.02174983305893e-05,0.00273333743555955
10363.5310727429,-1.4411787180845e-05,3.55003439680339e-05,-5.05317246214877e-07,-0.000312316842593179,-5.05317246214877e-07,-0.000312316842593179,-1.00772433919974e-05,0.00271451247022172
10435.4036988501,-1.42141153840397e-05,3.52615925832908e-05,-4.98399200188771e-07,-0.000310165192013318,-4.98399200188772e-07,-0.000310165192013318,-9.93891366922184e-06,0.00269581714778865
10507.7747722864,-1.40191526369208e-05,3.50243676422181e-05,-4.91575613427168e-07,-0.000308028373070951,-4.91575613427168e-07,-0.000308028373070951,-9.80248273718885e-06,0.00267725057560304
10580.647749858,-1.38268618728334e-05,3.47886610472593e-05,-4.84845203065014e-07,-0.000305906283361048,-4.84845203065014e-07,-0.000305906283361048,-9.66792453348844e-06,0.00265881186715065
10654.0261123446,-1.36372065306458e-05,3.45544647072041e-05,-4.78206703471747e-07,-0.000303798821189071,-4.78206703471747e-07,-0.000303798821189071,-9.53521335339859e-06,0.00264050014201815
10727.9133646656,-1.34501505478991e-05,3.43217705381543e-05,-4.71658866024907e-07,-0.000301705885565982,-4.71658866024907e-07,-0.000301705885565982,-9.40432384497702e-06,0.00262231452585113
10802.3130360475,-1.32656583540499e-05,3.40905704644619e-05,-4.65200458886634e-07,-0.000299627376203272,-4.65200458886634e-07,-0.000299627376203272,-9.27523100422088e-06,0.00260425415031256
10877.2286801926,-1.30836948638022e-05,3.3860856419641e-05,-4.58830266782901e-07,-0.000297563193508041,-4.58830266782901e-07,-0.000297563193508041,-9.14791017029219e-06,0.00258631815304135
10952.6638754485,-1.29042254705291e-05,3.36326203472536e-05,-4.52547090785572e-07,-0.000295513238578104,-4.52547090785572e-07,-0.000295513238578104,-9.0223370208094e-06,0.00256850567761134
11028.6222249794,-1.27272160397822e-05,3.34058542017699e-05,-4.46349748097155e-07,-0.000293477413197136,-4.46349748097154e-07,-0.000293477413197136,-8.89848756720296e-06,0.0025508158734905
11105.1073569377,-1.25526329028887e-05,3.31805499494041e-05,-4.40237071838286e-07,-0.000291455619829856,-4.40237071838286e-07,-0.000291455619829856,-8.7763381501351e-06,0.00253324789600044
11182.1229246378,-1.23804428506328e-05,3.29566995689252e-05,-4.34207910837875e-07,-0.000289447761617239,-4.34207910837875e-07,-0.000289447761617239,-8.65586543498196e-06,0.00251580090627616
11259.6726067303,-1.22106131270238e-05,3.27342950524448e-05,-4.28261129425905e-07,-0.000287453742371767,-4.28261129425905e-07,-0.000287453742371767,-8.53704640737815e-06,0.00249847407122609
11337.7601073777,-1.20431114231452e-05,3.2513328406181e-05,-4.22395607228835e-07,-0.000285473466572716,-4.22395607228835e-07,-0.000285473466572716,-8.41985836882195e-06,0.00248126656349247
11416.3891564316,-1.18779058710892e-05,3.22937916512003e-05,-4.16610238967609e-07,-0.000283506839361474,-4.16610238967609e-07,-0.000283506839361474,-8.30427893234127e-06,0.00246417756141185
11495.5635096105,-1.17149650379696e-05,3.20756768241367e-05,-4.109039342582e-07,-0.000281553766536896,-4.109039342582e-07,-0.000281553766536896,-8.19028601821861e-06,0.00244720624897605
11575.2869486794,-1.15542579200178e-05,3.18589759778894e-05,-4.05275617414693e-07,-0.00027961415455069,-4.05275617414693e-07,-0.00027961415455069,-8.07785784977509e-06,0.00243035181579322
11655.5632816306,-1.13957539367555e-05,3.16436811822991e-05,-3.99724227254863e-07,-0.000277687910502837,-3.99724227254864e-07,-0.000277687910502837,-7.96697294921182e-06,0.00241361345704925
11736.3963428651,-1.12394229252477e-05,3.1429784524804e-05,-3.94248716908224e-07,-0.000275774942137046,-3.94248716908223e-07,-0.000275774942137046,-7.85761013350892e-06,0.00239699037346945
11817.7899933763,-1.10852351344316e-05,3.12172781110748e-05,-3.88848053626507e-07,-0.000273875157836241,-3.88848053626507e-07,-0.000273875157836241,-7.74974851038012e-06,0.00238048177128047
11899.7481209338,-1.09331612195225e-05,3.10061540656311e-05,-3.83521218596584e-07,-0.000271988466618082,-3.83521218596584e-07,-0.000271988466618082,-7.6433674742835e-06,0.00236408686217247
11982.2746402699,-1.07831722364939e-05,3.07964045324364e-05,-3.78267206755722e-07,-0.000270114778130513,-3.78267206755723e-07,-0.000270114778130513,-7.53844670248639e-06,0.00234780486326156
12065.3734932659,-1.0635239636633e-05,3.05880216754771e-05,-3.73085026609259e-07,-0.000268254002647351,-3.73085026609259e-07,-0.000268254002647351,-7.43496615118474e-06,0.00233163499705252
12149.0486491407,-1.04893352611686e-05,3.038099767932e-05,-3.67973700050544e-07,-0.000266406051063899,-3.67973700050544e-07,-0.000266406051063899,-7.33290605167524e-06,0.00231557649140173
12233.3041046402,-1.03454313359713e-05,3.0175324749654e-05,-3.62932262183235e-07,-0.000264570834892595,-3.62932262183236e-07,-0.000264570834892595,-7.23224690658051e-06,0.00229962857948041
12318.1438842285,-1.02035004663253e-05,2.99709951138127e-05,-3.57959761145834e-07,-0.00026274826625869,-3.57959761145834e-07,-0.00026274826625869,-7.13296948612541e-06,0.00228379049973804
12403.5720402798,-1.00635156317706e-05,2.97680010212811e-05,-3.53055257938492e-07,-0.000260938257895963,-3.53055257938492e-07,-0.000260938257895963,-7.03505482446514e-06,0.00226806149586613
12489.5926532723,-9.92545018101431e-06,2.95663347441839e-05,-3.4821782625202e-07,-0.000259140723142456,-3.48217826252019e-07,-0.000259140723142456,-6.93848421606307e-06,0.00225244081676211
12576.2098319827,-9.78927782691053e-06,2.93659885777588e-05,-3.43446552299113e-07,-0.00025735557593625,-3.43446552299114e-07,-0.00025735557593625,-6.84323921211878e-06,0.00223692771649359
12663.427713683,-9.65497264150811e-06,2.91669548408126e-05,-3.38740534647727e-07,-0.000255582730811268,-3.38740534647727e-07,-0.000255582730811268,-6.74930161704465e-06,0.00222152145426278
12751.2504643373,-9.52250905116504e-06,2.89692258761623e-05,-3.34098884056611e-07,-0.000253822102893107,-3.34098884056611e-07,-0.000253822102893107,-6.65665348499126e-06,0.00220622129437122
12839.6822788018,-9.39186183172839e-06,2.87727940510605e-05,-3.29520723312947e-07,-0.000252073607894898,-3.29520723312947e-07,-0.000252073607894898,-6.56527711641995e-06,0.00219102650618466
12928.7273810244,-9.26300610377972e-06,2.85776517576064e-05,-3.250051870721e-07,-0.000250337162113204,-3.25005187072101e-07,-0.000250337162113204,-6.47515505472291e-06,0.00217593636409832
13018.3900242466,-9.13591732794405e-06,2.83837914131407e-05,-3.20551421699412e-07,-0.000248612682423938,-3.20551421699412e-07,-0.000248612682423938,-6.38627008288914e-06,0.00216095014750223
13108.6744912069,-9.01057130026268e-06,2.81912054606285e-05,-3.16158585114063e-07,-0.000246900086278317,-3.16158585114063e-07,-0.000246900086278317,-6.29860522021663e-06,0.00214606714074693
13199.5850943454,-8.88694414762778e-06,2.79998863690256e-05,-3.11825846634929e-07,-0.00024519929169884,-3.11825846634929e-07,-0.00024519929169884,-6.2121437190692e-06,0.00213128663310931
13291.1261760091,-8.76501232327927e-06,2.78098266336336e-05,-3.07552386828456e-07,-0.000243510217275299,-3.07552386828456e-07,-0.000243510217275299,-6.12686906167826e-06,0.00211660791875883
13383.3021086605,-8.64475260236186e-06,2.76210187764398e-05,-3.03337397358484e-07,-0.000241832782160818,-3.03337397358484e-07,-0.000241832782160818,-6.04276495698805e-06,0.00210203029672374
13476.1172950852,-8.52614207754246e-06,2.74334553464453e-05,-2.99180080838028e-07,-0.000240166906067915,-2.99180080838028e-07,-0.000240166906067915,-5.95981533754441e-06,0.00208755307085778
13569.576168603,-8.4091581546867e-06,2.724712891998e-05,-2.95079650682985e-07,-0.000238512509264604,-2.95079650682985e-07,-0.000238512509264604,-5.87800435642631e-06,0.00207317554980696
13663.6831932795,-8.29377854859362e-06,2.70620321010047e-05,-2.91035330967725e-07,-0.000236869512570509,-2.91035330967725e-07,-0.000236869512570509,-5.79731638421908e-06,0.00205889704697654
13758.4428641392,-8.17998127878837e-06,2.68781575214022e-05,-2.87046356282582e-07,-0.000235237837353021,-2.87046356282582e-07,-0.000235237837353021,-5.71773600602969e-06,0.00204471688049842
13853.8597073802,-8.0677446653713e-06,2.66954978412553e-05,-2.8311197159317e-07,-0.000233617405523472,-2.8311197159317e-07,-0.000233617405523472,-5.63924801854252e-06,0.00203063437319852
13949.9382805904,-7.95704732492366e-06,2.65140457491146e-05,-2.79231432101557e-07,-0.000232008139533343,-2.79231432101557e-07,-0.000232008139533343,-5.56183742711588e-06,0.00201664885256455
14046.6831729655,-7.84786816646803e-06,2.63337939622537e-05,-2.75404003109227e-07,-0.000230409962370494,-2.75404003109227e-07,-0.000230409962370494,-5.48548944291808e-06,0.00200275965071395
14144.0990055278,-7.74018638748411e-06,2.61547352269146e-05,-2.71628959881841e-07,-0.000228822797555423,-2.71628959881841e-07,-0.000228822797555423,-5.41018948010304e-06,0.00198896610436202
14242.190431347,-7.63398146997761e-06,2.59768623185413e-05,-2.6790558751575e-07,-0.000227246569137556,-2.6790558751575e-07,-0.000227246569137556,-5.33592315302443e-06,0.00197526755479032
14340.9621357626,-7.52923317660302e-06,2.58001680420041e-05,-2.64233180806269e-07,-0.000225681201691554,-2.64233180806269e-07,-0.000225681201691554,-5.26267627348826e-06,0.00196166334781526
14440.4188366077,-7.42592154683827e-06,2.56246452318122e-05,-2.60611044117649e-07,-0.000224126620313654,-2.60611044117649e-07,-0.000224126620313654,-5.19043484804291e-06,0.00194815283375688
14540.5652844341,-7.32402689321157e-06,2.54502867523182e-05,-2.57038491254768e-07,-0.000222582750618037,-2.57038491254768e-07,-0.000222582750618037,-5.11918507530663e-06,0.00193473536740792
14641.4062627396,-7.22352979757901e-06,2.52770854979109e-05,-2.5351484533649e-07,-0.000221049518733212,-2.5351484533649e-07,-0.000221049518733212,-5.04891334333141e-06,0.00192141030800299
14742.946588196,-7.12441110745283e-06,2.51050343932001e-05,-2.50039438670688e-07,-0.000219526851298441,-2.50039438670688e-07,-0.000219526851298441,-4.9796062270033e-06,0.00190817701918809
14845.1911108798,-7.0266519323791e-06,2.49341263931913e-05,-2.46611612630896e-07,-0.000218014675460172,-2.46611612630896e-07,-0.000218014675460172,-4.91125048547815e-06,0.00189503486899022
14948.1447145032,-6.93023364036481e-06,2.47643544834521e-05,-2.43230717534592e-07,-0.000216512918868514,-2.43230717534592e-07,-0.000216512918868514,-4.84383305965277e-06,0.00188198322978723
15051.8123166476,-6.83513785435294e-06,2.45957116802686e-05,-2.39896112523061e-07,-0.000215021509673725,-2.39896112523061e-07,-0.000215021509673725,-4.77734106967056e-06,0.00186902147827792
15156.1988689989,-6.74134644874576e-06,2.44281910307947e-05,-2.36607165442848e-07,-0.000213540376522731,-2.36607165442848e-07,-0.000213540376522731,-4.71176181246158e-06,0.00185614899545234
15261.3093575835,-6.64884154597472e-06,2.42617856131917e-05,-2.33363252728762e-07,-0.000212069448555668,-2.33363252728762e-07,-0.000212069448555668,-4.64708275931615e-06,0.00184336516656218
15367.1488030065,-6.55760551311738e-06,2.40964885367608e-05,-2.30163759288425e-07,-0.000210608655402448,-2.30163759288425e-07,-0.000210608655402448,-4.58329155349204e-06,0.00183066938109156
15473.7222606918,-6.46762095855963e-06,2.39322929420665e-05,-2.27008078388322e-07,-0.000209157927179352,-2.27008078388323e-07,-0.000209157927179352,-4.52037600785409e-06,0.00181806103272783
15581.0348211234,-6.3788707287037e-06,2.37691920010535e-05,-2.2389561154138e-07,-0.000207717194485644,-2.2389561154138e-07,-0.000207717194485644,-4.45832410254669e-06,0.0018055395193327
15689.0916100885,-6.29133790472034e-06,2.36071789171547e-05,-2.20825768395992e-07,-0.000206286388400209,-2.20825768395992e-07,-0.000206286388400209,-4.39712398269771e-06,0.0017931042429135
15797.8977889225,-6.20500579934545e-06,2.34462469253932e-05,-2.17797966626536e-07,-0.000204865440478221,-2.17797966626536e-07,-0.000204865440478221,-4.33676395615442e-06,0.00178075460959467
15907.4585547554,-6.11985795371977e-06,2.32863892924757e-05,-2.14811631825313e-07,-0.000203454282747823,-2.14811631825313e-07,-0.000203454282747823,-4.27723249124999e-06,0.00176849002958942
16017.7791407599,-6.03587813427186e-06,2.31275993168799e-05,-2.11866197395931e-07,-0.000202052847706845,-2.11866197395931e-07,-0.000202052847706845,-4.21851821460113e-06,0.00175630991717164
16128.8648164017,-5.95305032964298e-06,2.29698703289348e-05,-2.08961104448075e-07,-0.00020066106831953,-2.08961104448075e-07,-0.00020066106831953,-4.16060990893548e-06,0.0017442136906479
16240.720887691,-5.87135874765402e-06,2.2813195690894e-05,-2.06095801693686e-07,-0.000199278878013297,-2.06095801693686e-07,-0.000199278878013297,-4.10349651094921e-06,0.00173220077232974
16353.352697436,-5.79078781231331e-06,2.26575687970028e-05,-2.03269745344498e-07,-0.000197906210675517,-2.03269745344498e-07,-0.000197906210675517,-4.04716710919372e-06,0.00172027058850613
16466.765625498,-5.71132216086542e-06,2.2502983073559e-05,-2.00482399010943e-07,-0.000196543000650319,-2.00482399010943e-07,-0.000196543000650319,-3.99161094199158e-06,0.00170842256941607
16580.9650890484,-5.63294664087956e-06,2.23494319789676e-05,-1.97733233602376e-07,-0.000195189182735412,-1.97733233602376e-07,-0.000195189182735412,-3.93681739538082e-06,0.00169665614922142
16695.9565428276,-5.55564630737798e-06,2.21969090037889e-05,-1.95021727228641e-07,-0.000193844692178933,-1.95021727228641e-07,-0.000193844692178933,-3.88277600108769e-06,0.00168497076597994
16811.7454794054,-5.47940642000301e-06,2.20454076707817e-05,-1.92347365102923e-07,-0.000192509464676318,-1.92347365102923e-07,-0.000192509464676318,-3.82947643452701e-06,0.00167336586161842
16928.3374294433,-5.40421244022285e-06,2.189492153494e-05,-1.89709639445898e-07,-0.000191183436367197,-1.89709639445898e-07,-0.000191183436367197,-3.77690851283013e-06,0.00166184088190614
17045.737961959,-5.33005002857508e-06,2.17454441835244e-05,-1.87108049391148e-07,-0.000189866543832301,-1.87108049391148e-07,-0.000189866543832301,-3.72506219289981e-06,0.00165039527642834
17163.9526845917,-5.25690504194788e-06,2.15969692360885e-05,-1.84542100891837e-07,-0.000188558724090404,-1.84542100891837e-07,-0.000188558724090404,-3.67392756949197e-06,0.00163902849856005
17282.9872438709,-5.18476353089792e-06,2.14494903444993e-05,-1.82011306628613e-07,-0.000187259914595278,-1.82011306628613e-07,-0.000187259914595278,-3.62349487332351e-06,0.00162774000543994
17402.8473254854,-5.113611737005e-06,2.13030011929533e-05,-1.79515185918752e-07,-0.000185970053232671,-1.79515185918752e-07,-0.000185970053232671,-3.57375446920639e-06,0.00161652925794447
17523.5386545551,-5.04343609026232e-06,2.11574954979865e-05,-1.77053264626486e-07,-0.000184689078317311,-1.77053264626487e-07,-0.000184689078317311,-3.52469685420705e-06,0.00160539572066215
17645.0669959044,-4.97422320650259e-06,2.10129670084812e-05,-1.74625075074546e-07,-0.000183416928589924,-1.74625075074546e-07,-0.000183416928589924,-3.4763126558313e-06,0.001594338861868
17767.4381543379,-4.90595988485877e-06,2.08694095056663e-05,-1.72230155956857e-07,-0.000182153543214276,-1.72230155956857e-07,-0.000182153543214276,-3.42859263023393e-06,0.00158335815349816
17890.6579749169,-4.83863310525967e-06,2.07268168031142e-05,-1.69868052252419e-07,-0.000180898861774239,-1.69868052252419e-07,-0.000180898861774239,-3.38152766045308e-06,0.00157245307112476
18014.7323432395,-4.77223002595935e-06,2.05851827467328e-05,-1.67538315140311e-07,-0.000179652824270875,-1.67538315140311e-07,-0.000179652824270875,-3.33510875466865e-06,0.0015616230939308
18139.667185721,-4.70673798110034e-06,2.04445012147536e-05,-1.65240501915848e-07,-0.000178415371119537,-1.65240501915848e-07,-0.000178415371119537,-3.28932704448481e-06,0.0015508677046854
18265.4684698776,-4.64214447830979e-06,2.03047661177143e-05,-1.62974175907834e-07,-0.000177186443146998,-1.62974175907834e-07,-0.000177186443146998,-3.24417378323584e-06,0.00154018638971906
18392.1422046107,-4.57843719632857e-06,2.01659713984395e-05,-1.60738906396934e-07,-0.000175965981588594,-1.60738906396934e-07,-0.000175965981588594,-3.19964034431548e-06,0.00152957863889917
18519.6944404947,-4.51560398267238e-06,2.00281110320146e-05,-1.58534268535125e-07,-0.000174753928085388,-1.58534268535125e-07,-0.000174753928085388,-3.15571821952899e-06,0.00151904394560566
18648.1312700654,-4.45363285132493e-06,1.9891179025759e-05,-1.56359843266227e-07,-0.000173550224681361,-1.56359843266227e-07,-0.000173550224681361,-3.11239901746798e-06,0.00150858180670685
18777.4588281112,-4.39251198046229e-06,1.97551694191923e-05,-1.54215217247486e-07,-0.000172354813820608,-1.54215217247486e-07,-0.000172354813820608,-3.0696744619074e-06,0.00149819172253543
18907.6832919665,-4.33222971020841e-06,1.96200762839995e-05,-1.52099982772215e-07,-0.000171167638344572,-1.52099982772214e-07,-0.000171167638344572,-3.02753639022466e-06,0.00148787319686459
19038.810881806,-4.27277454042111e-06,1.94858937239912e-05,-1.50013737693457e-07,-0.000169988641489281,-1.50013737693457e-07,-0.000169988641489281,-2.98597675184041e-06,0.00147762573688441
19170.8478609426,-4.21413512850814e-06,1.93526158750605e-05,-1.47956085348677e-07,-0.000168817766882616,-1.47956085348678e-07,-0.000168817766882616,-2.94498760668061e-06,0.00146744885317825
19303.8005361258,-4.15630028727318e-06,1.92202369051371e-05,-1.45926634485453e-07,-0.000167654958541592,-1.45926634485453e-07,-0.000167654958541592,-2.90456112365993e-06,0.0014573420596995
19437.6752578439,-4.09925898279089e-06,1.90887510141374e-05,-1.4392499918816e-07,-0.000166500160869659,-1.4392499918816e-07,-0.000166500160869659,-2.86468957918565e-06,0.0014473048737483
19572.4784206263,-4.04300033231125e-06,1.89581524339122e-05,-1.41950798805647e-07,-0.000165353318654026,-1.41950798805647e-07,-0.000165353318654026,-2.82536535568245e-06,0.00143733681594855
19708.2164633496,-3.98751360219208e-06,1.88284354281906e-05,-1.40003657879862e-07,-0.000164214377062997,-1.40003657879862e-07,-0.000164214377062997,-2.78658094013713e-06,0.00142743741022503
19844.8958695448,-3.93278820586007e-06,1.86995942925218e-05,-1.38083206075452e-07,-0.000163083281643333,-1.38083206075452e-07,-0.000163083281643333,-2.74832892266353e-06,0.00141760618378068
19982.5231677076,-3.87881370179923e-06,1.85716233542126e-05,-1.36189078110285e-07,-0.000161959978317624,-1.36189078110285e-07,-0.000161959978317624,-2.71060199508696e-06,0.00140784266707401
20121.1049316092,-3.82557979156716e-06,1.8444516972264e-05,-1.34320913686926e-07,-0.000160844413381689,-1.34320913686926e-07,-0.000160844413381689,-2.67339294954825e-06,0.00139814639379675
20260.6477806113,-3.77307631783792e-06,1.83182695373033e-05,-1.32478357425007e-07,-0.000159736533501989,-1.32478357425007e-07,-0.000159736533501989,-2.63669467712676e-06,0.00138851690085153
20401.1583799816,-3.72129326247197e-06,1.81928754715149e-05,-1.30661058794523e-07,-0.000158636285713055,-1.30661058794523e-07,-0.000158636285713055,-2.60050016648247e-06,0.00137895372832985
20542.6434412127,-3.67022074461209e-06,1.80683292285675e-05,-1.28868672050009e-07,-0.00015754361741494,-1.28868672050009e-07,-0.00015754361741494,-2.56480250251654e-06,0.00136945641949006
20685.1097223421,-3.61984901880551e-06,1.79446252935395e-05,-1.27100856165609e-07,-0.00015645847637069,-1.27100856165609e-07,-0.00015645847637069,-2.52959486505041e-06,0.00136002452073562
20828.5640282755,-3.57016847315142e-06,1.78217581828421e-05,-1.25357274771007e-07,-0.000155380810703822,-1.25357274771007e-07,-0.000155380810703822,-2.49487052752287e-06,0.00135065758159341
20973.0132111114,-3.52116962747396e-06,1.76997224441394e-05,-1.23637596088228e-07,-0.000154310568895834,-1.23637596088228e-07,-0.000154310568895834,-2.46062285570517e-06,0.00134135515469226
21118.464170469,-3.47284313151989e-06,1.75785126562667e-05,-1.21941492869278e-07,-0.00015324769978372,-1.21941492869278e-07,-0.00015324769978372,-2.42684530643363e-06,0.0013321167957416
21264.923853817,-3.42517976318105e-06,1.74581234291471e-05,-1.20268642334629e-07,-0.000152192152557513,-1.20268642334629e-07,-0.000152192152557513,-2.39353142635974e-06,0.00132294206351024
21412.3992568061,-3.37817042674089e-06,1.73385494037046e-05,-1.18618726112521e-07,-0.000151143876757835,-1.18618726112521e-07,-0.000151143876757835,-2.36067485071733e-06,0.00131383051980529
21560.8974236026,-3.33180615114507e-06,1.72197852517769e-05,-1.16991430179094e-07,-0.000150102822273472,-1.16991430179094e-07,-0.000150102822273472,-2.32826930210676e-06,0.00130478172945131
21710.4254472254,-3.28607808829546e-06,1.7101825676025e-05,-1.15386444799307e-07,-0.000149068939338962,-1.15386444799307e-07,-0.000149068939338962,-2.29630858929568e-06,0.00129579526026948
21860.9904698845,-3.24097751136765e-06,1.69846654098413e-05,-1.13803464468668e-07,-0.000148042178532204,-1.13803464468668e-07,-0.000148042178532204,-2.26478660603637e-06,0.001286870683057
22012.599683322,-3.19649581315114e-06,1.68682992172559e-05,-1.12242187855734e-07,-0.000147022490772075,-1.12242187855734e-07,-0.000147022490772075,-2.23369732989918e-06,0.00127800757156661
22165.260329156,-3.15262450441249e-06,1.67527218928412e-05,-1.10702317745393e-07,-0.000146009827316075,-1.10702317745393e-07,-0.000146009827316075,-2.20303482112214e-06,0.00126920550248622
22318.9796992262,-3.10935521228044e-06,1.66379282616144e-05,-1.0918356098291e-07,-0.00014500413975798,-1.09183560982909e-07,-0.00014500413975798,-2.17279322147617e-06,0.00126046405541873
22473.7651359423,-3.06667967865347e-06,1.65239131789392e-05,-1.07685628418715e-07,-0.000144005380025515,-1.07685628418715e-07,-0.000144005380025515,-2.14296675314605e-06,0.00125178281286196
22629.6240326348,-3.02458975862868e-06,1.64106715304245e-05,-1.06208234853949e-07,-0.000143013500378042,-1.06208234853949e-07,-0.000143013500378042,-2.1135497176266e-06,0.0012431613601887
22786.5638339077,-2.98307741895248e-06,1.62981982318232e-05,-1.04751098986736e-07,-0.000142028453404266,-1.04751098986736e-07,-0.000142028453404266,-2.08453649463412e-06,0.00123459928562696
22944.592035995,-2.94213473649216e-06,1.61864882289286e-05,-1.03313943359175e-07,-0.000141050192019954,-1.03313943359175e-07,-0.000141050192019954,-2.05592154103268e-06,0.00122609618024027
23103.7161871177,-2.90175389672848e-06,1.6075536497469e-05,-1.01896494305055e-07,-0.000140078669465674,-1.01896494305055e-07,-0.000140078669465674,-2.02769938977522e-06,0.0012176516379082
23263.9438878451,-2.86192719226875e-06,1.59653380430021e-05,-1.00498481898267e-07,-0.000139113839304543,-1.00498481898267e-07,-0.000139113839304543,-1.99986464885912e-06,0.00120926525530695
23425.2827914574,-2.8226470213803e-06,1.5855887900807e-05,-9.91196399019186e-08,-0.000138155655420003,-9.91196399019186e-08,-0.000138155655420003,-1.97241200029617e-06,0.0012009366318901
23587.7406043117,-2.78390588654381e-06,1.57471811357756e-05,-9.77597057181276e-08,-0.000137204072013595,-9.77597057181275e-08,-0.000137204072013595,-1.94533619909662e-06,0.00119266536986952
23751.3250862094,-2.74569639302667e-06,1.56392128423026e-05,-9.64184203384989e-08,-0.000136259043602767,-9.64184203384989e-08,-0.000136259043602767,-1.91863207226722e-06,0.00118445107419632
23916.0440507678,-2.70801124747546e-06,1.55319781441739e-05,-9.50955282952638e-08,-0.000135320525018683,-9.50955282952637e-08,-0.000135320525018683,-1.89229451782293e-06,0.00117629335254206
24081.9053657923,-2.670843256528e-06,1.5425472194455e-05,-9.37907776130849e-08,-0.000134388471404056,-9.37907776130849e-08,-0.000134388471404056,-1.86631850381233e-06,0.00116819181528
24248.9169536531,-2.63418532544412e-06,1.53196901753768e-05,-9.25039197615062e-08,-0.000133462838210989,-9.25039197615063e-08,-0.000133462838210989,-1.84069906735628e-06,0.00116014607546646
24417.0867916629,-2.59803045675526e-06,1.52146272982217e-05,-9.12347096080493e-08,-0.000132543581198841,-9.12347096080493e-08,-0.000132543581198841,-1.81543131369983e-06,0.00115215574882242
24586.4229124585,-2.56237174893237e-06,1.5110278803208e-05,-8.99829053719387e-08,-0.000131630656432095,-8.99829053719387e-08,-0.000131630656432095,-1.79051041527715e-06,0.0011442204537151
24756.933404384,-2.52720239507228e-06,1.50066399593735e-05,-8.87482685784573e-08,-0.000130724020278254,-8.87482685784574e-08,-0.000130724020278254,-1.76593161078925e-06,0.00113633981113983
24928.6264118777,-2.49251568160163e-06,1.49037060644586e-05,-8.7530564013914e-08,-0.000129823629405743,-8.75305640139141e-08,-0.000129823629405743,-1.74169020429444e-06,0.00112851344470186
25101.5101358603,-2.45830498699892e-06,1.48014724447878e-05,-8.63295596812228e-08,-0.000128929440781825,-8.63295596812228e-08,-0.000128929440781825,-1.71778156431116e-06,0.00112074098059848
25275.5928341276,-2.42456378053365e-06,1.46999344551507e-05,-8.51450267560797e-08,-0.00012804141167054,-8.51450267560798e-08,-0.00012804141167054,-1.69420112293321e-06,0.00111302204760112
25450.882821744,-2.39128562102297e-06,1.45990874786829e-05,-8.39767395437369e-08,-0.00012715949963065,-8.3976739543737e-08,-0.00012715949963065,-1.67094437495713e-06,0.00110535627703764
25627.3884714405,-2.35846415560514e-06,1.44989269267449e-05,-8.28244754363542e-08,-0.000126283662513601,-8.28244754363541e-08,-0.000126283662513601,-1.64800687702147e-06,0.00109774330277474
25805.1182140139,-2.32609311852988e-06,1.43994482388015e-05,-8.16880148709347e-08,-0.0001254138584615,-8.16880148709347e-08,-0.0001254138584615,-1.62538424675799e-06,0.00109018276120048
25984.08053873,-2.2941663299651e-06,1.43006468822994e-05,-8.0567141287824e-08,-0.000124550045905106,-8.0567141287824e-08,-0.000124550045905106,-1.60307216195436e-06,0.00108267429120692
26164.2839937291,-2.26267769482013e-06,1.42025183525453e-05,-7.9461641089774e-08,-0.000123692183561835,-7.94616410897741e-08,-0.000123692183561835,-1.58106635972855e-06,0.00107521753417286
26345.7371864336,-2.23162120158487e-06,1.41050581725827e-05,-7.83713036015611e-08,-0.000122840230433777,-7.83713036015611e-08,-0.000122840230433777,-1.55936263571438e-06,0.00106781213394677
26528.4487839603,-2.20099092118486e-06,1.40082618930681e-05,-7.72959210301467e-08,-0.000121994145805728,-7.72959210301467e-08,-0.000121994145805728,-1.53795684325828e-06,0.00106045773682972
26712.4275135331,-2.17078100585209e-06,1.39121250921471e-05,-7.62352884253836e-08,-0.000121153889243239,-7.62352884253836e-08,-0.000121153889243239,-1.51684489262721e-06,0.00105315399155857
26897.6821629011,-2.14098568801105e-06,1.38166433753298e-05,-7.51892036412481e-08,-0.000120319420590672,-7.51892036412481e-08,-0.000120319420590672,-1.49602275022724e-06,0.00104590054928911
27084.2215807571,-2.11159927918026e-06,1.37218123753654e-05,-7.41574672976031e-08,-0.000119490699969275,-7.41574672976031e-08,-0.000119490699969275,-1.47548643783304e-06,0.00103869706357951
27272.0546771616,-2.08261616888855e-06,1.36276277521169e-05,-7.3139882742473e-08,-0.000118667687775268,-7.3139882742473e-08,-0.000118667687775268,-1.4552320318278e-06,0.00103154319037369
27461.1904239671,-2.05403082360641e-06,1.35340851924353e-05,-7.21362560148362e-08,-0.000117850344677941,-7.21362560148362e-08,-0.000117850344677941,-1.43525566245374e-06,0.00102443858798494
27651.6378552475,-2.02583778569177e-06,1.34411804100329e-05,-7.11463958079159e-08,-0.000117038631617773,-7.1146395807916e-08,-0.000117038631617773,-1.41555351307273e-06,0.0010173829170796
27843.4060677294,-1.99803167235027e-06,1.33489091453569e-05,-7.01701134329739e-08,-0.000116232509804549,-7.0170113432974e-08,-0.000116232509804549,-1.39612181943721e-06,0.00101037584066086
28036.5042212264,-1.97060717460976e-06,1.32572671654623e-05,-6.92072227835893e-08,-0.000115431940715506,-6.92072227835893e-08,-0.000115431940715506,-1.37695686897099e-06,0.00100341702405265
28230.9415390768,-1.94355905630879e-06,1.31662502638848e-05,-6.82575403004281e-08,-0.000114636886093485,-6.82575403004281e-08,-0.000114636886093485,-1.35805500006008e-06,0.000996506134883719
28426.7273085842,-1.91688215309894e-06,1.30758542605128e-05,-6.73208849364845e-08,-0.00011384730794509,-6.73208849364846e-08,-0.00011384730794509,-1.33941260135306e-06,0.000989642843071683
28623.8708814609,-1.89057137146082e-06,1.29860750014601e-05,-6.63970781227989e-08,-0.000113063168538873,-6.63970781227988e-08,-0.000113063168538873,-1.32102611107121e-06,0.000982826820807336
28822.3816742749,-1.8646216877335e-06,1.28969083589375e-05,-6.54859437346354e-08,-0.00011228443040352,-6.54859437346354e-08,-0.00011228443040352,-1.30289201632805e-06,0.000976057742538962
29022.2691688993,-1.83902814715725e-06,1.28083502311249e-05,-6.4587308058125e-08,-0.000111511056326055,-6.4587308058125e-08,-0.000111511056326055,-1.28500685245818e-06,0.000969335284956811
29223.5429129655,-1.81378586292932e-06,1.27203965420426e-05,-6.37009997573543e-08,-0.000110743009350054,-6.37009997573543e-08,-0.000110743009350054,-1.26736720235541e-06,0.000962659126977643
29426.2125203191,-1.7888900152727e-06,1.26330432414229e-05,-6.28268498419069e-08,-0.000109980252773877,-6.2826849841907e-08,-0.000109980252773877,-1.24996969581995e-06,0.000956028949729422
29630.2876714792,-1.76433585051756e-06,1.25462863045814e-05,-6.19646916348406e-08,-0.000109222750148903,-6.19646916348406e-08,-0.000109222750148903,-1.23281100891449e-06,0.000949444436536069
29835.7781141006,-1.74011868019533e-06,1.24601217322883e-05,-6.11143607411044e-08,-0.000108470465277786,-6.11143607411044e-08,-0.000108470465277786,-1.21588786332924e-06,0.000942905272902358
30042.6936634399,-1.71623388014508e-06,1.23745455506394e-05,-6.02756950163783e-08,-0.000107723362212718,-6.02756950163782e-08,-0.000107723362212718,-1.19919702575556e-06,0.000936411146498889
30251.0442028234,-1.69267688963224e-06,1.22895538109272e-05,-5.94485345363426e-08,-0.000106981405253706,-5.94485345363427e-08,-0.000106981405253706,-1.18273530726831e-06,0.000929961747147186
30460.8396841202,-1.66944321047924e-06,1.22051425895119e-05,-5.86327215663592e-08,-0.000106244558946859,-5.86327215663592e-08,-0.000106244558946859,-1.16649956271657e-06,0.000923556766804879
30672.0901282168,-1.6465284062082e-06,1.21213079876928e-05,-5.7828100531569e-08,-0.000105512788082691,-5.7828100531569e-08,-0.000105512788082691,-1.15048669012281e-06,0.000917195899551
30884.8056254963,-1.6239281011952e-06,1.20380461315786e-05,-5.70345179873923e-08,-0.000104786057694431,-5.70345179873923e-08,-0.000104786057694431,-1.1346936300902e-06,0.000910878841571373
31098.9963363199,-1.6016379798363e-06,1.19553531719588e-05,-5.62518225904327e-08,-0.000104064333056349,-5.62518225904328e-08,-0.000104064333056349,-1.11911736521821e-06,0.000904605291144115
31314.6724915125,-1.57965378572474e-06,1.18732252841748e-05,-5.54798650697742e-08,-0.000103347579682089,-5.54798650697742e-08,-0.000103347579682089,-1.10375491952607e-06,0.000898374948625219
31531.8443928511,-1.55797132083967e-06,1.1791658667991e-05,-5.47184981986704e-08,-0.00010263576332302,-5.47184981986704e-08,-0.00010263576332302,-1.08860335788425e-06,0.000892187516434258
31750.5224135575,-1.53658644474572e-06,1.17106495474654e-05,-5.39675767666168e-08,-0.000101928849966589,-5.39675767666168e-08,-0.000101928849966589,-1.0736597854537e-06,0.000886042699040166
31970.7169987928,-1.51549507380376e-06,1.16301941708217e-05,-5.32269575518049e-08,-0.000101226805834695,-5.32269575518049e-08,-0.000101226805834695,-1.0589213471328e-06,0.000879940202947137
32192.4386661572,-1.49469318039229e-06,1.15502888103199e-05,-5.24964992939478e-08,-0.00010052959738207,-5.24964992939478e-08,-0.00010052959738207,-1.04438522701191e-06,0.000873879736680599
32415.6980061919,-1.47417679213955e-06,1.14709297621282e-05,-5.17760626674796e-08,-9.983719129467e-05,-5.17760626674796e-08,-9.983719129467e-05,-1.03004864783538e-06,0.000867861010773312
32640.5056828852,-1.4539419911662e-06,1.13921133461941e-05,-5.10655102551146e-08,-9.91495544880806e-05,-5.10655102551146e-08,-9.91495544880806e-05,-1.01590887047093e-06,0.00086188373775153
32866.8724341813,-1.43398491333827e-06,1.13138359061168e-05,-5.03647065217706e-08,-9.84666541059299e-05,-5.03647065217706e-08,-9.84666541059299e-05,-1.00196319338643e-06,0.000855947632121289
33094.8090724944,-1.41430174753034e-06,1.12360938090182e-05,-4.96735177888433e-08,-9.77884575183143e-05,-4.96735177888433e-08,-9.77884575183143e-05,-9.88208952133671e-07,0.000850052410354762
33324.3264852235,-1.39488873489895e-06,1.11588834454156e-05,-4.89918122088337e-08,-9.7114932320237e-05,-4.89918122088337e-08,-9.7114932320237e-05,-9.74643518839398e-07,0.000844197790876734
33555.4356352742,-1.37574216816576e-06,1.10822012290938e-05,-4.83194597403182e-08,-9.64460463300532e-05,-4.83194597403181e-08,-9.64460463300532e-05,-9.6126430170322e-07,0.000838383494051143
33788.1475615808,-1.35685839091067e-06,1.10060435969771e-05,-4.76563321232621e-08,-9.57817675879303e-05,-4.76563321232621e-08,-9.57817675879303e-05,-9.4806874450247e-07,0.00083260924216774
34022.4733796346,-1.33823379687453e-06,1.09304070090025e-05,-4.7002302854666e-08,-9.51220643543149e-05,-4.7002302854666e-08,-9.51220643543149e-05,-9.35054326103814e-07,0.000826874759428818
34258.4242820144,-1.31986482927146e-06,1.08552879479921e-05,-4.63572471645471e-08,-9.44669051084145e-05,-4.6357247164547e-08,-9.44669051084145e-05,-9.22218559981621e-07,0.000821179771936055
34496.0115389212,-1.30174798011056e-06,1.07806829195263e-05,-4.57210419922441e-08,-9.38162585466856e-05,-4.57210419922441e-08,-9.38162585466856e-05,-9.09558993742875e-07,0.000815524007677417
34735.2464987164,-1.28387978952691e-06,1.07065884518173e-05,-4.50935659630482e-08,-9.31700935813359e-05,-4.50935659630482e-08,-9.31700935813359e-05,-8.97073208658683e-07,0.000809907196514191
34976.1405884643,-1.26625684512168e-06,1.06330010955824e-05,-4.44746993651488e-08,-9.25283793388336e-05,-4.44746993651488e-08,-9.25283793388336e-05,-8.8475881920214e-07,0.000804329070168067
35218.7053144771,-1.24887578131142e-06,1.05599174239182e-05,-4.38643241268968e-08,-9.18910851584304e-05,-4.38643241268968e-08,-9.18910851584304e-05,-8.72613472592607e-07,0.00079878936220834
35462.9522628655,-1.23173327868607e-06,1.04873340321741e-05,-4.32623237943738e-08,-9.12581805906915e-05,-4.32623237943738e-08,-9.12581805906915e-05,-8.60634848346178e-07,0.000793287808039178
35708.8931000911,-1.21482606337595e-06,1.04152475378276e-05,-4.26685835092713e-08,-9.06296353960387e-05,-4.26685835092713e-08,-9.06296353960387e-05,-8.48820657832379e-07,0.000787824144886998
35956.5395735246,-1.19815090642725e-06,1.03436545803579e-05,-4.20829899870659e-08,-9.00054195433005e-05,-4.20829899870659e-08,-9.00054195433005e-05,-8.37168643836896e-07,0.000782398111787907
36205.9035120061,-1.1817046231862e-06,1.02725518211221e-05,-4.15054314954978e-08,-8.93855032082758e-05,-4.15054314954979e-08,-8.93855032082758e-05,-8.25676580130358e-07,0.00077700944957525
36456.9968264106,-1.16548407269162e-06,1.02019359432296e-05,-4.09357978333371e-08,-8.87698567723042e-05,-4.09357978333371e-08,-8.87698567723042e-05,-8.14342271042989e-07,0.000771657900867228
36709.831510217,-1.14948615707576e-06,1.01318036514182e-05,-4.03739803094431e-08,-8.81584508208481e-05,-4.03739803094431e-08,-8.81584508208481e-05,-8.03163551045133e-07,0.000766343210054607
36964.4196400802,-1.13370782097345e-06,1.00621516719301e-05,-3.98198717221082e-08,-8.75512561420852e-05,-3.98198717221082e-08,-8.75512561420852e-05,-7.92138284333535e-07,0.000761065123288521
37220.7733764093,-1.11814605093924e-06,9.99297675238778e-06,-3.92733663386819e-08,-8.69482437255078e-05,-3.92733663386819e-08,-8.69482437255078e-05,-7.81264364423271e-07,0.000755823388468338
37478.9049639467,-1.10279787487255e-06,9.92427566167142e-06,-3.87343598754748e-08,-8.63493847605358e-05,-3.87343598754748e-08,-8.63493847605358e-05,-7.70539713745322e-07,0.000750617755229632
37738.8267323548,-1.08766036145072e-06,9.8560451897953e-06,-3.82027494779344e-08,-8.57546506351357e-05,-3.82027494779344e-08,-8.57546506351357e-05,-7.5996228324963e-07,0.000745447974932217
38000.5510968034,-1.07273061956984e-06,9.78828214778554e-06,-3.76784337010937e-08,-8.51640129344517e-05,-3.76784337010937e-08,-8.51640129344517e-05,-7.49530052013642e-07,0.000740313800648288
38264.0905585636,-1.05800579779315e-06,9.72098336755772e-06,-3.71613124902832e-08,-8.45774434394446e-05,-3.71613124902832e-08,-8.45774434394446e-05,-7.39241026856188e-07,0.000735214987150611
38529.4577056047,-1.04348308380713e-06,9.65414570179518e-06,-3.66512871621093e-08,-8.39949141255415e-05,-3.66512871621093e-08,-8.39949141255415e-05,-7.29093241956699e-07,0.000730151290900833
38796.6652131954,-1.02915970388492e-06,9.58776602382741e-06,-3.61482603856893e-08,-8.34163971612934e-05,-3.61482603856893e-08,-8.34163971612934e-05,-7.19084758479612e-07,0.000725122470037831
39065.7258445091,-1.01503292235716e-06,9.52184122750915e-06,-3.56521361641448e-08,-8.28418649070439e-05,-3.56521361641448e-08,-8.28418649070439e-05,-7.09213664203969e-07,0.000720128284366183
39336.6524512341,-1.00110004109006e-06,9.45636822709958e-06,-3.51628198163451e-08,-8.22712899136046e-05,-3.51628198163451e-08,-8.22712899136046e-05,-6.99478073158065e-07,0.000715168495344681
39609.4579741865,-9.87358398970654e-07,9.3913439571422e-06,-3.4680217958902e-08,-8.17046449209429e-05,-3.4680217958902e-08,-8.17046449209429e-05,-6.89876125259142e-07,0.000710242866074951
39884.1554439296,-9.73805371399021e-07,9.32676537234489e-06,-3.42042384884083e-08,-8.11419028568753e-05,-3.42042384884083e-08,-8.11419028568753e-05,-6.80405985958e-07,0.00070535116129013
40160.7579813948,-9.60438369787566e-07,9.26262944746055e-06,-3.37347905639202e-08,-8.05830368357735e-05,-3.37347905639203e-08,-8.05830368357735e-05,-6.71065845888515e-07,0.000700493147343646
40439.2787985098,-9.47254841067084e-07,9.19893317716806e-06,-3.32717845896775e-08,-8.00280201572754e-05,-3.32717845896775e-08,-8.00280201572754e-05,-6.61853920521939e-07,0.000695668592198041
40719.7311988284,-9.34252267199653e-07,9.13567357595377e-06,-3.28151321980605e-08,-7.94768263050093e-05,-3.28151321980605e-08,-7.94768263050093e-05,-6.52768449825975e-07,0.000690877265413909
41002.1285781671,-9.21428164698137e-07,9.07284767799325e-06,-3.2364746232779e-08,-7.89294289453228e-05,-3.2364746232779e-08,-7.89294289453228e-05,-6.43807697928498e-07,0.000686118938138875
41286.4844252437,-9.08780084152348e-07,9.01045253703375e-06,-3.19205407322912e-08,-7.8385801926024e-05,-3.19205407322913e-08,-7.8385801926024e-05,-6.34969952785931e-07,0.000681393383096681
41572.812322323,-8.96305609761622e-07,8.94848522627677e-06,-3.14824309134481e-08,-7.78459192751288e-05,-3.14824309134481e-08,-7.78459192751288e-05,-6.26253525856131e-07,0.000676700374576321
41861.1259458642,-8.84002358873876e-07,8.88694283826143e-06,-3.10503331553624e-08,-7.73097551996188e-05,-3.10503331553624e-08,-7.73097551996188e-05,-6.17656751775806e-07,0.000672039688421269
42151.4390671752,-8.71867981530917e-07,8.82582248474796e-06,-3.06241649834963e-08,-7.67772840842059e-05,-3.06241649834962e-08,-7.67772840842059e-05,-6.09177988042324e-07,0.000667411102018769
42443.7655530697,-8.59900160020035e-07,8.76512129660192e-06,-3.02038450539679e-08,-7.62484804901077e-05,-3.02038450539679e-08,-7.62484804901077e-05,-6.00815614699921e-07,0.000662814394289212
42738.1193665299,-8.48096608431696e-07,8.70483642367868e-06,-2.97892931380705e-08,-7.5723319153829e-05,-2.97892931380705e-08,-7.5723319153829e-05,-5.92568034030184e-07,0.000658249345675567
43034.5145673733,-8.36455072223346e-07,8.64496503470851e-06,-2.93804301070048e-08,-7.52017749859537e-05,-2.93804301070048e-08,-7.52017749859537e-05,-5.84433670246821e-07,0.000653715738132909
43332.9653129246,-8.24973327789131e-07,8.585504317182e-06,-2.89771779168177e-08,-7.46838230699437e-05,-2.89771779168177e-08,-7.46838230699437e-05,-5.76410969194576e-07,0.000649213355117994
43633.4858586911,-8.13649182035588e-07,8.5264514772361e-06,-2.85794595935491e-08,-7.41694386609469e-05,-2.8579459593549e-08,-7.41694386609469e-05,-5.68498398052325e-07,0.000644741981578927
43936.0905590448,-8.02480471963076e-07,8.46780373954049e-06,-2.81871992185793e-08,-7.3658597184613e-05,-2.81871992185793e-08,-7.3658597184613e-05,-5.60694445040199e-07,0.000640301403944883
44240.7938679069,-7.91465064253015e-07,8.40955834718459e-06,-2.78003219141785e-08,-7.31512742359179e-05,-2.78003219141784e-08,-7.31512742359179e-05,-5.52997619130775e-07,0.00063589141011592
44547.6103394389,-7.80600854860718e-07,8.35171256156482e-06,-2.7418753829252e-08,-7.26474455779955e-05,-2.7418753829252e-08,-7.26474455779955e-05,-5.45406449764184e-07,0.000631511789452836
44856.5546287376,-7.69885768613864e-07,8.29426366227261e-06,-2.70424221252816e-08,-7.2147087140979e-05,-2.70424221252817e-08,-7.2147087140979e-05,-5.37919486567176e-07,0.000627162332767122
45167.641492535,-7.59317758816416e-07,8.23720894698267e-06,-2.66712549624579e-08,-7.16501750208479e-05,-2.66712549624579e-08,-7.16501750208479e-05,-5.30535299075997e-07,0.000622842832310962
45480.8857899031,-7.48894806858025e-07,8.18054573134193e-06,-2.6305181486003e-08,-7.11566854782859e-05,-2.63051814860031e-08,-7.11566854782859e-05,-5.23252476463112e-07,0.000618553081767318
45796.3024829641,-7.38614921828739e-07,8.12427134885877e-06,-2.59441318126791e-08,-7.06665949375436e-05,-2.59441318126791e-08,-7.06665949375436e-05,-5.1606962726764e-07,0.000614292876240074
46113.9066376045,-7.28476140139036e-07,8.06838315079299e-06,-2.55880370174828e-08,-7.01798799853121e-05,-2.55880370174828e-08,-7.01798799853121e-05,-5.08985379129524e-07,0.000610062012244255
46433.713424195,-7.1847652514502e-07,8.01287850604601e-06,-2.52368291205195e-08,-6.96965173696013e-05,-2.52368291205195e-08,-6.96965173696013e-05,-5.01998378527319e-07,0.0006058602876963
46755.7381183149,-7.08614166778813e-07,7.95775480105184e-06,-2.4890441074059e-08,-6.92164839986293e-05,-2.4890441074059e-08,-6.92164839986293e-05,-4.95107290519609e-07,0.000601687501904425
47079.9961014825,-6.98887181183944e-07,7.90300943966823e-06,-2.45488067497666e-08,-6.87397569397159e-05,-2.45488067497666e-08,-6.87397569397159e-05,-4.88310798489944e-07,0.000597543455559021
47406.5028618884,-6.89293710355812e-07,7.84863984306869e-06,-2.42118609261097e-08,-6.82663134181873e-05,-2.42118609261097e-08,-6.82663134181873e-05,-4.81607603895307e-07,0.000593427950723155
47735.2739951367,-6.79831921787002e-07,7.79464344963466e-06,-2.38795392759351e-08,-6.77961308162849e-05,-2.38795392759351e-08,-6.77961308162849e-05,-4.74996426018006e-07,0.0005893407908231
48066.3252049891,-6.70500008117538e-07,7.74101771484848e-06,-2.35517783542187e-08,-6.73291866720851e-05,-2.35517783542187e-08,-6.73291866720851e-05,-4.68476001720999e-07,0.000585281780638959
48399.6723041153,-6.6129618678986e-07,7.68776011118659e-06,-2.32285155859797e-08,-6.68654586784233e-05,-2.32285155859797e-08,-6.68654586784233e-05,-4.6204508520655e-07,0.000581250726295333
48735.331214848,-6.52218699708597e-07,7.63486812801352e-06,-2.29096892543621e-08,-6.64049246818283e-05,-2.29096892543621e-08,-6.64049246818283e-05,-4.55702447778223e-07,0.00057724743525207
49073.317969944,-6.43265812904943e-07,7.58233927147611e-06,-2.25952384888782e-08,-6.5947562681461e-05,-2.25952384888783e-08,-6.5947562681461e-05,-4.49446877606124e-07,0.000573271716295063
49413.6487133493,-6.34435816205694e-07,7.53017106439848e-06,-2.22851032538134e-08,-6.54933508280638e-05,-2.22851032538134e-08,-6.54933508280638e-05,-4.43277179495381e-07,0.000569323379527123
49756.3397009709,-6.25727022906767e-07,7.47836104617732e-06,-2.19792243367887e-08,-6.5042267422914e-05,-2.19792243367887e-08,-6.5042267422914e-05,-4.37192174657782e-07,0.000565402236358905
50101.4073014524,-6.17137769451245e-07,7.42690677267786e-06,-2.16775433374809e-08,-6.45942909167873e-05,-2.16775433374809e-08,-6.45942909167873e-05,-4.31190700486577e-07,0.000561508099499908
50448.8679969571,-6.08666415111793e-07,7.37580581613016e-06,-2.13800026564954e-08,-6.41493999089258e-05,-2.13800026564954e-08,-6.41493999089258e-05,-4.25271610334337e-07,0.000557640782949523
50798.7383839539,-6.00311341677467e-07,7.32505576502612e-06,-2.10865454843932e-08,-6.37075731460156e-05,-2.10865454843932e-08,-6.37075731460156e-05,-4.19433773293894e-07,0.000553800101988156
51151.0351740109,-5.92070953144784e-07,7.27465422401683e-06,-2.07971157908657e-08,-6.32687895211696e-05,-2.07971157908657e-08,-6.32687895211696e-05,-4.1367607398226e-07,0.000549985873168401
51505.7751945938,-5.83943675413051e-07,7.2245988138105e-06,-2.05116583140594e-08,-6.28330280729181e-05,-2.05116583140594e-08,-6.28330280729181e-05,-4.07997412327534e-07,0.000546197914306281
51862.9753898685,-5.75927955983867e-07,7.17488717107099e-06,-2.02301185500459e-08,-6.24002679842068e-05,-2.02301185500459e-08,-6.24002679842068e-05,-4.02396703358729e-07,0.000542436044472553
52222.6528215118,-5.68022263664732e-07,7.12551694831665e-06,-1.99524427424354e-08,-6.19704885814005e-05,-1.99524427424354e-08,-6.19704885814005e-05,-3.96872876998468e-07,0.000538700083984053
52584.8246695256,-5.60225088276743e-07,7.0764858138199e-06,-1.96785778721337e-08,-6.15436693332951e-05,-1.96785778721337e-08,-6.15436693332951e-05,-3.91424877858552e-07,0.000534989854395132
52949.5082330576,-5.52534940366273e-07,7.02779145150714e-06,-1.94084716472377e-08,-6.1119789850135e-05,-1.94084716472377e-08,-6.1119789850135e-05,-3.86051665038309e-07,0.000531305178489117
53316.7209312277,-5.4495035092063e-07,6.97943156085934e-06,-1.91420724930703e-08,-6.06988298826389e-05,-1.91420724930703e-08,-6.06988298826389e-05,-3.80752211925733e-07,0.000527645880269862
53686.4803039601,-5.37469871087589e-07,6.93140385681294e-06,-1.88793295423509e-08,-6.02807693210305e-05,-1.88793295423509e-08,-6.02807693210305e-05,-3.7552550600133e-07,0.00052401178495333
54058.8040128205,-5.30092071898796e-07,6.88370606966152e-06,-1.86201926255013e-08,-5.98655881940778e-05,-1.86201926255013e-08,-5.98655881940778e-05,-3.70370548644684e-07,0.000520402718959255
54433.709841861,-5.22815543996937e-07,6.8363359449577e-06,-1.83646122610827e-08,-5.9453266668137e-05,-1.83646122610827e-08,-5.9453266668137e-05,-3.65286354943646e-07,0.000516818509902846
54811.215698468,-5.15638897366681e-07,6.78929124341587e-06,-1.81125396463657e-08,-5.90437850462051e-05,-1.81125396463657e-08,-5.90437850462051e-05,-3.60271953506177e-07,0.000513258986586558
55191.3396142186,-5.08560761069278e-07,6.74256974081508e-06,-1.7863926648027e-08,-5.86371237669773e-05,-1.7863926648027e-08,-5.86371237669773e-05,-3.55326386274738e-07,0.000509723978991912
55574.0997457415,-5.0157978298083e-07,6.69616922790281e-06,-1.76187257929752e-08,-5.8233263403912e-05,-1.76187257929752e-08,-5.8233263403912e-05,-3.50448708343262e-07,0.00050621331827138
55959.5143755845,-4.94694629534121e-07,6.65008751029893e-06,-1.73768902593014e-08,-5.78321846643016e-05,-1.73768902593014e-08,-5.78321846643016e-05,-3.45637987776611e-07,0.000502726836740313
56347.6019130871,-4.87903985464016e-07,6.60432240840042e-06,-1.71383738673535e-08,-5.74338683883504e-05,-1.71383738673535e-08,-5.74338683883504e-05,-3.40893305432532e-07,0.000499264367868944
56738.380895261,-4.81206553556326e-07,6.55887175728639e-06,-1.69031310709332e-08,-5.7038295548258e-05,-1.69031310709332e-08,-5.7038295548258e-05,-3.36213754786035e-07,0.000495825746274421
57131.8699876742,-4.7460105440014e-07,6.51373340662385e-06,-1.6671116948613e-08,-5.66454472473098e-05,-1.6671116948613e-08,-5.66454472473098e-05,-3.3159844175621e-07,0.000492410807712922
57528.0879853436,-4.6808622614353e-07,6.46890522057372e-06,-1.64422871951722e-08,-5.62553047189731e-05,-1.64422871951722e-08,-5.62553047189731e-05,-3.27046484535391e-07,0.000489019389071798
57927.053813632,-4.61660824252637e-07,6.42438507769764e-06,-1.62165981131503e-08,-5.58678493260007e-05,-1.62165981131503e-08,-5.58678493260007e-05,-3.2255701342069e-07,0.000485651328361794
58328.7865291527,-4.55323621274023e-07,6.380170870865e-06,-1.59940066045155e-08,-5.54830625595383e-05,-1.59940066045156e-08,-5.54830625595383e-05,-3.18129170647829e-07,0.000482306464709304
58733.3053206791,-4.49073406600324e-07,6.33626050716074e-06,-1.57744701624484e-08,-5.51009260382412e-05,-1.57744701624484e-08,-5.51009260382412e-05,-3.13762110227257e-07,0.000478984638348694
59140.6295100621,-4.42908986239078e-07,6.29265190779342e-06,-1.55579468632361e-08,-5.4721421507394e-05,-1.55579468632361e-08,-5.4721421507394e-05,-3.09454997782516e-07,0.000475685690614664
59550.7785531519,-4.36829182584758e-07,6.24934300800404e-06,-1.534439535828e-08,-5.4344530838039e-05,-1.534439535828e-08,-5.4344530838039e-05,-3.05207010390831e-07,0.00047240946393468
59963.7720407286,-4.30832834193902e-07,6.20633175697514e-06,-1.51337748662105e-08,-5.39702360261087e-05,-1.51337748662105e-08,-5.39702360261087e-05,-3.01017336425877e-07,0.000469155801821438
60379.6296994364,-4.24918795563353e-07,6.16361611774059e-06,-1.49260451651112e-08,-5.35985191915653e-05,-1.49260451651112e-08,-5.35985191915653e-05,-2.9688517540272e-07,0.000465924548865402
60798.3713927276,-4.19085936911518e-07,6.1211940670957e-06,-1.47211665848489e-08,-5.32293625775458e-05,-1.47211665848489e-08,-5.32293625775458e-05,-2.92809737824866e-07,0.000462715550727366
61220.0171218097,-4.13333143962649e-07,6.07906359550807e-06,-1.45190999995091e-08,-5.28627485495133e-05,-1.45190999995091e-08,-5.28627485495133e-05,-2.88790245033432e-07,0.000459528654131099
61644.5870266023,-4.07659317734063e-07,6.03722270702866e-06,-1.43198068199342e-08,-5.24986595944134e-05,-1.43198068199342e-08,-5.24986595944134e-05,-2.84825929058368e-07,0.000456363706856012
62072.1013866976,-4.02063374326299e-07,5.99566941920365e-06,-1.41232489863653e-08,-5.21370783198376e-05,-1.41232489863653e-08,-5.21370783198376e-05,-2.80916032471739e-07,0.000453220557729898
62502.5806223305,-3.9654424471613e-07,5.95440176298651e-06,-1.39293889611829e-08,-5.17779874531912e-05,-1.39293889611829e-08,-5.17779874531912e-05,-2.77059808243e-07,0.000450099056621699
62936.0452953524,-3.91100874552447e-07,5.91341778265089e-06,-1.3738189721749e-08,-5.14213698408683e-05,-1.3738189721749e-08,-5.14213698408683e-05,-2.73256519596282e-07,0.000446999054434352
63372.5161102152,-3.85732223954908e-07,5.87271553570365e-06,-1.35496147533455e-08,-5.10672084474307e-05,-1.35496147533456e-08,-5.10672084474307e-05,-2.69505439869613e-07,0.000443920403097654
63812.0139149584,-3.80437267315377e-07,5.83229309279875e-06,-1.33636280422106e-08,-5.07154863547949e-05,-1.33636280422106e-08,-5.07154863547949e-05,-2.65805852376093e-07,0.000440862955561196
64254.5597022062,-3.75214993102066e-07,5.79214853765127e-06,-1.31801940686692e-08,-5.0366186761422e-05,-1.31801940686692e-08,-5.0366186761422e-05,-2.62157050266955e-07,0.000437826565787341
64700.1746101695,-3.7006440366638e-07,5.75227996695229e-06,-1.29992778003594e-08,-5.00192929815153e-05,-1.29992778003594e-08,-5.00192929815153e-05,-2.58558336396526e-07,0.000434811088744248
65148.8799236562,-3.64984515052398e-07,5.71268549028393e-06,-1.28208446855494e-08,-4.96747884442226e-05,-1.28208446855494e-08,-4.96747884442226e-05,-2.5500902318902e-07,0.00043181638039894
65600.697075087,-3.59974356808981e-07,5.67336323003516e-06,-1.26448606465479e-08,-4.93326566928437e-05,-1.26448606465479e-08,-4.93326566928437e-05,-2.51508432507178e-07,0.000428842297710435
66055.6476455202,-3.55032971804443e-07,5.63431132131784e-06,-1.24712920732034e-08,-4.8992881384044e-05,-1.24712920732034e-08,-4.8992881384044e-05,-2.48055895522701e-07,0.000425888698622904
66513.7533656814,-3.50159416043779e-07,5.59552791188349e-06,-1.23001058164935e-08,-4.86554462870736e-05,-1.23001058164935e-08,-4.86554462870736e-05,-2.44650752588466e-07,0.000422955442058895
66975.0361170023,-3.45352758488384e-07,5.55701116204036e-06,-1.21312691822015e-08,-4.83203352829903e-05,-1.21312691822015e-08,-4.83203352829903e-05,-2.4129235311249e-07,0.000420042387912587
67439.5179326655,-3.40612080878265e-07,5.51875924457111e-06,-1.19647499246796e-08,-4.79875323638908e-05,-1.19647499246796e-08,-4.79875323638908e-05,-2.37980055433636e-07,0.000417149397043105
67907.2209986571,-3.35936477556672e-07,5.48077034465087e-06,-1.18005162406976e-08,-4.76570216321437e-05,-1.18005162406976e-08,-4.76570216321437e-05,-2.3471322669901e-07,0.00041427633126787
68378.167654826,-3.31325055297151e-07,5.44304265976588e-06,-1.16385367633764e-08,-4.73287872996312e-05,-1.16385367633764e-08,-4.73287872996312e-05,-2.31491242743054e-07,0.000411423053356002
68852.3803959518,-3.26776933132954e-07,5.40557439963253e-06,-1.14787805562037e-08,-4.70028136869932e-05,-1.14787805562037e-08,-4.70028136869932e-05,-2.28313487968289e-07,0.000408589427021763
69329.8818728181,-3.22291242188809e-07,5.36836378611695e-06,-1.1321217107132e-08,-4.66790852228786e-05,-1.13212171071321e-08,-4.66790852228786e-05,-2.25179355227706e-07,0.000405775316918052
69810.6948932956,-3.17867125514974e-07,5.33140905315495e-06,-1.11658163227582e-08,-4.63575864432007e-05,-1.11658163227582e-08,-4.63575864432007e-05,-2.22088245708754e-07,0.000402980588629936
70294.8424234306,-3.13503737923596e-07,5.29470844667265e-06,-1.10125485225815e-08,-4.60383019903982e-05,-1.10125485225815e-08,-4.60383019903982e-05,-2.19039568818944e-07,0.000400205108668232
70782.3475885425,-3.09200245827282e-07,5.25826022450733e-06,-1.08613844333416e-08,-4.57212166127009e-05,-1.08613844333416e-08,-4.57212166127009e-05,-2.16032742073001e-07,0.000397448744463132
71273.2336743282,-3.04955827079917e-07,5.22206265632897e-06,-1.0712295183433e-08,-4.54063151634011e-05,-1.0712295183433e-08,-4.54063151634011e-05,-2.13067190981581e-07,0.000394711364357872
71767.5241279742,-3.00769670819642e-07,5.18611402356211e-06,-1.0565252297397e-08,-4.50935826001292e-05,-1.0565252297397e-08,-4.50935826001292e-05,-2.10142348941503e-07,0.000391992837602442
72265.2425592773,-2.96640977313997e-07,5.15041261930825e-06,-1.04202276904881e-08,-4.47830039841348e-05,-1.04202276904881e-08,-4.47830039841348e-05,-2.07257657127499e-07,0.000389293034347339
72766.4127417709,-2.92568957807192e-07,5.11495674826872e-06,-1.02771936633162e-08,-4.44745644795734e-05,-1.02771936633162e-08,-4.44745644795734e-05,-2.04412564385446e-07,0.000386611825637372
73271.058613862,-2.88552834369459e-07,5.07974472666793e-06,-1.01361228965606e-08,-4.41682493527961e-05,-1.01361228965606e-08,-4.41682493527961e-05,-2.01606527127056e-07,0.000383949083405496
73779.2042799737,-2.84591839748491e-07,5.04477488217725e-06,-9.996988445758e-09,-4.38640439716465e-05,-9.99698844575801e-09,-4.38640439716465e-05,-1.98839009226028e-07,0.0003813046804667
74290.8740116972,-2.80685217222896e-07,5.01004555383913e-06,-9.85976373616043e-09,-4.35619338047605e-05,-9.85976373616043e-09,-4.35619338047605e-05,-1.96109481915603e-07,0.000378678490511929
74806.0922489501,-2.76832220457688e-07,4.97555509199191e-06,-9.72442255766519e-09,-4.32619044208727e-05,-9.72442255766519e-09,-4.32619044208728e-05,-1.93417423687554e-07,0.000376070388102055
75324.8836011454,-2.73032113361731e-07,4.94130185819485e-06,-9.59093905981287e-09,-4.29639414881257e-05,-9.59093905981287e-09,-4.29639414881257e-05,-1.9076232019253e-07,0.00037348024866188
75847.2728483651,-2.6928416994717e-07,4.90728422515386e-06,-9.45928774685493e-09,-4.2668030773386e-05,-9.45928774685493e-09,-4.2668030773386e-05,-1.88143664141798e-07,0.000370907948474194
76373.2849425456,-2.65587674190762e-07,4.87350057664746e-06,-9.32944347288817e-09,-4.23741581415628e-05,-9.32944347288818e-09,-4.23741581415628e-05,-1.85560955210312e-07,0.000368353364673857
76902.9450086679,-2.61941919897133e-07,4.83994930745336e-06,-9.20138143705649e-09,-4.20823095549337e-05,-9.20138143705649e-09,-4.20823095549337e-05,-1.83013699941126e-07,0.000365816375241938
77436.2783459591,-2.58346210563893e-07,4.80662882327537e-06,-9.07507717881778e-09,-4.17924710724726e-05,-9.07507717881778e-09,-4.17924710724726e-05,-1.80501411651111e-07,0.000363296858999884
77973.3104290997,-2.54799859248617e-07,4.77353754067086e-06,-8.95050657327634e-09,-4.15046288491842e-05,-8.95050657327635e-09,-4.15046288491842e-05,-1.78023610337972e-07,0.000360794695603734
78514.0669094413,-2.51302188437635e-07,4.74067388697856e-06,-8.82764582657866e-09,-4.12187691354418e-05,-8.82764582657866e-09,-4.12187691354418e-05,-1.75579822588533e-07,0.000358309765538366
79058.5736162311,-2.47852529916641e-07,4.7080363002469e-06,-8.70647147137281e-09,-4.09348782763309e-05,-8.70647147137281e-09,-4.09348782763309e-05,-1.73169581488298e-07,0.000355841950111798
79606.8565578463,-2.44450224643059e-07,4.6756232291627e-06,-8.58696036232966e-09,-4.06529427109956e-05,-8.58696036232965e-09,-4.06529427109956e-05,-1.70792426532227e-07,0.000353391131449507
80158.9419230357,-2.41094622620174e-07,4.64343313298044e-06,-8.46908967172581e-09,-4.03729489719917e-05,-8.46908967172581e-09,-4.03729489719917e-05,-1.68447903536767e-07,0.000350957192488811
80714.8560821713,-2.37785082772981e-07,4.61146448145173e-06,-8.35283688508683e-09,-4.0094883684642e-05,-8.35283688508683e-09,-4.0094883684642e-05,-1.66135564553064e-07,0.000348540016973269
81274.6255885071,-2.34520972825745e-07,4.57971575475552e-06,-8.23817979689044e-09,-3.9818733566398e-05,-8.23817979689043e-09,-3.9818733566398e-05,-1.63854967781387e-07,0.000346139489447135
81838.2771794484,-2.31301669181233e-07,4.54818544342845e-06,-8.12509650632823e-09,-3.95444854262043e-05,-8.12509650632823e-09,-3.95444854262043e-05,-1.61605677486707e-07,0.000343755495249836
82405.8377778279,-2.28126556801613e-07,4.51687204829587e-06,-8.01356541312601e-09,-3.92721261638693e-05,-8.01356541312601e-09,-3.92721261638693e-05,-1.59387263915458e-07,0.000341387920510504
82977.3344931927,-2.24995029090973e-07,4.48577408040311e-06,-7.90356521342089e-09,-3.90016427694379e-05,-7.9035652134209e-09,-3.90016427694379e-05,-1.57199303213416e-07,0.000339036652142528
83552.7946230977,-2.21906487779473e-07,4.45489006094729e-06,-7.79507489569539e-09,-3.87330223225708e-05,-7.7950748956954e-09,-3.87330223225708e-05,-1.55041377344728e-07,0.000336701577838163
84132.2456544116,-2.18860342809059e-07,4.42421852120952e-06,-7.68807373676675e-09,-3.84662519919264e-05,-7.68807373676674e-09,-3.84662519919264e-05,-1.52913074012034e-07,0.000334382586063157
84715.7152646274,-2.15856012220775e-07,4.39375800248751e-06,-7.58254129783182e-09,-3.82013190345481e-05,-7.58254129783182e-09,-3.82013190345481e-05,-1.50813986577696e-07,0.000332079566051429
85303.2313231867,-2.12892922043594e-07,4.36350705602862e-06,-7.4784574205656e-09,-3.79382107952549e-05,-7.4784574205656e-09,-3.79382107952549e-05,-1.48743713986108e-07,0.000329792407799776
85894.8218928089,-2.099705061848e-07,4.33346424296331e-06,-7.37580222327378e-09,-3.76769147060372e-05,-7.37580222327378e-09,-3.76769147060372e-05,-1.46701860687067e-07,0.000327521002062622
86490.5152308334,-2.07088206321848e-07,4.30362813423903e-06,-7.27455609709749e-09,-3.74174182854554e-05,-7.27455609709749e-09,-3.74174182854554e-05,-1.44688036560199e-07,0.000325265240346794
87090.3397905676,-2.04245471795732e-07,4.27399731055455e-06,-7.17469970227068e-09,-3.71597091380446e-05,-7.17469970227068e-09,-3.71597091380446e-05,-1.42701856840425e-07,0.000323025014906349
87694.3242226474,-2.01441759505797e-07,4.2445703622946e-06,-7.07621396442821e-09,-3.69037749537209e-05,-7.07621396442821e-09,-3.69037749537209e-05,-1.40742942044446e-07,0.000320800218737418
88302.4973764047,-1.98676533806009e-07,4.21534588946504e-06,-6.97908007096513e-09,-3.66496035071943e-05,-6.97908007096513e-09,-3.66496035071943e-05,-1.38810917898238e-07,0.000318590745573105
88914.8883012464,-1.95949266402639e-07,4.18632250162837e-06,-6.8832794674453e-09,-3.63971826573839e-05,-6.8832794674453e-09,-3.63971826573839e-05,-1.36905415265545e-07,0.000316396489878402
89531.5262480405,-1.93259436253356e-07,4.15749881783971e-06,-6.78879385405983e-09,-3.61465003468382e-05,-6.78879385405982e-09,-3.61465003468382e-05,-1.3502607007735e-07,0.000314217346845156
90152.440670515,-1.906065294677e-07,4.12887346658304e-06,-6.69560518213351e-09,-3.5897544601158e-05,-6.69560518213351e-09,-3.5897544601158e-05,-1.33172523262315e-07,0.000312053212387058
90777.661226663,-1.87990039208926e-07,4.10044508570809e-06,-6.60369565067976e-09,-3.56503035284255e-05,-6.60369565067976e-09,-3.56503035284255e-05,-1.31344420678181e-07,0.000309903983134675
91407.217780161,-1.8540946559719e-07,4.07221232236734e-06,-6.51304770300213e-09,-3.54047653186349e-05,-6.51304770300213e-09,-3.54047653186349e-05,-1.29541413044098e-07,0.000307769556430508
92041.1404017939,-1.82864315614072e-07,4.04417383295368e-06,-6.42364402334299e-09,-3.51609182431289e-05,-6.423644023343e-09,-3.51609182431289e-05,-1.277631558739e-07,0.000305649830324097
92679.4593708925,-1.80354103008394e-07,4.01632828303828e-06,-6.33546753357783e-09,-3.49187506540378e-05,-6.33546753357783e-09,-3.49187506540378e-05,-1.26009309410278e-07,0.000303544703567142
93322.2051767786,-1.77878348203348e-07,3.98867434730897e-06,-6.24850138995507e-09,-3.46782509837229e-05,-6.24850138995508e-09,-3.46782509837229e-05,-1.24279538559874e-07,0.000301454075608674
93969.4085202226,-1.75436578204886e-07,3.96121070950895e-06,-6.16272897988036e-09,-3.4439407744224e-05,-6.16272897988037e-09,-3.4439407744224e-05,-1.22573512829253e-07,0.000299377846590248
94621.1003149089,-1.73028326511371e-07,3.93393606237591e-06,-6.07813391874528e-09,-3.42022095267105e-05,-6.07813391874528e-09,-3.42022095267105e-05,-1.20890906261759e-07,0.000297315917341178
95277.3116889132,-1.70653133024469e-07,3.90684910758155e-06,-5.99470004679918e-09,-3.39666450009357e-05,-5.99470004679918e-09,-3.39666450009357e-05,-1.1923139737524e-07,0.000295268189373796
95938.0739861886,-1.68310543961265e-07,3.87994855567146e-06,-5.91241142606427e-09,-3.37327029146963e-05,-5.91241142606426e-09,-3.37327029146963e-05,-1.17594669100621e-07,0.00029323456487875
96603.4187680637,-1.66000111767578e-07,3.85323312600543e-06,-5.83125233729268e-09,-3.3500372093294e-05,-5.83125233729268e-09,-3.3500372093294e-05,-1.15980408721331e-07,0.000291214946720331
97273.3778147489,-1.63721395032476e-07,3.82670154669809e-06,-5.75120727696555e-09,-3.32696414390018e-05,-5.75120727696555e-09,-3.32696414390018e-05,-1.14388307813549e-07,0.000289209238431836
97947.983126856,-1.61473958403953e-07,3.80035255455995e-06,-5.67226095433298e-09,-3.30404999305337e-05,-5.67226095433298e-09,-3.30404999305337e-05,-1.12818062187278e-07,0.000287217344210959
98627.2669269249,-1.59257372505775e-07,3.77418489503885e-06,-5.59439828849487e-09,-3.28129366225184e-05,-5.59439828849486e-09,-3.28129366225184e-05,-1.11269371828229e-07,0.000285239168915213
99311.2616609643,-1.57071213855455e-07,3.74819732216171e-06,-5.5176044055215e-09,-3.25869406449757e-05,-5.5176044055215e-09,-3.25869406449757e-05,-1.09741940840495e-07,0.00028327461805739
100000,-1.54915064783365e-07,3.72238859847679e-06,-5.44186463561393e-09,-3.23625012027977e-05,-5.44186463561394e-09,-3.23625012027977e-05,-1.08235477390023e-07,0.000281323597801045
